# Fresnel Simulation Metadata
# ---------------------------
# Layer 0: Air (Espesor Infinito)
# Layer 1: AlN (hexagonal) | Input: 500.00 nm | Optimized: 513.43 nm
# Layer 2: Si (Espesor Infinito)
# 
# Wavelength(nm)	Response
2.500000000000000000e+02	4.505642617755295731e+00
2.510000000000000000e+02	-4.455451773234086588e+00
2.520000000000000000e+02	-3.214724005035574095e+00
2.530000000000000000e+02	5.659184965319454363e+00
2.540000000000000000e+02	1.686898704127658988e+01
2.550000000000000000e+02	2.691994890956884490e+01
2.560000000000000000e+02	3.451836496358745876e+01
2.570000000000000000e+02	4.011874018476406434e+01
2.580000000000000000e+02	4.406637231427220058e+01
2.590000000000000000e+02	4.658586459228900623e+01
2.600000000000000000e+02	4.799578340623023820e+01
2.610000000000000000e+02	4.852190464449271445e+01
2.620000000000000000e+02	4.827507425152708009e+01
2.630000000000000000e+02	4.721613740623700295e+01
2.640000000000000000e+02	4.516608309743012484e+01
2.650000000000000000e+02	4.189267866083255853e+01
2.660000000000000000e+02	3.716492714402664177e+01
2.670000000000000000e+02	3.079166918346187032e+01
2.680000000000000000e+02	2.279571291246467268e+01
2.690000000000000000e+02	1.368719836250197375e+01
2.700000000000000000e+02	4.901354953667798497e+00
2.710000000000000000e+02	-1.340669573204223752e+00
2.720000000000000000e+02	-2.979971836116408923e+00
2.730000000000000000e+02	5.214438723654701846e-01
2.740000000000000000e+02	7.725352465839080196e+00
2.750000000000000000e+02	1.629892549239868060e+01
2.760000000000000000e+02	2.455434573731551495e+01
2.770000000000000000e+02	3.171457595023879605e+01
2.780000000000000000e+02	3.756261082414982866e+01
2.790000000000000000e+02	4.214766586914421964e+01
2.800000000000000000e+02	4.561566013385681373e+01
2.810000000000000000e+02	4.811161062378017306e+01
2.820000000000000000e+02	4.977854974122366372e+01
2.830000000000000000e+02	5.075753973736524216e+01
2.840000000000000000e+02	5.113928486901108528e+01
2.850000000000000000e+02	5.096060134093769278e+01
2.860000000000000000e+02	5.019239459551442195e+01
2.870000000000000000e+02	4.874566759360735801e+01
2.880000000000000000e+02	4.655104990059424352e+01
2.890000000000000000e+02	4.357800384099084567e+01
2.900000000000000000e+02	3.975501050466939290e+01
2.910000000000000000e+02	3.503107281791353955e+01
2.920000000000000000e+02	2.942941383941417399e+01
2.930000000000000000e+02	2.306437833934595716e+01
2.940000000000000000e+02	1.608817772946446212e+01
2.950000000000000000e+02	8.841079476460407705e+00
2.960000000000000000e+02	1.867663304677137148e+00
2.970000000000000000e+02	-4.136381042865638236e+00
2.980000000000000000e+02	-8.440313083533803606e+00
2.990000000000000000e+02	-1.052065667214765554e+01
3.000000000000000000e+02	-1.023436197538336145e+01
3.010000000000000000e+02	-7.847208410400398293e+00
3.020000000000000000e+02	-3.893118738434536041e+00
3.030000000000000000e+02	9.973330169236120923e-01
3.040000000000000000e+02	6.264398080037242522e+00
3.050000000000000000e+02	1.149999367648734250e+01
3.060000000000000000e+02	1.645261776703437562e+01
3.070000000000000000e+02	2.098105979943392185e+01
3.080000000000000000e+02	2.501556068910388575e+01
3.090000000000000000e+02	2.852285641264680294e+01
3.100000000000000000e+02	3.149060815624015675e+01
3.110000000000000000e+02	3.393085417979865070e+01
3.120000000000000000e+02	3.587847999834014701e+01
3.130000000000000000e+02	3.737113689615576817e+01
3.140000000000000000e+02	3.843783407460399815e+01
3.150000000000000000e+02	3.911272447515734996e+01
3.160000000000000000e+02	3.942857460760325949e+01
3.170000000000000000e+02	3.940622279651486082e+01
3.180000000000000000e+02	3.906510774940143449e+01
3.190000000000000000e+02	3.842181050846932067e+01
3.200000000000000000e+02	3.748397651335383074e+01
3.210000000000000000e+02	3.625237119678266851e+01
3.220000000000000000e+02	3.472494283967316164e+01
3.230000000000000000e+02	3.289413428445536169e+01
3.240000000000000000e+02	3.075059225920040973e+01
3.250000000000000000e+02	2.828634263377107061e+01
3.260000000000000000e+02	2.549581092372992686e+01
3.270000000000000000e+02	2.238123887287994762e+01
3.280000000000000000e+02	1.895911849636043200e+01
3.290000000000000000e+02	1.526250176538007963e+01
3.300000000000000000e+02	1.134314769023396963e+01
3.310000000000000000e+02	7.277598028957584120e+00
3.320000000000000000e+02	3.172086318339665922e+00
3.330000000000000000e+02	-8.358436129181399110e-01
3.340000000000000000e+02	-4.582491099877502805e+00
3.350000000000000000e+02	-7.887606097519885395e+00
3.360000000000000000e+02	-1.056841957109610597e+01
3.370000000000000000e+02	-1.246303126646985149e+01
3.380000000000000000e+02	-1.345097847301993355e+01
3.390000000000000000e+02	-1.347058282757276793e+01
3.400000000000000000e+02	-1.253031472078054165e+01
3.410000000000000000e+02	-1.070749877007101070e+01
3.420000000000000000e+02	-8.135847635500555342e+00
3.430000000000000000e+02	-4.976480258004288615e+00
3.440000000000000000e+02	-1.402246915356652579e+00
3.450000000000000000e+02	2.418099203676653985e+00
3.460000000000000000e+02	6.334665478708565445e+00
3.470000000000000000e+02	1.022038516914039619e+01
3.480000000000000000e+02	1.398920452704159345e+01
3.490000000000000000e+02	1.758513421528002141e+01
3.500000000000000000e+02	2.096210178117054568e+01
3.510000000000000000e+02	2.407964804088587840e+01
3.520000000000000000e+02	2.693145847358582046e+01
3.530000000000000000e+02	2.951612516589881352e+01
3.540000000000000000e+02	3.182121809980802851e+01
3.550000000000000000e+02	3.384395973143395508e+01
3.560000000000000000e+02	3.559971352335687556e+01
3.570000000000000000e+02	3.710640269505279321e+01
3.580000000000000000e+02	3.835642330019688728e+01
3.590000000000000000e+02	3.935362596834025339e+01
3.600000000000000000e+02	4.010564799804050296e+01
3.610000000000000000e+02	4.061666221578453673e+01
3.620000000000000000e+02	4.089057645529209850e+01
3.630000000000000000e+02	4.092060421669257408e+01
3.640000000000000000e+02	4.071859621642227012e+01
3.650000000000000000e+02	4.024683415317165469e+01
3.660000000000000000e+02	3.952039428418266453e+01
3.670000000000000000e+02	3.851560119350212830e+01
3.680000000000000000e+02	3.724966552930165165e+01
3.690000000000000000e+02	3.569459381073264126e+01
3.700000000000000000e+02	3.385834519617631599e+01
3.710000000000000000e+02	3.173710917433815837e+01
3.720000000000000000e+02	2.933160969864079703e+01
3.730000000000000000e+02	2.667145082427524727e+01
3.740000000000000000e+02	2.379097436427770162e+01
3.750000000000000000e+02	2.072996865304758529e+01
3.760000000000000000e+02	1.750109707144885363e+01
3.770000000000000000e+02	1.413556610754498877e+01
3.780000000000000000e+02	1.069155179701399305e+01
3.790000000000000000e+02	7.218501998250655305e+00
3.800000000000000000e+02	3.788968062085626087e+00
3.810000000000000000e+02	4.626985204570495114e-01
3.820000000000000000e+02	-2.698637641553402133e+00
3.830000000000000000e+02	-5.639771193552864048e+00
3.840000000000000000e+02	-8.299320305255768915e+00
3.850000000000000000e+02	-1.060936559634583176e+01
3.860000000000000000e+02	-1.252502081955611857e+01
3.870000000000000000e+02	-1.400867065789950772e+01
3.880000000000000000e+02	-1.504324414869349980e+01
3.890000000000000000e+02	-1.561286342700800134e+01
3.900000000000000000e+02	-1.571149407181884428e+01
3.910000000000000000e+02	-1.535712219774395670e+01
3.920000000000000000e+02	-1.457670317642006630e+01
3.930000000000000000e+02	-1.340821800888323878e+01
3.940000000000000000e+02	-1.190101459627215164e+01
3.950000000000000000e+02	-1.011243745568384433e+01
3.960000000000000000e+02	-8.103452082479684293e+00
3.970000000000000000e+02	-5.934827226717098725e+00
3.980000000000000000e+02	-3.664405607105280183e+00
3.990000000000000000e+02	-1.347370382869680583e+00
4.000000000000000000e+02	9.672000718830204846e-01
4.010000000000000000e+02	3.238614252157042017e+00
4.020000000000000000e+02	5.437501592904059322e+00
4.030000000000000000e+02	7.549147523337989441e+00
4.040000000000000000e+02	9.558222818955712796e+00
4.050000000000000000e+02	1.144394893745475628e+01
4.060000000000000000e+02	1.319764854362491846e+01
4.070000000000000000e+02	1.482251450440811169e+01
4.080000000000000000e+02	1.632452161547069380e+01
4.090000000000000000e+02	1.771074738465404153e+01
4.100000000000000000e+02	1.898407304263038498e+01
4.110000000000000000e+02	2.014533566124832475e+01
4.120000000000000000e+02	2.119692537477095584e+01
4.130000000000000000e+02	2.214194073974382349e+01
4.140000000000000000e+02	2.298486319884936080e+01
4.150000000000000000e+02	2.373006314092238256e+01
4.160000000000000000e+02	2.438073262980719846e+01
4.170000000000000000e+02	2.493941144883136474e+01
4.180000000000000000e+02	2.540804942435893565e+01
4.190000000000000000e+02	2.578890328371956286e+01
4.200000000000000000e+02	2.608475872707180088e+01
4.210000000000000000e+02	2.629820990831409233e+01
4.220000000000000000e+02	2.643141094566463067e+01
4.230000000000000000e+02	2.648478898905384682e+01
4.240000000000000000e+02	2.645768154768477842e+01
4.250000000000000000e+02	2.635034519056137015e+01
4.260000000000000000e+02	2.616393282643132068e+01
4.270000000000000000e+02	2.590225075094333818e+01
4.280000000000000000e+02	2.556878797989600827e+01
4.290000000000000000e+02	2.516277783616160235e+01
4.300000000000000000e+02	2.468314184905993613e+01
4.310000000000000000e+02	2.413040862655018515e+01
4.320000000000000000e+02	2.350609286571304324e+01
4.330000000000000000e+02	2.281219410833532635e+01
4.340000000000000000e+02	2.205106734900666510e+01
4.350000000000000000e+02	2.122438532772658704e+01
4.360000000000000000e+02	2.033213168324753184e+01
4.370000000000000000e+02	1.937424738165399418e+01
4.380000000000000000e+02	1.835116381442228572e+01
4.390000000000000000e+02	1.726428597891507621e+01
4.400000000000000000e+02	1.611601480791563290e+01
4.410000000000000000e+02	1.490919199888645608e+01
4.420000000000000000e+02	1.364671038630025990e+01
4.430000000000000000e+02	1.233110627980516583e+01
4.440000000000000000e+02	1.096569984374005102e+01
4.450000000000000000e+02	9.553720517479735719e+00
4.460000000000000000e+02	8.097148782075684892e+00
4.470000000000000000e+02	6.599922330032036655e+00
4.480000000000000000e+02	5.068327596135763002e+00
4.490000000000000000e+02	3.510433821960791789e+00
4.500000000000000000e+02	1.935381058774844121e+00
4.510000000000000000e+02	3.505383694474453193e-01
4.520000000000000000e+02	-1.237225637182856275e+00
4.530000000000000000e+02	-2.818064793212432306e+00
4.540000000000000000e+02	-4.380543153127849365e+00
4.550000000000000000e+02	-5.913071355626344783e+00
4.560000000000000000e+02	-7.403738251585119556e+00
4.570000000000000000e+02	-8.840749376570641971e+00
4.580000000000000000e+02	-1.021205633260264278e+01
4.590000000000000000e+02	-1.150514452540141086e+01
4.600000000000000000e+02	-1.270798128588519837e+01
4.610000000000000000e+02	-1.380947324314747959e+01
4.620000000000000000e+02	-1.479917865514736164e+01
4.630000000000000000e+02	-1.566756705147949624e+01
4.640000000000000000e+02	-1.640638045873131290e+01
4.650000000000000000e+02	-1.700883037644497975e+01
4.660000000000000000e+02	-1.746954340128526084e+01
4.670000000000000000e+02	-1.778489915060175974e+01
4.680000000000000000e+02	-1.795380776778087650e+01
4.690000000000000000e+02	-1.797730018152913090e+01
4.700000000000000000e+02	-1.785824021655333027e+01
4.710000000000000000e+02	-1.760128254603781173e+01
4.720000000000000000e+02	-1.721269165754036479e+01
4.730000000000000000e+02	-1.670000756045993739e+01
4.740000000000000000e+02	-1.607167797275723231e+01
4.750000000000000000e+02	-1.533717442659096086e+01
4.760000000000000000e+02	-1.450767947856844664e+01
4.770000000000000000e+02	-1.359496967045944160e+01
4.780000000000000000e+02	-1.261069070613158516e+01
4.790000000000000000e+02	-1.156577218601859158e+01
4.800000000000000000e+02	-1.047073325308193148e+01
4.810000000000000000e+02	-9.335633074830850475e+00
4.820000000000000000e+02	-8.170191083285688549e+00
4.830000000000000000e+02	-6.983707026624804470e+00
4.840000000000000000e+02	-5.784649561645885285e+00
4.850000000000000000e+02	-4.580167193963346151e+00
4.860000000000000000e+02	-3.376612817335288952e+00
4.870000000000000000e+02	-2.180633877761438910e+00
4.880000000000000000e+02	-9.983713558533331422e-01
4.890000000000000000e+02	1.656065951240925926e-01
4.900000000000000000e+02	1.307417194034844243e+00
4.910000000000000000e+02	2.423357542019562771e+00
4.920000000000000000e+02	3.510985791329801486e+00
4.930000000000000000e+02	4.568462750268597716e+00
4.940000000000000000e+02	5.593670971632640487e+00
4.950000000000000000e+02	6.583841240693352859e+00
4.960000000000000000e+02	7.538225976819731500e+00
4.970000000000000000e+02	8.457027725245676919e+00
4.980000000000000000e+02	9.339026293353558827e+00
4.990000000000000000e+02	1.018233072125373084e+01
5.000000000000000000e+02	1.098782202194662716e+01
5.010000000000000000e+02	1.175677775303252659e+01
5.020000000000000000e+02	1.248819807489927669e+01
5.030000000000000000e+02	1.318090491019565036e+01
5.040000000000000000e+02	1.383465307532231137e+01
5.050000000000000000e+02	1.444965532878323700e+01
5.060000000000000000e+02	1.502656175794739823e+01
5.070000000000000000e+02	1.556664168008467897e+01
5.080000000000000000e+02	1.607207931192406392e+01
5.090000000000000000e+02	1.654371401363327720e+01
5.100000000000000000e+02	1.698094285345538168e+01
5.110000000000000000e+02	1.738337996030989530e+01
5.120000000000000000e+02	1.775100217526787816e+01
5.130000000000000000e+02	1.808438787150595317e+01
5.140000000000000000e+02	1.838424224193940404e+01
5.150000000000000000e+02	1.865081227304750655e+01
5.160000000000000000e+02	1.888448444945716886e+01
5.170000000000000000e+02	1.908654270123184915e+01
5.180000000000000000e+02	1.925779645881174673e+01
5.190000000000000000e+02	1.939740516980509710e+01
5.200000000000000000e+02	1.950532567261875982e+01
5.210000000000000000e+02	1.958301797591791882e+01
5.220000000000000000e+02	1.963121218371011878e+01
5.230000000000000000e+02	1.964953818956115583e+01
5.240000000000000000e+02	1.963819710576875366e+01
5.250000000000000000e+02	1.959794321091726488e+01
5.260000000000000000e+02	1.952932902021705530e+01
5.270000000000000000e+02	1.943275730561628478e+01
5.280000000000000000e+02	1.930839885420610358e+01
5.290000000000000000e+02	1.915623058262169565e+01
5.300000000000000000e+02	1.897570824869689687e+01
5.310000000000000000e+02	1.876654362567170153e+01
5.320000000000000000e+02	1.852961594323913630e+01
5.330000000000000000e+02	1.826617142355728163e+01
5.340000000000000000e+02	1.797783519121679063e+01
5.350000000000000000e+02	1.766551868953546744e+01
5.360000000000000000e+02	1.732904341450024077e+01
5.370000000000000000e+02	1.696804294470768326e+01
5.380000000000000000e+02	1.658207896450424101e+01
5.390000000000000000e+02	1.617130479753456740e+01
5.400000000000000000e+02	1.573627324183105003e+01
5.410000000000000000e+02	1.527736996136621173e+01
5.420000000000000000e+02	1.479480594739926858e+01
5.430000000000000000e+02	1.428914015575597318e+01
5.440000000000000000e+02	1.376087210779870063e+01
5.450000000000000000e+02	1.321055717046536060e+01
5.460000000000000000e+02	1.263881025410980641e+01
5.470000000000000000e+02	1.204565267782835747e+01
5.480000000000000000e+02	1.143191904109825430e+01
5.490000000000000000e+02	1.079938513090650432e+01
5.500000000000000000e+02	1.014869036532724067e+01
5.510000000000000000e+02	9.479219788034548344e+00
5.520000000000000000e+02	8.791120489278455352e+00
5.530000000000000000e+02	8.085613472322567219e+00
5.540000000000000000e+02	7.364109385067809654e+00
5.550000000000000000e+02	6.627626249583418172e+00
5.560000000000000000e+02	5.877066531858737619e+00
5.570000000000000000e+02	5.113291047332928940e+00
5.580000000000000000e+02	4.337815869973777438e+00
5.590000000000000000e+02	3.552287912924160906e+00
5.600000000000000000e+02	2.757495816030136382e+00
5.610000000000000000e+02	1.954347269783262675e+00
5.620000000000000000e+02	1.144404326927411120e+00
5.630000000000000000e+02	3.290099753098587598e-01
5.640000000000000000e+02	-4.908799881458492109e-01
5.650000000000000000e+02	-1.313756224743837464e+00
5.660000000000000000e+02	-2.136988175492898989e+00
5.670000000000000000e+02	-2.956184825753698675e+00
5.680000000000000000e+02	-3.771701299658701600e+00
5.690000000000000000e+02	-4.587198616130359952e+00
5.700000000000000000e+02	-5.393717533585045132e+00
5.710000000000000000e+02	-6.190816622170817851e+00
5.720000000000000000e+02	-6.977085906760274625e+00
5.730000000000000000e+02	-7.750658868422753756e+00
5.740000000000000000e+02	-8.509401798011310802e+00
5.750000000000000000e+02	-9.251310704873217716e+00
5.760000000000000000e+02	-9.974489434709456148e+00
5.770000000000000000e+02	-1.067680046790719928e+01
5.780000000000000000e+02	-1.135630786769037215e+01
5.790000000000000000e+02	-1.201099245609283628e+01
5.800000000000000000e+02	-1.263903504861547233e+01
5.810000000000000000e+02	-1.323871262999272247e+01
5.820000000000000000e+02	-1.380841365472795346e+01
5.830000000000000000e+02	-1.434657951256010477e+01
5.840000000000000000e+02	-1.485165615126822658e+01
5.850000000000000000e+02	-1.532223980913830985e+01
5.860000000000000000e+02	-1.575708667120963113e+01
5.870000000000000000e+02	-1.615501789325891835e+01
5.880000000000000000e+02	-1.651503639338742246e+01
5.890000000000000000e+02	-1.683628363012753937e+01
5.900000000000000000e+02	-1.711802090756093619e+01
5.910000000000000000e+02	-1.735973719119669667e+01
5.920000000000000000e+02	-1.756103968237393786e+01
5.930000000000000000e+02	-1.772165744941593246e+01
5.940000000000000000e+02	-1.784147857882255650e+01
5.950000000000000000e+02	-1.792056180720317826e+01
5.960000000000000000e+02	-1.795915496706310321e+01
5.970000000000000000e+02	-1.795763864420669620e+01
5.980000000000000000e+02	-1.791654016340241284e+01
5.990000000000000000e+02	-1.783652098516496309e+01
6.000000000000000000e+02	-1.771838059494477591e+01
6.010000000000000000e+02	-1.756308300003565037e+01
6.020000000000000000e+02	-1.737170561090960419e+01
6.030000000000000000e+02	-1.714538723415363819e+01
6.040000000000000000e+02	-1.688538813046068654e+01
6.050000000000000000e+02	-1.659298609983046546e+01
6.060000000000000000e+02	-1.626963020745610322e+01
6.070000000000000000e+02	-1.591682500006623258e+01
6.080000000000000000e+02	-1.553619816301501366e+01
6.090000000000000000e+02	-1.512931175082136726e+01
6.100000000000000000e+02	-1.469764630295185803e+01
6.110000000000000000e+02	-1.424291127721857819e+01
6.120000000000000000e+02	-1.376681130947320497e+01
6.130000000000000000e+02	-1.327099559935377826e+01
6.140000000000000000e+02	-1.275708269438153408e+01
6.150000000000000000e+02	-1.222657291794364554e+01
6.160000000000000000e+02	-1.168116633276541450e+01
6.170000000000000000e+02	-1.112254478427126969e+01
6.180000000000000000e+02	-1.055226177972120283e+01
6.190000000000000000e+02	-9.971915921569792118e+00
6.200000000000000000e+02	-9.382989905009560871e+00
6.210000000000000000e+02	-8.787083631113596027e+00
6.220000000000000000e+02	-8.185415266678443658e+00
6.230000000000000000e+02	-7.579062104830333269e+00
6.240000000000000000e+02	-6.969457378753915577e+00
6.250000000000000000e+02	-6.357689946764763178e+00
6.260000000000000000e+02	-5.744379768424705546e+00
6.270000000000000000e+02	-5.130557143757101812e+00
6.280000000000000000e+02	-4.517241962699884539e+00
6.290000000000000000e+02	-3.905626903529102023e+00
6.300000000000000000e+02	-3.296814267342062621e+00
6.310000000000000000e+02	-2.691576522848331265e+00
6.320000000000000000e+02	-2.090872121887660029e+00
6.330000000000000000e+02	-1.495615504501760284e+00
6.340000000000000000e+02	-9.066394834583775264e-01
6.350000000000000000e+02	-3.244501642024175680e-01
6.360000000000000000e+02	2.506165714906991582e-01
6.370000000000000000e+02	8.179097647981983243e-01
6.380000000000000000e+02	1.376930705675917466e+00
6.390000000000000000e+02	1.927405625670107980e+00
6.400000000000000000e+02	2.468852961652583389e+00
6.410000000000000000e+02	3.000908169065983344e+00
6.420000000000000000e+02	3.523226648475912270e+00
6.430000000000000000e+02	4.035375126034491444e+00
6.440000000000000000e+02	4.537108661756484196e+00
6.450000000000000000e+02	5.028146602379120367e+00
6.460000000000000000e+02	5.508868828606658496e+00
6.470000000000000000e+02	5.979553582649600685e+00
6.480000000000000000e+02	6.439571600423089848e+00
6.490000000000000000e+02	6.888182517542720262e+00
6.500000000000000000e+02	7.325441961034467653e+00
6.510000000000000000e+02	7.751346655493847493e+00
6.520000000000000000e+02	8.166105149118685347e+00
6.530000000000000000e+02	8.569838531568791495e+00
6.540000000000000000e+02	8.962514548447604312e+00
6.550000000000000000e+02	9.344046915817155963e+00
6.560000000000000000e+02	9.714094748107900301e+00
6.570000000000000000e+02	1.007256775015381578e+01
6.580000000000000000e+02	1.041968186117054884e+01
6.590000000000000000e+02	1.075516448535944392e+01
6.600000000000000000e+02	1.107867429726646691e+01
6.610000000000000000e+02	1.139041639116646820e+01
6.620000000000000000e+02	1.169077417734659718e+01
6.630000000000000000e+02	1.197984131054133528e+01
6.640000000000000000e+02	1.225767265222938462e+01
6.650000000000000000e+02	1.252433871361690620e+01
6.660000000000000000e+02	1.277991846440228940e+01
6.670000000000000000e+02	1.302461759936761254e+01
6.680000000000000000e+02	1.325850992877704115e+01
6.690000000000000000e+02	1.348158194151635669e+01
6.700000000000000000e+02	1.369384915769724742e+01
6.710000000000000000e+02	1.389543481394430913e+01
6.720000000000000000e+02	1.408641501424644105e+01
6.730000000000000000e+02	1.426684185123778548e+01
6.740000000000000000e+02	1.443734321037978674e+01
6.750000000000000000e+02	1.459856944016234337e+01
6.760000000000000000e+02	1.475003952288840026e+01
6.770000000000000000e+02	1.489121886245971638e+01
6.780000000000000000e+02	1.502230447851447792e+01
6.790000000000000000e+02	1.514353629076489938e+01
6.800000000000000000e+02	1.525488907244077552e+01
6.810000000000000000e+02	1.535668038967912707e+01
6.820000000000000000e+02	1.544968823025224225e+01
6.830000000000000000e+02	1.553398983022417923e+01
6.840000000000000000e+02	1.560886384031552154e+01
6.850000000000000000e+02	1.567415356702959883e+01
6.860000000000000000e+02	1.573017883382523507e+01
6.870000000000000000e+02	1.577707586189659850e+01
6.880000000000000000e+02	1.581489816655783898e+01
6.890000000000000000e+02	1.584375039678375430e+01
6.900000000000000000e+02	1.586374521137848603e+01
6.910000000000000000e+02	1.587496016368072560e+01
6.920000000000000000e+02	1.587745400643953531e+01
6.930000000000000000e+02	1.587127772556465999e+01
6.940000000000000000e+02	1.585648362726411165e+01
6.950000000000000000e+02	1.583312377768773871e+01
6.960000000000000000e+02	1.580135819647993856e+01
6.970000000000000000e+02	1.576149382871624738e+01
6.980000000000000000e+02	1.571361740608842439e+01
6.990000000000000000e+02	1.565762486086425298e+01
7.000000000000000000e+02	1.559345683700009033e+01
7.010000000000000000e+02	1.552118719943675273e+01
7.020000000000000000e+02	1.544097557373611096e+01
7.030000000000000000e+02	1.535303751007982243e+01
7.040000000000000000e+02	1.525706820517868323e+01
7.050000000000000000e+02	1.515276776594514274e+01
7.060000000000000000e+02	1.504043373464163125e+01
7.070000000000000000e+02	1.492043854618387400e+01
7.080000000000000000e+02	1.479295533077463176e+01
7.090000000000000000e+02	1.465804938580136962e+01
7.100000000000000000e+02	1.451565406620009213e+01
7.110000000000000000e+02	1.436599102810140494e+01
7.120000000000000000e+02	1.420970018760485232e+01
7.130000000000000000e+02	1.404733534738524270e+01
7.140000000000000000e+02	1.387934630201072039e+01
7.150000000000000000e+02	1.370529772773187105e+01
7.160000000000000000e+02	1.352426098275845234e+01
7.170000000000000000e+02	1.333613371907713230e+01
7.180000000000000000e+02	1.314118666290283954e+01
7.190000000000000000e+02	1.293977045284179894e+01
7.200000000000000000e+02	1.273193982206239383e+01
7.210000000000000000e+02	1.251685926082319256e+01
7.220000000000000000e+02	1.229388826877912422e+01
7.230000000000000000e+02	1.206418240650475227e+01
7.240000000000000000e+02	1.182857994485730302e+01
7.250000000000000000e+02	1.158690673815321759e+01
7.260000000000000000e+02	1.133901609965177215e+01
7.270000000000000000e+02	1.108503564674722597e+01
7.280000000000000000e+02	1.082526058531163216e+01
7.290000000000000000e+02	1.056023688413036510e+01
7.300000000000000000e+02	1.029026363713336778e+01
7.310000000000000000e+02	1.001536511287234532e+01
7.320000000000000000e+02	9.735334974574904265e+00
7.330000000000000000e+02	9.449805153096686894e+00
7.340000000000000000e+02	9.158845824089674181e+00
7.350000000000000000e+02	8.862692591325473046e+00
7.360000000000000000e+02	8.561591022124520833e+00
7.370000000000000000e+02	8.255531720451052990e+00
7.380000000000000000e+02	7.943900691689311344e+00
7.390000000000000000e+02	7.626564470665631035e+00
7.400000000000000000e+02	7.304297347821066211e+00
7.410000000000000000e+02	6.977599283244359185e+00
7.420000000000000000e+02	6.646561392788385092e+00
7.430000000000000000e+02	6.311285553669772952e+00
7.440000000000000000e+02	5.971951392816645665e+00
7.450000000000000000e+02	5.628664566593105434e+00
7.460000000000000000e+02	5.281492633244006640e+00
7.470000000000000000e+02	4.931050718799006916e+00
7.480000000000000000e+02	4.577764328757648826e+00
7.490000000000000000e+02	4.221410625697853192e+00
7.500000000000000000e+02	3.861757274534252105e+00
7.510000000000000000e+02	3.498979109948297861e+00
7.520000000000000000e+02	3.133416290674844618e+00
7.530000000000000000e+02	2.765165490661413372e+00
7.540000000000000000e+02	2.394444484960679631e+00
7.550000000000000000e+02	2.021362976600183714e+00
7.560000000000000000e+02	1.646289459128542632e+00
7.570000000000000000e+02	1.269660589367362036e+00
7.580000000000000000e+02	8.916370261567294619e-01
7.590000000000000000e+02	5.119465792060466924e-01
7.600000000000000000e+02	1.308172923590689152e-01
7.610000000000000000e+02	-2.515747631491862535e-01
7.620000000000000000e+02	-6.351705585401745680e-01
7.630000000000000000e+02	-1.019784361863827371e+00
7.640000000000000000e+02	-1.405205405959481624e+00
7.650000000000000000e+02	-1.791201626073192443e+00
7.660000000000000000e+02	-2.177501317536473024e+00
7.670000000000000000e+02	-2.563872669829324380e+00
7.680000000000000000e+02	-2.950172027440178368e+00
7.690000000000000000e+02	-3.336199126646649304e+00
7.700000000000000000e+02	-3.721669127834603685e+00
7.710000000000000000e+02	-4.106348198863368992e+00
7.720000000000000000e+02	-4.490049792788862959e+00
7.730000000000000000e+02	-4.872504404706935688e+00
7.740000000000000000e+02	-5.253420247957523159e+00
7.750000000000000000e+02	-5.632791365976979492e+00
7.760000000000000000e+02	-6.010634721986431117e+00
7.770000000000000000e+02	-6.386426098327520506e+00
7.780000000000000000e+02	-6.759581920776602360e+00
7.790000000000000000e+02	-7.129897451287705579e+00
7.800000000000000000e+02	-7.497201472805846478e+00
7.810000000000000000e+02	-7.861202077873855387e+00
7.820000000000000000e+02	-8.221632970177847000e+00
7.830000000000000000e+02	-8.578296101085129521e+00
7.840000000000000000e+02	-8.930893822934132587e+00
7.850000000000000000e+02	-9.279020304924024742e+00
7.860000000000000000e+02	-9.622467113367630276e+00
7.870000000000000000e+02	-9.961188821974641172e+00
7.880000000000000000e+02	-1.029503992235361309e+01
7.890000000000000000e+02	-1.062381405469188778e+01
7.900000000000000000e+02	-1.094731043561818140e+01
7.910000000000000000e+02	-1.126533348970555259e+01
7.920000000000000000e+02	-1.157769252245021185e+01
7.930000000000000000e+02	-1.188420506753607420e+01
7.940000000000000000e+02	-1.218470580729510999e+01
7.950000000000000000e+02	-1.247902178322897448e+01
7.960000000000000000e+02	-1.276695222207114178e+01
7.970000000000000000e+02	-1.304826350877268837e+01
7.980000000000000000e+02	-1.332271832513647425e+01
7.990000000000000000e+02	-1.359010679133229260e+01
8.000000000000000000e+02	-1.385023880216528269e+01
8.010000000000000000e+02	-1.410292034281533091e+01
8.020000000000000000e+02	-1.434796473548574625e+01
8.030000000000000000e+02	-1.458520284610923312e+01
8.040000000000000000e+02	-1.481446403631045250e+01
8.050000000000000000e+02	-1.503559479507640262e+01
8.060000000000000000e+02	-1.524849459071333868e+01
8.070000000000000000e+02	-1.545304344335248992e+01
8.080000000000000000e+02	-1.564908409261920319e+01
8.090000000000000000e+02	-1.583649361130927957e+01
8.100000000000000000e+02	-1.601517248489671275e+01
8.110000000000000000e+02	-1.618502109776659381e+01
8.120000000000000000e+02	-1.634595082864969839e+01
8.130000000000000000e+02	-1.649789125765586562e+01
8.140000000000000000e+02	-1.664077789089914461e+01
8.150000000000000000e+02	-1.677454654413340052e+01
8.160000000000000000e+02	-1.689913767986488935e+01
8.170000000000000000e+02	-1.701450303856680790e+01
8.180000000000000000e+02	-1.712064379489175892e+01
8.190000000000000000e+02	-1.721759348420317082e+01
8.200000000000000000e+02	-1.730536245244136495e+01
8.210000000000000000e+02	-1.738395539483697405e+01
8.220000000000000000e+02	-1.745339817714079800e+01
8.230000000000000000e+02	-1.751372533163495149e+01
8.240000000000000000e+02	-1.756496551268648787e+01
8.250000000000000000e+02	-1.760718243601887423e+01
8.260000000000000000e+02	-1.764051848670655431e+01
8.270000000000000000e+02	-1.766510041109695450e+01
8.280000000000000000e+02	-1.768100301470315827e+01
8.290000000000000000e+02	-1.768826241671768429e+01
8.300000000000000000e+02	-1.768687973097142319e+01
8.310000000000000000e+02	-1.767691887112446381e+01
8.320000000000000000e+02	-1.765849625063473027e+01
8.330000000000000000e+02	-1.763171575535946545e+01
8.340000000000000000e+02	-1.759667828811472745e+01
8.350000000000000000e+02	-1.755350564147622450e+01
8.360000000000000000e+02	-1.750232821487772128e+01
8.370000000000000000e+02	-1.744327030670765666e+01
8.380000000000000000e+02	-1.737645846790366022e+01
8.390000000000000000e+02	-1.730202472410037728e+01
8.400000000000000000e+02	-1.722010968557196620e+01
8.410000000000000000e+02	-1.713086539755575899e+01
8.420000000000000000e+02	-1.703444304902490458e+01
8.430000000000000000e+02	-1.693099041141397976e+01
8.440000000000000000e+02	-1.682065845170732032e+01
8.450000000000000000e+02	-1.670360209335593282e+01
8.460000000000000000e+02	-1.657998450240809873e+01
8.470000000000000000e+02	-1.644997339799071057e+01
8.480000000000000000e+02	-1.631373224126690857e+01
8.490000000000000000e+02	-1.617142386289954814e+01
8.500000000000000000e+02	-1.602321345478299008e+01
8.510000000000000000e+02	-1.586926929250766527e+01
8.520000000000000000e+02	-1.570976415679299265e+01
8.530000000000000000e+02	-1.554486962740445399e+01
8.540000000000000000e+02	-1.537475435704087801e+01
8.550000000000000000e+02	-1.519958769709129953e+01
8.560000000000000000e+02	-1.501954017483965664e+01
8.570000000000000000e+02	-1.483478327895270610e+01
8.580000000000000000e+02	-1.464548722580750351e+01
8.590000000000000000e+02	-1.445182009031599790e+01
8.600000000000000000e+02	-1.425394986057976965e+01
8.610000000000000000e+02	-1.405204482428613666e+01
8.620000000000000000e+02	-1.384627308005546631e+01
8.630000000000000000e+02	-1.363679864278779164e+01
8.640000000000000000e+02	-1.342378108258843916e+01
8.650000000000000000e+02	-1.320738140681877937e+01
8.660000000000000000e+02	-1.298776144012618872e+01
8.670000000000000000e+02	-1.276508255223066968e+01
8.680000000000000000e+02	-1.253950266491091980e+01
8.690000000000000000e+02	-1.231116960708657970e+01
8.700000000000000000e+02	-1.208022955950599808e+01
8.710000000000000000e+02	-1.184683401301229821e+01
8.720000000000000000e+02	-1.161113432726891581e+01
8.730000000000000000e+02	-1.137328048541233549e+01
8.740000000000000000e+02	-1.113341203846534633e+01
8.750000000000000000e+02	-1.089165673547210744e+01
8.760000000000000000e+02	-1.064814843989617721e+01
8.770000000000000000e+02	-1.040302647944442072e+01
8.780000000000000000e+02	-1.015642911775875490e+01
8.790000000000000000e+02	-9.908490277178515271e+00
8.800000000000000000e+02	-9.659324944585213402e+00
8.810000000000000000e+02	-9.409042356572340893e+00
8.820000000000000000e+02	-9.157765420821759150e+00
8.830000000000000000e+02	-8.905619394126723876e+00
8.840000000000000000e+02	-8.652728073478101578e+00
8.850000000000000000e+02	-8.399202953368355651e+00
8.860000000000000000e+02	-8.145133491963784778e+00
8.870000000000000000e+02	-7.890616004985261611e+00
8.880000000000000000e+02	-7.635761243940857312e+00
8.890000000000000000e+02	-7.380680607752847067e+00
8.900000000000000000e+02	-7.125482806680416559e+00
8.910000000000000000e+02	-6.870248223598656168e+00
8.920000000000000000e+02	-6.615041509076279524e+00
8.930000000000000000e+02	-6.359966374960585256e+00
8.940000000000000000e+02	-6.105136033024454179e+00
8.950000000000000000e+02	-5.850614336933231741e+00
8.960000000000000000e+02	-5.596455611929176399e+00
8.970000000000000000e+02	-5.342745111689310988e+00
8.980000000000000000e+02	-5.089573386374659947e+00
8.990000000000000000e+02	-4.837028163469103248e+00
9.000000000000000000e+02	-4.585178408824834406e+00
9.010000000000000000e+02	-4.334062452686639588e+00
9.020000000000000000e+02	-4.083732187811467185e+00
9.030000000000000000e+02	-3.834262104271934035e+00
9.040000000000000000e+02	-3.585727171597756779e+00
9.050000000000000000e+02	-3.338198344748402491e+00
9.060000000000000000e+02	-3.091712905797161071e+00
9.070000000000000000e+02	-2.846290819536609007e+00
9.080000000000000000e+02	-2.601984002169304588e+00
9.090000000000000000e+02	-2.358857787533231942e+00
9.100000000000000000e+02	-2.116976866218521991e+00
9.110000000000000000e+02	-1.876392402372463408e+00
9.120000000000000000e+02	-1.637114206155676044e+00
9.130000000000000000e+02	-1.399158638219660133e+00
9.140000000000000000e+02	-1.162578005962426886e+00
9.150000000000000000e+02	-9.274289032957518941e-01
9.160000000000000000e+02	-6.937663089216883350e-01
9.170000000000000000e+02	-4.616145221277498933e-01
9.180000000000000000e+02	-2.309654610152698240e-01
9.190000000000000000e+02	-1.841944750395896335e-03
9.200000000000000000e+02	2.257069787885548351e-01
9.210000000000000000e+02	4.516318773283458654e-01
9.220000000000000000e+02	6.758909183540886545e-01
9.230000000000000000e+02	8.984882995411567208e-01
9.240000000000000000e+02	1.119436926979240354e+00
9.250000000000000000e+02	1.338704797219417486e+00
9.260000000000000000e+02	1.556248033152794363e+00
9.270000000000000000e+02	1.772023078921385775e+00
9.280000000000000000e+02	1.986009439662083764e+00
9.290000000000000000e+02	2.198232834476460340e+00
9.300000000000000000e+02	2.408697373954623799e+00
9.310000000000000000e+02	2.617366774021924414e+00
9.320000000000000000e+02	2.824201708241119491e+00
9.330000000000000000e+02	3.029166050321787651e+00
9.340000000000000000e+02	3.232266908215610357e+00
9.350000000000000000e+02	3.433538420772535460e+00
9.360000000000000000e+02	3.632969106138371984e+00
9.370000000000000000e+02	3.830523344201157698e+00
9.380000000000000000e+02	4.026165252646670467e+00
9.390000000000000000e+02	4.219872833895966124e+00
9.400000000000000000e+02	4.411678663556987345e+00
9.410000000000000000e+02	4.601610249361456795e+00
9.420000000000000000e+02	4.789643130837930585e+00
9.430000000000000000e+02	4.975744097916791731e+00
9.440000000000000000e+02	5.159880633975557629e+00
9.450000000000000000e+02	5.342054773806871992e+00
9.460000000000000000e+02	5.522313024945141535e+00
9.470000000000000000e+02	5.700664666310011341e+00
9.480000000000000000e+02	5.877080001404223708e+00
9.490000000000000000e+02	6.051527619413548109e+00
9.500000000000000000e+02	6.223982771449776408e+00
9.510000000000000000e+02	6.394474896237337447e+00
9.520000000000000000e+02	6.563049361508920043e+00
9.530000000000000000e+02	6.729695143006232172e+00
9.540000000000000000e+02	6.894382267137906695e+00
9.550000000000000000e+02	7.057080583335423540e+00
9.560000000000000000e+02	7.217782898006348091e+00
9.570000000000000000e+02	7.376539191484848601e+00
9.580000000000000000e+02	7.533378461526659464e+00
9.590000000000000000e+02	7.688276932074661119e+00
9.600000000000000000e+02	7.841205362097081633e+00
9.610000000000000000e+02	7.992136814152523527e+00
9.620000000000000000e+02	8.141090381346877791e+00
9.630000000000000000e+02	8.288121758225180713e+00
9.640000000000000000e+02	8.433236576761089509e+00
9.650000000000000000e+02	8.576407280885618434e+00
9.660000000000000000e+02	8.717602493406108266e+00
9.670000000000000000e+02	8.856804228092791220e+00
9.680000000000000000e+02	8.994067984169312524e+00
9.690000000000000000e+02	9.129440370693835405e+00
9.700000000000000000e+02	9.262861533144679527e+00
9.710000000000000000e+02	9.394293479381023104e+00
9.720000000000000000e+02	9.523800397096131576e+00
9.730000000000000000e+02	9.651421102006359831e+00
9.740000000000000000e+02	9.777129257633166759e+00
9.750000000000000000e+02	9.900894526903087467e+00
9.760000000000000000e+02	1.002269182423038885e+01
9.770000000000000000e+02	1.014254507180036313e+01
9.780000000000000000e+02	1.026051343496858337e+01
9.790000000000000000e+02	1.037660161772129896e+01
9.800000000000000000e+02	1.049078135568186809e+01
9.810000000000000000e+02	1.060302368180100530e+01
9.820000000000000000e+02	1.071331346642508464e+01
9.830000000000000000e+02	1.082169930961613602e+01
9.840000000000000000e+02	1.092822768714075110e+01
9.850000000000000000e+02	1.103288183636439612e+01
9.860000000000000000e+02	1.113563260565696922e+01
9.870000000000000000e+02	1.123645127964340062e+01
9.880000000000000000e+02	1.133534539876381331e+01
9.890000000000000000e+02	1.143237593439123856e+01
9.900000000000000000e+02	1.152756400827011518e+01
9.910000000000000000e+02	1.162088255300411532e+01
9.920000000000000000e+02	1.171230194736577346e+01
9.930000000000000000e+02	1.180179864459152839e+01
9.940000000000000000e+02	1.188940754514817399e+01
9.950000000000000000e+02	1.197518557762317215e+01
9.960000000000000000e+02	1.205912707670914941e+01
9.970000000000000000e+02	1.214120213083342392e+01
9.980000000000000000e+02	1.222138065060498135e+01
9.990000000000000000e+02	1.229965466494767412e+01
1.000000000000000000e+03	1.237607983216363294e+01
1.001000000000000000e+03	1.245069313813914036e+01
1.002000000000000000e+03	1.252347136579020059e+01
1.003000000000000000e+03	1.259438402265667989e+01
1.004000000000000000e+03	1.266340248752168662e+01
1.005000000000000000e+03	1.273054466188007439e+01
1.006000000000000000e+03	1.279587154002222604e+01
1.007000000000000000e+03	1.285939216701056509e+01
1.008000000000000000e+03	1.292107650243814376e+01
1.009000000000000000e+03	1.298089347560757645e+01
1.010000000000000000e+03	1.303882273633741562e+01
1.011000000000000000e+03	1.309490772728775454e+01
1.012000000000000000e+03	1.314919790619282836e+01
1.013000000000000000e+03	1.320167749334421714e+01
1.014000000000000000e+03	1.325231479515111133e+01
1.015000000000000000e+03	1.330107841000509694e+01
1.016000000000000000e+03	1.334796871540420327e+01
1.017000000000000000e+03	1.339304431561659214e+01
1.018000000000000000e+03	1.343633011802585386e+01
1.019000000000000000e+03	1.347779794842600154e+01
1.020000000000000000e+03	1.351741599395309379e+01
1.021000000000000000e+03	1.355515691441436132e+01
1.022000000000000000e+03	1.359104856786731474e+01
1.023000000000000000e+03	1.362514837130954959e+01
1.024000000000000000e+03	1.365745358528385722e+01
1.025000000000000000e+03	1.368793246980135692e+01
1.026000000000000000e+03	1.371655314022061845e+01
1.027000000000000000e+03	1.374330167847585571e+01
1.028000000000000000e+03	1.376822887774063986e+01
1.029000000000000000e+03	1.379137486829616321e+01
1.030000000000000000e+03	1.381271719669533127e+01
1.031000000000000000e+03	1.383222389498847704e+01
1.032000000000000000e+03	1.384986422162360498e+01
1.033000000000000000e+03	1.386564889731897665e+01
1.034000000000000000e+03	1.387963720404014722e+01
1.035000000000000000e+03	1.389184222934567003e+01
1.036000000000000000e+03	1.390223344124342475e+01
1.037000000000000000e+03	1.391077888640546689e+01
1.038000000000000000e+03	1.391745502587804140e+01
1.039000000000000000e+03	1.392229934632494803e+01
1.040000000000000000e+03	1.392536334151663269e+01
1.041000000000000000e+03	1.392663461643035205e+01
1.042000000000000000e+03	1.392608121085630657e+01
1.043000000000000000e+03	1.392367142653823819e+01
1.044000000000000000e+03	1.391939994468724962e+01
1.045000000000000000e+03	1.391332169855264311e+01
1.046000000000000000e+03	1.390546609177005166e+01
1.047000000000000000e+03	1.389580724448334337e+01
1.048000000000000000e+03	1.388431208386957039e+01
1.049000000000000000e+03	1.387094863483072871e+01
1.050000000000000000e+03	1.385574457866706410e+01
1.051000000000000000e+03	1.383876753821147787e+01
1.052000000000000000e+03	1.381998895383273407e+01
1.053000000000000000e+03	1.379933847541661152e+01
1.054000000000000000e+03	1.377685066167390815e+01
1.055000000000000000e+03	1.375258703505537028e+01
1.056000000000000000e+03	1.372653353056043102e+01
1.057000000000000000e+03	1.369865568674168443e+01
1.058000000000000000e+03	1.366892263647875794e+01
1.059000000000000000e+03	1.363733137333516510e+01
1.060000000000000000e+03	1.360393665227968185e+01
1.061000000000000000e+03	1.356876534215969343e+01
1.062000000000000000e+03	1.353179061934929805e+01
1.063000000000000000e+03	1.349298126950952081e+01
1.064000000000000000e+03	1.345230952588525852e+01
1.065000000000000000e+03	1.340979817932789686e+01
1.066000000000000000e+03	1.336550312407828756e+01
1.067000000000000000e+03	1.331942472012640977e+01
1.068000000000000000e+03	1.327153229942210189e+01
1.069000000000000000e+03	1.322179505611265782e+01
1.070000000000000000e+03	1.317019704769631261e+01
1.071000000000000000e+03	1.311678453454235438e+01
1.072000000000000000e+03	1.306159894847523972e+01
1.073000000000000000e+03	1.300462062348544023e+01
1.074000000000000000e+03	1.294581909133055220e+01
1.075000000000000000e+03	1.288516484546526542e+01
1.076000000000000000e+03	1.282266485069239081e+01
1.077000000000000000e+03	1.275837583306900314e+01
1.078000000000000000e+03	1.269231435234237892e+01
1.079000000000000000e+03	1.262445234958723361e+01
1.080000000000000000e+03	1.255476001421772025e+01
1.081000000000000000e+03	1.248321424223625797e+01
1.082000000000000000e+03	1.240984831289984669e+01
1.083000000000000000e+03	1.233471400947522767e+01
1.084000000000000000e+03	1.225780338372599587e+01
1.085000000000000000e+03	1.217908717392507967e+01
1.086000000000000000e+03	1.209853637697369777e+01
1.087000000000000000e+03	1.201614427744708991e+01
1.088000000000000000e+03	1.193196327212723418e+01
1.089000000000000000e+03	1.184602604508950918e+01
1.090000000000000000e+03	1.175831004363325860e+01
1.091000000000000000e+03	1.166878687791764690e+01
1.092000000000000000e+03	1.157743054321394638e+01
1.093000000000000000e+03	1.148425971405958279e+01
1.094000000000000000e+03	1.138933131222333373e+01
1.095000000000000000e+03	1.129265287931237793e+01
1.096000000000000000e+03	1.119419745488473694e+01
1.097000000000000000e+03	1.109393771782089644e+01
1.098000000000000000e+03	1.099185767963903970e+01
1.099000000000000000e+03	1.088800065367658476e+01
1.100000000000000000e+03	1.078241321332393809e+01
