# Fresnel Simulation Metadata
# ---------------------------
# Layer 0: Air (Espesor Infinito)
# Layer 1: AlN (hexagonal) | Input: 500.00 nm | Optimized: 511.04 nm
# Layer 2: Si (Espesor Infinito)
# 
# Wavelength(nm)	Response
2.600000000000000000e+02	4.884141201209016003e+01
2.610000000000000000e+02	4.856597190433839728e+01
2.620000000000000000e+02	4.750913737340559351e+01
2.630000000000000000e+02	4.557192007200990247e+01
2.640000000000000000e+02	4.250967855444969246e+01
2.650000000000000000e+02	3.803403498187682885e+01
2.660000000000000000e+02	3.190962966509494336e+01
2.670000000000000000e+02	2.407961838863856840e+01
2.680000000000000000e+02	1.499027621098919028e+01
2.690000000000000000e+02	5.968528591089285129e+00
2.700000000000000000e+02	-6.697908229853730688e-01
2.710000000000000000e+02	-2.689584173366897701e+00
2.720000000000000000e+02	5.480202952801178640e-01
2.730000000000000000e+02	7.690625881852337642e+00
2.740000000000000000e+02	1.645236174889039305e+01
2.750000000000000000e+02	2.489678010710599310e+01
2.760000000000000000e+02	3.214913863109576653e+01
2.770000000000000000e+02	3.803772022418648646e+01
2.780000000000000000e+02	4.265281723565178140e+01
2.790000000000000000e+02	4.615826210654675776e+01
2.800000000000000000e+02	4.871712581161585831e+01
2.810000000000000000e+02	5.044960768838575405e+01
2.820000000000000000e+02	5.146087212913342057e+01
2.830000000000000000e+02	5.185412056070835263e+01
2.840000000000000000e+02	5.168686844016981752e+01
2.850000000000000000e+02	5.096611174283283674e+01
2.860000000000000000e+02	4.963440725544027998e+01
2.870000000000000000e+02	4.757386149185316526e+01
2.880000000000000000e+02	4.468892779285374672e+01
2.890000000000000000e+02	4.093345722756218663e+01
2.900000000000000000e+02	3.623384511714247935e+01
2.910000000000000000e+02	3.056438869347552512e+01
2.920000000000000000e+02	2.402259271106793292e+01
2.930000000000000000e+02	1.686120989352506783e+01
2.940000000000000000e+02	9.435795373045440471e+00
2.950000000000000000e+02	2.333485095436298451e+00
2.960000000000000000e+02	-3.689313295019708505e+00
2.970000000000000000e+02	-7.882991576712143456e+00
2.980000000000000000e+02	-9.720049639671412223e+00
2.990000000000000000e+02	-9.105725555530831627e+00
3.000000000000000000e+02	-6.382089582264534044e+00
3.010000000000000000e+02	-2.166614110906911250e+00
3.020000000000000000e+02	2.883794701067554200e+00
3.030000000000000000e+02	8.208825255685919586e+00
3.040000000000000000e+02	1.341099970570949651e+01
3.050000000000000000e+02	1.825406339285077095e+01
3.060000000000000000e+02	2.262788675840007002e+01
3.070000000000000000e+02	2.649140152953692606e+01
3.080000000000000000e+02	2.983901172350280362e+01
3.090000000000000000e+02	3.267701257920877822e+01
3.100000000000000000e+02	3.501445284835858729e+01
3.110000000000000000e+02	3.687127313479210500e+01
3.120000000000000000e+02	3.828206683889295903e+01
3.130000000000000000e+02	3.928016712215314499e+01
3.140000000000000000e+02	3.988764383248008016e+01
3.150000000000000000e+02	4.013012556231686290e+01
3.160000000000000000e+02	4.003238525986273544e+01
3.170000000000000000e+02	3.960791635313059089e+01
3.180000000000000000e+02	3.886870428126030674e+01
3.190000000000000000e+02	3.782470789889221408e+01
3.200000000000000000e+02	3.647804016693348217e+01
3.210000000000000000e+02	3.482513634422157622e+01
3.220000000000000000e+02	3.286125300077357281e+01
3.230000000000000000e+02	3.057813670173339560e+01
3.240000000000000000e+02	2.796839750733836993e+01
3.250000000000000000e+02	2.502967768146721639e+01
3.260000000000000000e+02	2.176680096543094223e+01
3.270000000000000000e+02	1.819859345388728045e+01
3.280000000000000000e+02	1.436553143855030967e+01
3.290000000000000000e+02	1.033263825965083527e+01
3.300000000000000000e+02	6.191290555298522236e+00
3.310000000000000000e+02	2.063689868126591165e+00
3.320000000000000000e+02	-1.897107719802740178e+00
3.330000000000000000e+02	-5.513995169222386750e+00
3.340000000000000000e+02	-8.599712708087491109e+00
3.350000000000000000e+02	-1.097589902161997166e+01
3.360000000000000000e+02	-1.249533096154716105e+01
3.370000000000000000e+02	-1.306527811494456870e+01
3.380000000000000000e+02	-1.265999778378366969e+01
3.390000000000000000e+02	-1.132237755213355967e+01
3.400000000000000000e+02	-9.157571771524292359e+00
3.410000000000000000e+02	-6.317709189054200536e+00
3.420000000000000000e+02	-2.979118129741925358e+00
3.430000000000000000e+02	6.878105865952015563e-01
3.440000000000000000e+02	4.526739559969726656e+00
3.450000000000000000e+02	8.402174189535376314e+00
3.460000000000000000e+02	1.220588880813183152e+01
3.470000000000000000e+02	1.585347945860250363e+01
3.480000000000000000e+02	1.929765292344988481e+01
3.490000000000000000e+02	2.251374204753626529e+01
3.500000000000000000e+02	2.548094629551800594e+01
3.510000000000000000e+02	2.817809772645069799e+01
3.520000000000000000e+02	3.061185374817023686e+01
3.530000000000000000e+02	3.278970255538840206e+01
3.540000000000000000e+02	3.470572321856811016e+01
3.550000000000000000e+02	3.636064164914968444e+01
3.560000000000000000e+02	3.776984739297596150e+01
3.570000000000000000e+02	3.895030434764683491e+01
3.580000000000000000e+02	3.989348797796635893e+01
3.590000000000000000e+02	4.060139833199235682e+01
3.600000000000000000e+02	4.107790497388147344e+01
3.610000000000000000e+02	4.132292622797729109e+01
3.620000000000000000e+02	4.133648217003643310e+01
3.630000000000000000e+02	4.110769706689458758e+01
3.640000000000000000e+02	4.064504073144590279e+01
3.650000000000000000e+02	3.990548863115871825e+01
3.660000000000000000e+02	3.890090096618570215e+01
3.670000000000000000e+02	3.760428520428149568e+01
3.680000000000000000e+02	3.603348560394508127e+01
3.690000000000000000e+02	3.415893707173242433e+01
3.700000000000000000e+02	3.198986140773282827e+01
3.710000000000000000e+02	2.952467262576242391e+01
3.720000000000000000e+02	2.676884057253029781e+01
3.730000000000000000e+02	2.376143192352297362e+01
3.740000000000000000e+02	2.054863880936763465e+01
3.750000000000000000e+02	1.718359350559920173e+01
3.760000000000000000e+02	1.369205525741492124e+01
3.770000000000000000e+02	1.012077252505126523e+01
3.780000000000000000e+02	6.544627677468639604e+00
3.790000000000000000e+02	3.028543981628086357e+00
3.800000000000000000e+02	-3.417788552781253486e-01
3.810000000000000000e+02	-3.497053811448104454e+00
3.820000000000000000e+02	-6.370513833811552118e+00
3.830000000000000000e+02	-8.907022664147470792e+00
3.840000000000000000e+02	-1.105218956821611620e+01
3.850000000000000000e+02	-1.275377369297312313e+01
3.860000000000000000e+02	-1.398572232784826852e+01
3.870000000000000000e+02	-1.473436758949005920e+01
3.880000000000000000e+02	-1.500672797219752042e+01
3.890000000000000000e+02	-1.481546647275485640e+01
3.900000000000000000e+02	-1.418546124411867737e+01
3.910000000000000000e+02	-1.315233349870467805e+01
3.920000000000000000e+02	-1.176307109334606338e+01
3.930000000000000000e+02	-1.007015342410793224e+01
3.940000000000000000e+02	-8.132456913907589069e+00
3.950000000000000000e+02	-6.010580422430386704e+00
3.960000000000000000e+02	-3.763178975651650049e+00
3.970000000000000000e+02	-1.444403095001629111e+00
3.980000000000000000e+02	8.973722527322038900e-01
3.990000000000000000e+02	3.217785401406160872e+00
4.000000000000000000e+02	5.479169769534141921e+00
4.010000000000000000e+02	7.652128703713479752e+00
4.020000000000000000e+02	9.717938206444106441e+00
4.030000000000000000e+02	1.167151755614760589e+01
4.040000000000000000e+02	1.350519884838648466e+01
4.050000000000000000e+02	1.520390562763483544e+01
4.060000000000000000e+02	1.676368710451503929e+01
4.070000000000000000e+02	1.819154073977862751e+01
4.080000000000000000e+02	1.949622301587183060e+01
4.090000000000000000e+02	2.068675808197631127e+01
4.100000000000000000e+02	2.176730048713111998e+01
4.110000000000000000e+02	2.273951502447016182e+01
4.120000000000000000e+02	2.360629771069205773e+01
4.130000000000000000e+02	2.437099537588232678e+01
4.140000000000000000e+02	2.503813980005503126e+01
4.150000000000000000e+02	2.561199427251856164e+01
4.160000000000000000e+02	2.609552945551225278e+01
4.170000000000000000e+02	2.649099511472070745e+01
4.180000000000000000e+02	2.679998264874480540e+01
4.190000000000000000e+02	2.702437956836152111e+01
4.200000000000000000e+02	2.716666922259108574e+01
4.210000000000000000e+02	2.722914219766439814e+01
4.220000000000000000e+02	2.721363657264155123e+01
4.230000000000000000e+02	2.712028385851312251e+01
4.240000000000000000e+02	2.694813010121374575e+01
4.250000000000000000e+02	2.669715955993580891e+01
4.260000000000000000e+02	2.636826580107608820e+01
4.270000000000000000e+02	2.596501863630203744e+01
4.280000000000000000e+02	2.549070055441339733e+01
4.290000000000000000e+02	2.494440674305033312e+01
4.300000000000000000e+02	2.432498084121816717e+01
4.310000000000000000e+02	2.363291170077055980e+01
4.320000000000000000e+02	2.286975581124555745e+01
4.330000000000000000e+02	2.203751551956906596e+01
4.340000000000000000e+02	2.113876795918259788e+01
4.350000000000000000e+02	2.017547897084344655e+01
4.360000000000000000e+02	1.914786171517160440e+01
4.370000000000000000e+02	1.805625590012309445e+01
4.380000000000000000e+02	1.690156064537942981e+01
4.390000000000000000e+02	1.568579010637622062e+01
4.400000000000000000e+02	1.441204846438553133e+01
4.410000000000000000e+02	1.308398062568739206e+01
4.420000000000000000e+02	1.170543688627846990e+01
4.430000000000000000e+02	1.027998616846479507e+01
4.440000000000000000e+02	8.812128594790785030e+00
4.450000000000000000e+02	7.306458422033013989e+00
4.460000000000000000e+02	5.766572817459930889e+00
4.470000000000000000e+02	4.198110472497003087e+00
4.480000000000000000e+02	2.608983512424551066e+00
4.490000000000000000e+02	1.008866173614539008e+00
4.500000000000000000e+02	-5.915728539725968460e-01
4.510000000000000000e+02	-2.183238572791600163e+00
4.520000000000000000e+02	-3.757380848226565817e+00
4.530000000000000000e+02	-5.302581988597774298e+00
4.540000000000000000e+02	-6.806175371602149582e+00
4.550000000000000000e+02	-8.255597840314878866e+00
4.560000000000000000e+02	-9.638282249484738884e+00
4.570000000000000000e+02	-1.094209981413620625e+01
4.580000000000000000e+02	-1.215513358841553426e+01
4.590000000000000000e+02	-1.326561139521566801e+01
4.600000000000000000e+02	-1.426272519091587831e+01
4.610000000000000000e+02	-1.513702633273348752e+01
4.620000000000000000e+02	-1.588027198464039813e+01
4.630000000000000000e+02	-1.648565305789472291e+01
4.640000000000000000e+02	-1.694805434077193951e+01
4.650000000000000000e+02	-1.726418470517826975e+01
4.660000000000000000e+02	-1.743246861451838470e+01
4.670000000000000000e+02	-1.745320037594100526e+01
4.680000000000000000e+02	-1.732908372016584408e+01
4.690000000000000000e+02	-1.706502128085186953e+01
4.700000000000000000e+02	-1.666751493862648914e+01
4.710000000000000000e+02	-1.614448197190379020e+01
4.720000000000000000e+02	-1.550496520034914916e+01
4.730000000000000000e+02	-1.475869432605690612e+01
4.740000000000000000e+02	-1.391570715567563177e+01
4.750000000000000000e+02	-1.298667757815643853e+01
4.760000000000000000e+02	-1.198392966577942431e+01
4.770000000000000000e+02	-1.091987201893123505e+01
4.780000000000000000e+02	-9.806138987859547740e+00
4.790000000000000000e+02	-8.653134983157640292e+00
4.800000000000000000e+02	-7.470517327804113705e+00
4.810000000000000000e+02	-6.267296110528082664e+00
4.820000000000000000e+02	-5.052024303756926571e+00
4.830000000000000000e+02	-3.832733087184784893e+00
4.840000000000000000e+02	-2.616536282628633359e+00
4.850000000000000000e+02	-1.409136329089911044e+00
4.860000000000000000e+02	-2.154627158910003004e-01
4.870000000000000000e+02	9.591252266779761726e-01
4.880000000000000000e+02	2.109748049593900276e+00
4.890000000000000000e+02	3.233118392812102115e+00
4.900000000000000000e+02	4.326536646804861164e+00
4.910000000000000000e+02	5.387351762471567440e+00
4.920000000000000000e+02	6.414088967372592265e+00
4.930000000000000000e+02	7.405834361163861956e+00
4.940000000000000000e+02	8.361261608998134420e+00
4.950000000000000000e+02	9.278307197181749899e+00
4.960000000000000000e+02	1.015689946705659708e+01
4.970000000000000000e+02	1.099787129035527755e+01
4.980000000000000000e+02	1.180043057053062583e+01
4.990000000000000000e+02	1.256305890684457793e+01
5.000000000000000000e+02	1.328705528996685459e+01
5.010000000000000000e+02	1.397406344225704089e+01
5.020000000000000000e+02	1.462331231733138637e+01
5.030000000000000000e+02	1.523381354918173614e+01
5.040000000000000000e+02	1.580550610433952485e+01
5.050000000000000000e+02	1.633875228955134773e+01
5.060000000000000000e+02	1.683432060540885189e+01
5.070000000000000000e+02	1.729360105006776749e+01
5.080000000000000000e+02	1.771887099972408564e+01
5.090000000000000000e+02	1.811101252793028138e+01
5.100000000000000000e+02	1.846945845805728581e+01
5.110000000000000000e+02	1.879387511989309800e+01
5.120000000000000000e+02	1.908428087324744737e+01
5.130000000000000000e+02	1.934126604653414816e+01
5.140000000000000000e+02	1.956553449489785734e+01
5.150000000000000000e+02	1.975729952049240623e+01
5.160000000000000000e+02	1.991689412401699499e+01
5.170000000000000000e+02	2.004558515346068148e+01
5.180000000000000000e+02	2.014416850244248636e+01
5.190000000000000000e+02	2.021183564117876230e+01
5.200000000000000000e+02	2.024854432866747445e+01
5.210000000000000000e+02	2.025575764972497339e+01
5.220000000000000000e+02	2.023415658208736900e+01
5.230000000000000000e+02	2.018328475306271841e+01
5.240000000000000000e+02	2.010331849904988033e+01
5.250000000000000000e+02	1.999496951605806672e+01
5.260000000000000000e+02	1.985877870351787422e+01
5.270000000000000000e+02	1.969514294609573923e+01
5.280000000000000000e+02	1.950422228540682212e+01
5.290000000000000000e+02	1.928598700468480942e+01
5.300000000000000000e+02	1.903987335253198054e+01
5.310000000000000000e+02	1.876559455629496753e+01
5.320000000000000000e+02	1.846403540484708472e+01
5.330000000000000000e+02	1.813643643619601065e+01
5.340000000000000000e+02	1.778441729828933049e+01
5.350000000000000000e+02	1.740888898667254026e+01
5.360000000000000000e+02	1.700970021970752200e+01
5.370000000000000000e+02	1.658652145271961231e+01
5.380000000000000000e+02	1.613895903717668645e+01
5.390000000000000000e+02	1.566721407633096774e+01
5.400000000000000000e+02	1.517188244699525868e+01
5.410000000000000000e+02	1.465340485434206030e+01
5.420000000000000000e+02	1.411204387338554866e+01
5.430000000000000000e+02	1.354843529661749457e+01
5.440000000000000000e+02	1.296314741679005067e+01
5.450000000000000000e+02	1.235682967100982310e+01
5.460000000000000000e+02	1.173021906251731750e+01
5.470000000000000000e+02	1.108344617913675378e+01
5.480000000000000000e+02	1.041747450128373487e+01
5.490000000000000000e+02	9.734155711688032397e+00
5.500000000000000000e+02	9.034227492913121438e+00
5.510000000000000000e+02	8.317262345533322332e+00
5.520000000000000000e+02	7.583580299117098633e+00
5.530000000000000000e+02	6.834561958516854219e+00
5.540000000000000000e+02	6.071804968739474617e+00
5.550000000000000000e+02	5.296506392664703355e+00
5.560000000000000000e+02	4.509773556691410334e+00
5.570000000000000000e+02	3.712672466458133869e+00
5.580000000000000000e+02	2.906871707068727773e+00
5.590000000000000000e+02	2.094171529492310668e+00
5.600000000000000000e+02	1.275584361149693535e+00
5.610000000000000000e+02	4.522536077763632534e-01
5.620000000000000000e+02	-3.740584005383134070e-01
5.630000000000000000e+02	-1.201796232600067071e+00
5.640000000000000000e+02	-2.029744758328316578e+00
5.650000000000000000e+02	-2.856186310596950051e+00
5.660000000000000000e+02	-3.678365494186607521e+00
5.670000000000000000e+02	-4.491771530235183718e+00
5.680000000000000000e+02	-5.296631316485905572e+00
5.690000000000000000e+02	-6.096429893760298313e+00
5.700000000000000000e+02	-6.882225098806570074e+00
5.710000000000000000e+02	-7.653407715322749993e+00
5.720000000000000000e+02	-8.408384700894163899e+00
5.730000000000000000e+02	-9.145225796733186030e+00
5.740000000000000000e+02	-9.861793175483551721e+00
5.750000000000000000e+02	-1.055608452412458576e+01
5.760000000000000000e+02	-1.122623133961517894e+01
5.770000000000000000e+02	-1.187018833462917300e+01
5.780000000000000000e+02	-1.248613778904649863e+01
5.790000000000000000e+02	-1.307222666493192165e+01
5.800000000000000000e+02	-1.362681319676680047e+01
5.810000000000000000e+02	-1.414836810291667391e+01
5.820000000000000000e+02	-1.463549161011726341e+01
5.830000000000000000e+02	-1.508686621784612036e+01
5.840000000000000000e+02	-1.550124433929334522e+01
5.850000000000000000e+02	-1.587756133058538310e+01
5.860000000000000000e+02	-1.621491190514981540e+01
5.870000000000000000e+02	-1.651248461066390760e+01
5.880000000000000000e+02	-1.676965967296246163e+01
5.890000000000000000e+02	-1.698597874533017205e+01
5.900000000000000000e+02	-1.716115220812331543e+01
5.910000000000000000e+02	-1.729509541908367254e+01
5.920000000000000000e+02	-1.738782517784046533e+01
5.930000000000000000e+02	-1.743949480520108608e+01
5.940000000000000000e+02	-1.745042412180031022e+01
5.950000000000000000e+02	-1.742110694368281898e+01
5.960000000000000000e+02	-1.735219601079026930e+01
5.970000000000000000e+02	-1.724446731801389276e+01
5.980000000000000000e+02	-1.709885139939864374e+01
5.990000000000000000e+02	-1.691636779440000282e+01
6.000000000000000000e+02	-1.669816565108130035e+01
6.010000000000000000e+02	-1.644552025668670581e+01
6.020000000000000000e+02	-1.615978365207323719e+01
6.030000000000000000e+02	-1.584235231876268912e+01
6.040000000000000000e+02	-1.549473568672937773e+01
6.050000000000000000e+02	-1.511841346458385438e+01
6.060000000000000000e+02	-1.471503574965694305e+01
6.070000000000000000e+02	-1.428626373212305722e+01
6.080000000000000000e+02	-1.383386668023776522e+01
6.090000000000000000e+02	-1.335950123632106923e+01
6.100000000000000000e+02	-1.286468647079042960e+01
6.110000000000000000e+02	-1.235116243927732782e+01
6.120000000000000000e+02	-1.182065022118626985e+01
6.130000000000000000e+02	-1.127479564266881695e+01
6.140000000000000000e+02	-1.071515816046391123e+01
6.150000000000000000e+02	-1.014314162577728951e+01
6.160000000000000000e+02	-9.560413103654926914e+00
6.170000000000000000e+02	-8.968618221069210250e+00
6.180000000000000000e+02	-8.369205048413398629e+00
6.190000000000000000e+02	-7.763655907873719286e+00
6.200000000000000000e+02	-7.153355714778486529e+00
6.210000000000000000e+02	-6.539791581043004953e+00
6.220000000000000000e+02	-5.924009667750615549e+00
6.230000000000000000e+02	-5.306926226210771702e+00
6.240000000000000000e+02	-4.689849509737200606e+00
6.250000000000000000e+02	-4.073699870423430625e+00
6.260000000000000000e+02	-3.458889467281554886e+00
6.270000000000000000e+02	-2.846287100340008536e+00
6.280000000000000000e+02	-2.236783658601641633e+00
6.290000000000000000e+02	-1.631454692895042413e+00
6.300000000000000000e+02	-1.031286365208750055e+00
6.310000000000000000e+02	-4.369107695961567117e-01
6.320000000000000000e+02	1.508581954715886297e-01
6.330000000000000000e+02	7.312220359270433789e-01
6.340000000000000000e+02	1.303469601808444622e+00
6.350000000000000000e+02	1.867251744722342011e+00
6.360000000000000000e+02	2.422373490708313426e+00
6.370000000000000000e+02	2.968300411247799531e+00
6.380000000000000000e+02	3.504647572551569112e+00
6.390000000000000000e+02	4.031254306447152658e+00
6.400000000000000000e+02	4.547748064091106102e+00
6.410000000000000000e+02	5.053857051161493530e+00
6.420000000000000000e+02	5.549326782485177745e+00
6.430000000000000000e+02	6.033815839545663806e+00
6.440000000000000000e+02	6.507151305516298834e+00
6.450000000000000000e+02	6.969129227302929053e+00
6.460000000000000000e+02	7.420225681906071458e+00
6.470000000000000000e+02	7.860808309358098711e+00
6.480000000000000000e+02	8.290280948119143289e+00
6.490000000000000000e+02	8.707941877300957145e+00
6.500000000000000000e+02	9.113899078559036582e+00
6.510000000000000000e+02	9.508214845601088427e+00
6.520000000000000000e+02	9.891149526879541298e+00
6.530000000000000000e+02	1.026287133843540289e+01
6.540000000000000000e+02	1.062339253392288896e+01
6.550000000000000000e+02	1.097265163398212806e+01
6.560000000000000000e+02	1.131033365749883401e+01
6.570000000000000000e+02	1.163638494971791104e+01
6.580000000000000000e+02	1.195104699849318308e+01
6.590000000000000000e+02	1.225407096675550989e+01
6.600000000000000000e+02	1.254513598439489996e+01
6.610000000000000000e+02	1.282447447849459010e+01
6.620000000000000000e+02	1.309248979639945887e+01
6.630000000000000000e+02	1.334929612467195525e+01
6.640000000000000000e+02	1.359496461408294010e+01
6.650000000000000000e+02	1.382957596882522111e+01
6.660000000000000000e+02	1.405322390324255721e+01
6.670000000000000000e+02	1.426612519256347866e+01
6.680000000000000000e+02	1.446836550619410033e+01
6.690000000000000000e+02	1.465993505211718073e+01
6.700000000000000000e+02	1.484086155274117758e+01
6.710000000000000000e+02	1.501127694821708403e+01
6.720000000000000000e+02	1.517125911196561461e+01
6.730000000000000000e+02	1.532086872108582654e+01
6.740000000000000000e+02	1.546074139291929228e+01
6.750000000000000000e+02	1.559153047690245941e+01
6.760000000000000000e+02	1.571275502695428727e+01
6.770000000000000000e+02	1.582387308470906007e+01
6.780000000000000000e+02	1.592508394683052941e+01
6.790000000000000000e+02	1.601662887344217623e+01
6.800000000000000000e+02	1.609848673842715172e+01
6.810000000000000000e+02	1.617096932854307667e+01
6.820000000000000000e+02	1.623485868493348150e+01
6.830000000000000000e+02	1.629023152228382187e+01
6.840000000000000000e+02	1.633636123028868425e+01
6.850000000000000000e+02	1.637308975730873684e+01
6.860000000000000000e+02	1.640073562321838452e+01
6.870000000000000000e+02	1.641943768140619753e+01
6.880000000000000000e+02	1.642924400847853050e+01
6.890000000000000000e+02	1.643025734674759164e+01
6.900000000000000000e+02	1.642259481594888015e+01
6.910000000000000000e+02	1.640632930280450452e+01
6.920000000000000000e+02	1.638151521038579617e+01
6.930000000000000000e+02	1.634820409857425361e+01
6.940000000000000000e+02	1.630644866537518922e+01
6.950000000000000000e+02	1.625629557895947030e+01
6.960000000000000000e+02	1.619790576290434458e+01
6.970000000000000000e+02	1.613158494907925089e+01
6.980000000000000000e+02	1.605740965765633277e+01
6.990000000000000000e+02	1.597528578439087354e+01
7.000000000000000000e+02	1.588514253826989986e+01
7.010000000000000000e+02	1.578706506126584586e+01
7.020000000000000000e+02	1.568120075170697802e+01
7.030000000000000000e+02	1.556777561855217229e+01
7.040000000000000000e+02	1.544648036648628775e+01
7.050000000000000000e+02	1.531702104642225848e+01
7.060000000000000000e+02	1.517969611413208852e+01
7.070000000000000000e+02	1.503487701578111668e+01
7.080000000000000000e+02	1.488273763256720272e+01
7.090000000000000000e+02	1.472334489066100005e+01
7.100000000000000000e+02	1.455663547059025476e+01
7.110000000000000000e+02	1.438283178246399530e+01
7.120000000000000000e+02	1.420257128626452570e+01
7.130000000000000000e+02	1.401640031092291139e+01
7.140000000000000000e+02	1.382476957247658689e+01
7.150000000000000000e+02	1.362725031064790571e+01
7.160000000000000000e+02	1.342292806797497562e+01
7.170000000000000000e+02	1.321170931172023799e+01
7.180000000000000000e+02	1.299386416424745505e+01
7.190000000000000000e+02	1.276974742979148303e+01
7.200000000000000000e+02	1.253941692222671733e+01
7.210000000000000000e+02	1.230206880548405834e+01
7.220000000000000000e+02	1.205706654396340127e+01
7.230000000000000000e+02	1.180556311346382614e+01
7.240000000000000000e+02	1.154839310352092596e+01
7.250000000000000000e+02	1.128538954373000180e+01
7.260000000000000000e+02	1.101641447867812929e+01
7.270000000000000000e+02	1.074161158710267827e+01
7.280000000000000000e+02	1.046127621404007968e+01
7.290000000000000000e+02	1.017595218200554541e+01
7.300000000000000000e+02	9.885942134396898950e+00
7.310000000000000000e+02	9.591274462242584065e+00
7.320000000000000000e+02	9.291766676788078883e+00
7.330000000000000000e+02	8.987070862445566632e+00
7.340000000000000000e+02	8.677267495601842739e+00
7.350000000000000000e+02	8.362600471751925113e+00
7.360000000000000000e+02	8.043322519946478621e+00
7.370000000000000000e+02	7.719439566253662122e+00
7.380000000000000000e+02	7.390373940034180578e+00
7.390000000000000000e+02	7.056016140504809186e+00
7.400000000000000000e+02	6.717133939996386971e+00
7.410000000000000000e+02	6.374228001303716695e+00
7.420000000000000000e+02	6.027404624524351107e+00
7.430000000000000000e+02	5.676779972789649520e+00
7.440000000000000000e+02	5.322549180750897335e+00
7.450000000000000000e+02	4.964833758077968895e+00
7.460000000000000000e+02	4.603713229191463085e+00
7.470000000000000000e+02	4.239805732461043419e+00
7.480000000000000000e+02	3.873530058200703508e+00
7.490000000000000000e+02	3.504695574855688278e+00
7.500000000000000000e+02	3.133108004010598080e+00
7.510000000000000000e+02	2.758952118260662445e+00
7.520000000000000000e+02	2.382579851499585288e+00
7.530000000000000000e+02	2.004101232009510625e+00
7.540000000000000000e+02	1.623752420390413675e+00
7.550000000000000000e+02	1.241656713917095090e+00
7.560000000000000000e+02	8.581908696603370856e-01
7.570000000000000000e+02	4.737886136378932633e-01
7.580000000000000000e+02	8.863145762073543210e-02
7.590000000000000000e+02	-2.975188591647608405e-01
7.600000000000000000e+02	-6.844130544820643536e-01
7.610000000000000000e+02	-1.071868520472488484e+00
7.620000000000000000e+02	-1.459814548280139235e+00
7.630000000000000000e+02	-1.848048855881895491e+00
7.640000000000000000e+02	-2.236345782012083561e+00
7.650000000000000000e+02	-2.624460336712186148e+00
7.660000000000000000e+02	-3.012111919565491291e+00
7.670000000000000000e+02	-3.399056927437035469e+00
7.680000000000000000e+02	-3.785131537216273045e+00
7.690000000000000000e+02	-4.170120295310857372e+00
7.700000000000000000e+02	-4.553732192199554163e+00
7.710000000000000000e+02	-4.935722790060117049e+00
7.720000000000000000e+02	-5.315889909372412347e+00
7.730000000000000000e+02	-5.693958122029412650e+00
7.740000000000000000e+02	-6.069633730053691778e+00
7.750000000000000000e+02	-6.442872895634737418e+00
7.760000000000000000e+02	-6.813646818792387094e+00
7.770000000000000000e+02	-7.181456820436293853e+00
7.780000000000000000e+02	-7.545760612704221160e+00
7.790000000000000000e+02	-7.906344847137900089e+00
7.800000000000000000e+02	-8.263024226646175308e+00
7.810000000000000000e+02	-8.615512468408352831e+00
7.820000000000000000e+02	-8.963546926456183783e+00
7.830000000000000000e+02	-9.306922300206840859e+00
7.840000000000000000e+02	-9.645353325305091374e+00
7.850000000000000000e+02	-9.978473351946655967e+00
7.860000000000000000e+02	-1.030608155265470316e+01
7.870000000000000000e+02	-1.062810838228100963e+01
7.880000000000000000e+02	-1.094440358175380013e+01
7.890000000000000000e+02	-1.125477073787345361e+01
7.900000000000000000e+02	-1.155901950908155840e+01
7.910000000000000000e+02	-1.185696522312799139e+01
7.920000000000000000e+02	-1.214842849035787609e+01
7.930000000000000000e+02	-1.243323710274692928e+01
7.940000000000000000e+02	-1.271123036301665721e+01
7.950000000000000000e+02	-1.298224185890168059e+01
7.960000000000000000e+02	-1.324608508262823747e+01
7.970000000000000000e+02	-1.350254924775721577e+01
7.980000000000000000e+02	-1.375142865513350721e+01
7.990000000000000000e+02	-1.399253864999596431e+01
8.000000000000000000e+02	-1.422570605025967794e+01
8.010000000000000000e+02	-1.445076262742581896e+01
8.020000000000000000e+02	-1.466755420501165119e+01
8.030000000000000000e+02	-1.487593007986777138e+01
8.040000000000000000e+02	-1.507573659141868028e+01
8.050000000000000000e+02	-1.526688328082762958e+01
8.060000000000000000e+02	-1.544933601905204412e+01
8.070000000000000000e+02	-1.562297337283574805e+01
8.080000000000000000e+02	-1.578763243066256550e+01
8.090000000000000000e+02	-1.594322608359513893e+01
8.100000000000000000e+02	-1.608969529591756498e+01
8.110000000000000000e+02	-1.622697345579268102e+01
8.120000000000000000e+02	-1.635500606975331550e+01
8.130000000000000000e+02	-1.647375949195506806e+01
8.140000000000000000e+02	-1.658320428589879469e+01
8.150000000000000000e+02	-1.668330953003286510e+01
8.160000000000000000e+02	-1.677404920479371242e+01
8.170000000000000000e+02	-1.685540887853287018e+01
8.180000000000000000e+02	-1.692742792866194179e+01
8.190000000000000000e+02	-1.699017885277851292e+01
8.200000000000000000e+02	-1.704370504354778149e+01
8.210000000000000000e+02	-1.708804271954854315e+01
8.220000000000000000e+02	-1.712325046973824172e+01
8.230000000000000000e+02	-1.714939507814543163e+01
8.240000000000000000e+02	-1.716653637647751296e+01
8.250000000000000000e+02	-1.717477004993427769e+01
8.260000000000000000e+02	-1.717427009553595951e+01
8.270000000000000000e+02	-1.716519025780495511e+01
8.280000000000000000e+02	-1.714762956409398953e+01
8.290000000000000000e+02	-1.712164861059734022e+01
8.300000000000000000e+02	-1.708727554263643711e+01
8.310000000000000000e+02	-1.704460180154658744e+01
8.320000000000000000e+02	-1.699376916475614507e+01
8.330000000000000000e+02	-1.693490639424101474e+01
8.340000000000000000e+02	-1.686813906276308472e+01
8.350000000000000000e+02	-1.679361174883736041e+01
8.360000000000000000e+02	-1.671147605022490623e+01
8.370000000000000000e+02	-1.662187731872460361e+01
8.380000000000000000e+02	-1.652496259822541447e+01
8.390000000000000000e+02	-1.642088353029580006e+01
8.400000000000000000e+02	-1.630979887065675626e+01
8.410000000000000000e+02	-1.619187642525443493e+01
8.420000000000000000e+02	-1.606728246312072983e+01
8.430000000000000000e+02	-1.593618003003927086e+01
8.440000000000000000e+02	-1.579873459475753705e+01
8.450000000000000000e+02	-1.565511460829391410e+01
8.460000000000000000e+02	-1.550549431776362752e+01
8.470000000000000000e+02	-1.535005033381067641e+01
8.480000000000000000e+02	-1.518895555487433491e+01
8.490000000000000000e+02	-1.502238230545246722e+01
8.500000000000000000e+02	-1.485050444861331265e+01
8.510000000000000000e+02	-1.467349755341733797e+01
8.520000000000000000e+02	-1.449153846581669569e+01
8.530000000000000000e+02	-1.430480192442630560e+01
8.540000000000000000e+02	-1.411346111014859872e+01
8.550000000000000000e+02	-1.391768955445633793e+01
8.560000000000000000e+02	-1.371766120360144114e+01
8.570000000000000000e+02	-1.351354867526271875e+01
8.580000000000000000e+02	-1.330552034839151787e+01
8.590000000000000000e+02	-1.309374332647779582e+01
8.600000000000000000e+02	-1.287838585336718111e+01
8.610000000000000000e+02	-1.265961594922323741e+01
8.620000000000000000e+02	-1.243760054540293325e+01
8.630000000000000000e+02	-1.221249923001134974e+01
8.640000000000000000e+02	-1.198446560688537055e+01
8.650000000000000000e+02	-1.175365693406447676e+01
8.660000000000000000e+02	-1.152023179740086967e+01
8.670000000000000000e+02	-1.128434787124632166e+01
8.680000000000000000e+02	-1.104615782047266492e+01
8.690000000000000000e+02	-1.080580081166365680e+01
8.700000000000000000e+02	-1.056341490191053900e+01
8.710000000000000000e+02	-1.031914583200866886e+01
8.720000000000000000e+02	-1.007313917767585210e+01
8.730000000000000000e+02	-9.825538711987469753e+00
8.740000000000000000e+02	-9.576475155460322242e+00
8.750000000000000000e+02	-9.326065176724018357e+00
8.760000000000000000e+02	-9.074433868034939010e+00
8.770000000000000000e+02	-8.821713337070638872e+00
8.780000000000000000e+02	-8.568034458529766084e+00
8.790000000000000000e+02	-8.313522984720778553e+00
8.800000000000000000e+02	-8.058282463116743344e+00
8.810000000000000000e+02	-7.802410427417346028e+00
8.820000000000000000e+02	-7.546021095058419448e+00
8.830000000000000000e+02	-7.289231617775644878e+00
8.840000000000000000e+02	-7.032157566549456007e+00
8.850000000000000000e+02	-6.774900527112523108e+00
8.860000000000000000e+02	-6.517537333805055511e+00
8.870000000000000000e+02	-6.260153379077124214e+00
8.880000000000000000e+02	-6.002850874179362251e+00
8.890000000000000000e+02	-5.745732918448858584e+00
8.900000000000000000e+02	-5.488899722561590977e+00
8.910000000000000000e+02	-5.232420045548687781e+00
8.920000000000000000e+02	-4.976345750751056229e+00
8.930000000000000000e+02	-4.720772724504422868e+00
8.940000000000000000e+02	-4.465807429391116301e+00
8.950000000000000000e+02	-4.211501959344332136e+00
8.960000000000000000e+02	-3.957898568186115185e+00
8.970000000000000000e+02	-3.705074008110084804e+00
8.980000000000000000e+02	-3.453111025895028163e+00
8.990000000000000000e+02	-3.202089431596704117e+00
9.000000000000000000e+02	-2.952068830820996581e+00
9.010000000000000000e+02	-2.703076030468420043e+00
9.020000000000000000e+02	-2.455153240801307035e+00
9.030000000000000000e+02	-2.208367494624745575e+00
9.040000000000000000e+02	-1.962786507856597140e+00
9.050000000000000000e+02	-1.718473840564959332e+00
9.060000000000000000e+02	-1.475457178871451447e+00
9.070000000000000000e+02	-1.233746153210628194e+00
9.080000000000000000e+02	-9.933850199649896240e-01
9.090000000000000000e+02	-7.544325743417736874e-01
9.100000000000000000e+02	-5.169470641325979443e-01
9.110000000000000000e+02	-2.809725217913126016e-01
9.120000000000000000e+02	-4.650940662546432236e-02
9.130000000000000000e+02	1.864344077575523784e-01
9.140000000000000000e+02	4.178126910095123492e-01
9.150000000000000000e+02	6.475745436966739987e-01
9.160000000000000000e+02	8.756706501844675472e-01
9.170000000000000000e+02	1.102083819540407461e+00
9.180000000000000000e+02	1.326830555650964527e+00
9.190000000000000000e+02	1.549894516914651632e+00
9.200000000000000000e+02	1.771231648010914483e+00
9.210000000000000000e+02	1.990797389004566043e+00
9.220000000000000000e+02	2.208555019237831374e+00
9.230000000000000000e+02	2.424515697208907028e+00
9.240000000000000000e+02	2.638699307642468739e+00
9.250000000000000000e+02	2.851078634957232794e+00
9.260000000000000000e+02	3.061613981726321043e+00
9.270000000000000000e+02	3.270265903923728956e+00
9.280000000000000000e+02	3.477018800341941329e+00
9.290000000000000000e+02	3.681904788162000841e+00
9.300000000000000000e+02	3.884933262261043296e+00
9.310000000000000000e+02	4.086071591992833874e+00
9.320000000000000000e+02	4.285283926010521327e+00
9.330000000000000000e+02	4.482537653575402459e+00
9.340000000000000000e+02	4.677844686540815644e+00
9.350000000000000000e+02	4.871244570904860183e+00
9.360000000000000000e+02	5.062729569115287376e+00
9.370000000000000000e+02	5.252266972187666028e+00
9.380000000000000000e+02	5.439823751482840919e+00
9.390000000000000000e+02	5.625381093690151602e+00
9.400000000000000000e+02	5.808976115234006699e+00
9.410000000000000000e+02	5.990640481284710717e+00
9.420000000000000000e+02	6.170352363825404751e+00
9.430000000000000000e+02	6.348080909631281799e+00
9.440000000000000000e+02	6.523795938782594561e+00
9.450000000000000000e+02	6.697502576423083553e+00
9.460000000000000000e+02	6.869251279551107814e+00
9.470000000000000000e+02	7.039054231973391751e+00
9.480000000000000000e+02	7.206883692084566917e+00
9.490000000000000000e+02	7.372710139147976349e+00
9.500000000000000000e+02	7.536510820082405360e+00
9.510000000000000000e+02	7.698318164435164590e+00
9.520000000000000000e+02	7.858180659611232244e+00
9.530000000000000000e+02	8.016089192154009169e+00
9.540000000000000000e+02	8.172015308914431841e+00
9.550000000000000000e+02	8.325930359781086310e+00
9.560000000000000000e+02	8.477829010118387743e+00
9.570000000000000000e+02	8.627763939864035336e+00
9.580000000000000000e+02	8.775766346255760908e+00
9.590000000000000000e+02	8.921813741474437620e+00
9.600000000000000000e+02	9.065878074195570235e+00
9.610000000000000000e+02	9.207933618926308128e+00
9.620000000000000000e+02	9.348001283636882874e+00
9.630000000000000000e+02	9.486138953726797496e+00
9.640000000000000000e+02	9.622353666268008254e+00
9.650000000000000000e+02	9.756618804715149196e+00
9.660000000000000000e+02	9.888903881262805839e+00
9.670000000000000000e+02	1.001919194976482075e+01
9.680000000000000000e+02	1.014754032284672292e+01
9.690000000000000000e+02	1.027399719055133787e+01
9.700000000000000000e+02	1.039850309125769812e+01
9.710000000000000000e+02	1.052102068616517982e+01
9.720000000000000000e+02	1.064161577765241873e+01
9.730000000000000000e+02	1.076032843142413853e+01
9.740000000000000000e+02	1.087713290830833657e+01
9.750000000000000000e+02	1.099199943642354427e+01
9.760000000000000000e+02	1.110490354220992870e+01
9.770000000000000000e+02	1.121587012540574690e+01
9.780000000000000000e+02	1.132495951350677643e+01
9.790000000000000000e+02	1.143217708825046586e+01
9.800000000000000000e+02	1.153749501114888076e+01
9.810000000000000000e+02	1.164088474276064389e+01
9.820000000000000000e+02	1.174233166892094360e+01
9.830000000000000000e+02	1.184188525056971386e+01
9.840000000000000000e+02	1.193959272606121758e+01
9.850000000000000000e+02	1.203543769787226481e+01
9.860000000000000000e+02	1.212939131607382848e+01
9.870000000000000000e+02	1.222142517786226179e+01
9.880000000000000000e+02	1.231154729481584553e+01
9.890000000000000000e+02	1.239981928485403628e+01
9.900000000000000000e+02	1.248626268373667614e+01
9.910000000000000000e+02	1.257085063347253495e+01
9.920000000000000000e+02	1.265355372289281988e+01
9.930000000000000000e+02	1.273434864317108506e+01
9.940000000000000000e+02	1.281327068836854366e+01
9.950000000000000000e+02	1.289037717870299460e+01
9.960000000000000000e+02	1.296566263547918041e+01
9.970000000000000000e+02	1.303909727763128856e+01
9.980000000000000000e+02	1.311065115823091887e+01
9.990000000000000000e+02	1.318031649165770247e+01
1.000000000000000000e+03	1.324814918826565346e+01
