# Fresnel Simulation Metadata
# ---------------------------
# Layer 0: Air (Espesor Infinito)
# Layer 1: AlN (hexagonal) | Input: 470.00 nm | Optimized: 479.63 nm
# Layer 2: Si (Espesor Infinito)
# 
# Wavelength(nm)	Response
2.500000000000000000e+02	7.446960414505311121e+01
2.510000000000000000e+02	7.045889954828375323e+01
2.520000000000000000e+02	6.567911026555191256e+01
2.530000000000000000e+02	5.962639533856555829e+01
2.540000000000000000e+02	5.196202126981854263e+01
2.550000000000000000e+02	4.260697148445813554e+01
2.560000000000000000e+02	3.188739419868178970e+01
2.570000000000000000e+02	2.163344158709601217e+01
2.580000000000000000e+02	1.413657882579000713e+01
2.590000000000000000e+02	1.165485253624724749e+01
2.600000000000000000e+02	1.501111188388564166e+01
2.610000000000000000e+02	2.279497184869303439e+01
2.620000000000000000e+02	3.256504332072879038e+01
2.630000000000000000e+02	4.227248208023831211e+01
2.640000000000000000e+02	5.075911983517041648e+01
2.650000000000000000e+02	5.760395207902647741e+01
2.660000000000000000e+02	6.282941132910232085e+01
2.670000000000000000e+02	6.664078794010551121e+01
2.680000000000000000e+02	6.929452837632875628e+01
2.690000000000000000e+02	7.095783109609800476e+01
2.700000000000000000e+02	7.179124773142201832e+01
2.710000000000000000e+02	7.192575464980656363e+01
2.720000000000000000e+02	7.144697034920793044e+01
2.730000000000000000e+02	7.039702329909967204e+01
2.740000000000000000e+02	6.871636983048873049e+01
2.750000000000000000e+02	6.622285225018808319e+01
2.760000000000000000e+02	6.280924949185105532e+01
2.770000000000000000e+02	5.838804170470764632e+01
2.780000000000000000e+02	5.287041224938035100e+01
2.790000000000000000e+02	4.626237180750515421e+01
2.800000000000000000e+02	3.877428723793693166e+01
2.810000000000000000e+02	3.091518377128638662e+01
2.820000000000000000e+02	2.369068814045945359e+01
2.830000000000000000e+02	1.851882933835694089e+01
2.840000000000000000e+02	1.663091964201975870e+01
2.850000000000000000e+02	1.840622476489494019e+01
2.860000000000000000e+02	2.314090437280554724e+01
2.870000000000000000e+02	2.946650789590123409e+01
2.880000000000000000e+02	3.610100604890130427e+01
2.890000000000000000e+02	4.223555818488336655e+01
2.900000000000000000e+02	4.747370706060049628e+01
2.910000000000000000e+02	5.174916558232192187e+01
2.920000000000000000e+02	5.516147468418704847e+01
2.930000000000000000e+02	5.785375305854004324e+01
2.940000000000000000e+02	5.990775583011360794e+01
2.950000000000000000e+02	6.142344039756255114e+01
2.960000000000000000e+02	6.248100991273316396e+01
2.970000000000000000e+02	6.313189350210538464e+01
2.980000000000000000e+02	6.342355764595445322e+01
2.990000000000000000e+02	6.338205831833469972e+01
3.000000000000000000e+02	6.301596102890215434e+01
3.010000000000000000e+02	6.232229500249312792e+01
3.020000000000000000e+02	6.132026605794883523e+01
3.030000000000000000e+02	6.001215351915173102e+01
3.040000000000000000e+02	5.837049642703333063e+01
3.050000000000000000e+02	5.636335332758724803e+01
3.060000000000000000e+02	5.396396743608501367e+01
3.070000000000000000e+02	5.113805835976573633e+01
3.080000000000000000e+02	4.784590814317902385e+01
3.090000000000000000e+02	4.406765201152362721e+01
3.100000000000000000e+02	3.980257422947460810e+01
3.110000000000000000e+02	3.508685126852001446e+01
3.120000000000000000e+02	3.002939290137009465e+01
3.130000000000000000e+02	2.482050261094975951e+01
3.140000000000000000e+02	1.971395243684352394e+01
3.150000000000000000e+02	1.502604770102340126e+01
3.160000000000000000e+02	1.110753596645484897e+01
3.170000000000000000e+02	8.268880222912075695e+00
3.180000000000000000e+02	6.720973684805391812e+00
3.190000000000000000e+02	6.543020469842800502e+00
3.200000000000000000e+02	7.670512185158450791e+00
3.210000000000000000e+02	9.919486200711412849e+00
3.220000000000000000e+02	1.303245136268840376e+01
3.230000000000000000e+02	1.672591526462036882e+01
3.240000000000000000e+02	2.073387519454233896e+01
3.250000000000000000e+02	2.483429215973869830e+01
3.260000000000000000e+02	2.885835672681652042e+01
3.270000000000000000e+02	3.268979762609226469e+01
3.280000000000000000e+02	3.625859554142402885e+01
3.290000000000000000e+02	3.952989841344217581e+01
3.300000000000000000e+02	4.249303356889791417e+01
3.310000000000000000e+02	4.514767102784445285e+01
3.320000000000000000e+02	4.749700748412669782e+01
3.330000000000000000e+02	4.955795479605505705e+01
3.340000000000000000e+02	5.135609546976655793e+01
3.350000000000000000e+02	5.290898662999330071e+01
3.360000000000000000e+02	5.422982265752401787e+01
3.370000000000000000e+02	5.533203782738625875e+01
3.380000000000000000e+02	5.622956272379030196e+01
3.390000000000000000e+02	5.693727655248022046e+01
3.400000000000000000e+02	5.746517590864565506e+01
3.410000000000000000e+02	5.781921616059480584e+01
3.420000000000000000e+02	5.800158494196444536e+01
3.430000000000000000e+02	5.801872227267671178e+01
3.440000000000000000e+02	5.787245011231022573e+01
3.450000000000000000e+02	5.756035939443412985e+01
3.460000000000000000e+02	5.707960362396931941e+01
3.470000000000000000e+02	5.642196322802129771e+01
3.480000000000000000e+02	5.558392415697910849e+01
3.490000000000000000e+02	5.455575815298519871e+01
3.500000000000000000e+02	5.332764684210928863e+01
3.510000000000000000e+02	5.188021200070401306e+01
3.520000000000000000e+02	5.020416880311607599e+01
3.530000000000000000e+02	4.829190054423283840e+01
3.540000000000000000e+02	4.613237278782841599e+01
3.550000000000000000e+02	4.372134918255007108e+01
3.560000000000000000e+02	4.105965838211620422e+01
3.570000000000000000e+02	3.816402765631613647e+01
3.580000000000000000e+02	3.504664623358842590e+01
3.590000000000000000e+02	3.174745412660152155e+01
3.600000000000000000e+02	2.830751145644558164e+01
3.610000000000000000e+02	2.478381001213979218e+01
3.620000000000000000e+02	2.126929672940505256e+01
3.630000000000000000e+02	1.787461565371901528e+01
3.640000000000000000e+02	1.476392574895831800e+01
3.650000000000000000e+02	1.205752793294709058e+01
3.660000000000000000e+02	9.950807766741808891e+00
3.670000000000000000e+02	8.584722036114969868e+00
3.680000000000000000e+02	8.077987506196969036e+00
3.690000000000000000e+02	8.428531274224219771e+00
3.700000000000000000e+02	9.583392362358639005e+00
3.710000000000000000e+02	1.142161145654609022e+01
3.720000000000000000e+02	1.378530193690998829e+01
3.730000000000000000e+02	1.649597966300290253e+01
3.740000000000000000e+02	1.938011445999382332e+01
3.750000000000000000e+02	2.229732536863988912e+01
3.760000000000000000e+02	2.515294513425411793e+01
3.770000000000000000e+02	2.788411525488804088e+01
3.780000000000000000e+02	3.045095183046179699e+01
3.790000000000000000e+02	3.283709078229836820e+01
3.800000000000000000e+02	3.503673265921619162e+01
3.810000000000000000e+02	3.705487012697568616e+01
3.820000000000000000e+02	3.889029435479970687e+01
3.830000000000000000e+02	4.054442214233921504e+01
3.840000000000000000e+02	4.203202178918358811e+01
3.850000000000000000e+02	4.336947034601286077e+01
3.860000000000000000e+02	4.457256157998461532e+01
3.870000000000000000e+02	4.565022639867525100e+01
3.880000000000000000e+02	4.660143571622484160e+01
3.890000000000000000e+02	4.742986670951167127e+01
3.900000000000000000e+02	4.815094815052079724e+01
3.910000000000000000e+02	4.877408732428411042e+01
3.920000000000000000e+02	4.929691198088594462e+01
3.930000000000000000e+02	4.971880940880998878e+01
3.940000000000000000e+02	5.004068490978926320e+01
3.950000000000000000e+02	5.026409788634558140e+01
3.960000000000000000e+02	5.039111060352887961e+01
3.970000000000000000e+02	5.042388175892627089e+01
3.980000000000000000e+02	5.036388865124939684e+01
3.990000000000000000e+02	5.020943154063231617e+01
4.000000000000000000e+02	4.995848546489877862e+01
4.010000000000000000e+02	4.961078721927043489e+01
4.020000000000000000e+02	4.917037930366657150e+01
4.030000000000000000e+02	4.864907017731732708e+01
4.040000000000000000e+02	4.805047915037140172e+01
4.050000000000000000e+02	4.736479035297297457e+01
4.060000000000000000e+02	4.658924731159250854e+01
4.070000000000000000e+02	4.572965291609721561e+01
4.080000000000000000e+02	4.479212155230591463e+01
4.090000000000000000e+02	4.378209369672892137e+01
4.100000000000000000e+02	4.269998088837813555e+01
4.110000000000000000e+02	4.154388361623006176e+01
4.120000000000000000e+02	4.031319892912286207e+01
4.130000000000000000e+02	3.900810368465030820e+01
4.140000000000000000e+02	3.763039680936122267e+01
4.150000000000000000e+02	3.618225182910041582e+01
4.160000000000000000e+02	3.466545022051002434e+01
4.170000000000000000e+02	3.308222314904701733e+01
4.180000000000000000e+02	3.143518523760415206e+01
4.190000000000000000e+02	2.972882177888977395e+01
4.200000000000000000e+02	2.797062205378058408e+01
4.210000000000000000e+02	2.616949999448242181e+01
4.220000000000000000e+02	2.433537337254331945e+01
4.230000000000000000e+02	2.247859510164536090e+01
4.240000000000000000e+02	2.061031357029919420e+01
4.250000000000000000e+02	1.874406181371965729e+01
4.260000000000000000e+02	1.689527678807363742e+01
4.270000000000000000e+02	1.508200481504464108e+01
4.280000000000000000e+02	1.332246204120783872e+01
4.290000000000000000e+02	1.163311250080737125e+01
4.300000000000000000e+02	1.003074765352012143e+01
4.310000000000000000e+02	8.532598610899432501e+00
4.320000000000000000e+02	7.155653609913793289e+00
4.330000000000000000e+02	5.914811908457636491e+00
4.340000000000000000e+02	4.824379044529043092e+00
4.350000000000000000e+02	3.895801913894449520e+00
4.360000000000000000e+02	3.136740020539676710e+00
4.370000000000000000e+02	2.552884312981453796e+00
4.380000000000000000e+02	2.147368335466896205e+00
4.390000000000000000e+02	1.920933349344303487e+00
4.400000000000000000e+02	1.871735121876728636e+00
4.410000000000000000e+02	1.995439194700763696e+00
4.420000000000000000e+02	2.285320400193053381e+00
4.430000000000000000e+02	2.732803749645317470e+00
4.440000000000000000e+02	3.327735364077957669e+00
4.450000000000000000e+02	4.058358100795399714e+00
4.460000000000000000e+02	4.911223121006848658e+00
4.470000000000000000e+02	5.872136658390442854e+00
4.480000000000000000e+02	6.927505775117827724e+00
4.490000000000000000e+02	8.064082254187752596e+00
4.500000000000000000e+02	9.269544799348524933e+00
4.510000000000000000e+02	1.053098830572399791e+01
4.520000000000000000e+02	1.183460079290439282e+01
4.530000000000000000e+02	1.316791283716189831e+01
4.540000000000000000e+02	1.452009577821692332e+01
4.550000000000000000e+02	1.588138585407819470e+01
4.560000000000000000e+02	1.724281127637248190e+01
4.570000000000000000e+02	1.859585066429827904e+01
4.580000000000000000e+02	1.993307170194186995e+01
4.590000000000000000e+02	2.124897392803909923e+01
4.600000000000000000e+02	2.253854517895554821e+01
4.610000000000000000e+02	2.379617888252790081e+01
4.620000000000000000e+02	2.501718742410179885e+01
4.630000000000000000e+02	2.619824088500962134e+01
4.640000000000000000e+02	2.733641152045896305e+01
4.650000000000000000e+02	2.842917267736965670e+01
4.660000000000000000e+02	2.947695663272515532e+01
4.670000000000000000e+02	3.048192227380453900e+01
4.680000000000000000e+02	3.144151252644284966e+01
4.690000000000000000e+02	3.235067120841787869e+01
4.700000000000000000e+02	3.320789460510700053e+01
4.710000000000000000e+02	3.401345664573366889e+01
4.720000000000000000e+02	3.476891874938450400e+01
4.730000000000000000e+02	3.547671798506975449e+01
4.740000000000000000e+02	3.614022984979675357e+01
4.750000000000000000e+02	3.676064271856393617e+01
4.760000000000000000e+02	3.733408347521829995e+01
4.770000000000000000e+02	3.785822475903520257e+01
4.780000000000000000e+02	3.833385403572811612e+01
4.790000000000000000e+02	3.876287352449053714e+01
4.800000000000000000e+02	3.914770317759390394e+01
4.810000000000000000e+02	3.949001724289725246e+01
4.820000000000000000e+02	3.979082680541212369e+01
4.830000000000000000e+02	4.005088851003501560e+01
4.840000000000000000e+02	4.027100090567741830e+01
4.850000000000000000e+02	4.045271943522619296e+01
4.860000000000000000e+02	4.059747420266015894e+01
4.870000000000000000e+02	4.070523329841387294e+01
4.880000000000000000e+02	4.077602839791752132e+01
4.890000000000000000e+02	4.081108550941581825e+01
4.900000000000000000e+02	4.081143335188475163e+01
4.910000000000000000e+02	4.077737236358469630e+01
4.920000000000000000e+02	4.070958232757569561e+01
4.930000000000000000e+02	4.060939313538913353e+01
4.940000000000000000e+02	4.047719989798255824e+01
4.950000000000000000e+02	4.031266706900736096e+01
4.960000000000000000e+02	4.011699196328289929e+01
4.970000000000000000e+02	3.989218813746273185e+01
4.980000000000000000e+02	3.963763091411426842e+01
4.990000000000000000e+02	3.935206682995242033e+01
5.000000000000000000e+02	3.903722556101512708e+01
5.010000000000000000e+02	3.869509597468153572e+01
5.020000000000000000e+02	3.832483167962278969e+01
5.030000000000000000e+02	3.792532186753528833e+01
5.040000000000000000e+02	3.749642972347878356e+01
5.050000000000000000e+02	3.703829477903184397e+01
5.060000000000000000e+02	3.655134574311144746e+01
5.070000000000000000e+02	3.603684495990356851e+01
5.080000000000000000e+02	3.549674728621751285e+01
5.090000000000000000e+02	3.493156298893029543e+01
5.100000000000000000e+02	3.434076100811468280e+01
5.110000000000000000e+02	3.372438985315656623e+01
5.120000000000000000e+02	3.308285665503762374e+01
5.130000000000000000e+02	3.241686580216763502e+01
5.140000000000000000e+02	3.172722730188979767e+01
5.150000000000000000e+02	3.101411673466873253e+01
5.160000000000000000e+02	3.027770933470635484e+01
5.170000000000000000e+02	2.951952391131874620e+01
5.180000000000000000e+02	2.874087776902478097e+01
5.190000000000000000e+02	2.794253555180526405e+01
5.200000000000000000e+02	2.712563019830042066e+01
5.210000000000000000e+02	2.629261504449385711e+01
5.220000000000000000e+02	2.544476112069780172e+01
5.230000000000000000e+02	2.458210624426013879e+01
5.240000000000000000e+02	2.370607261082028216e+01
5.250000000000000000e+02	2.281834975924397213e+01
5.260000000000000000e+02	2.192097322339692056e+01
5.270000000000000000e+02	2.101601942344723284e+01
5.280000000000000000e+02	2.010540687830758699e+01
5.290000000000000000e+02	1.919104733171820243e+01
5.300000000000000000e+02	1.827441686547738442e+01
5.310000000000000000e+02	1.735752435522798720e+01
5.320000000000000000e+02	1.644322321018547939e+01
5.330000000000000000e+02	1.553442804033007718e+01
5.340000000000000000e+02	1.463422640241988049e+01
5.350000000000000000e+02	1.374526839168514591e+01
5.360000000000000000e+02	1.286986576728302190e+01
5.370000000000000000e+02	1.201032188962232361e+01
5.380000000000000000e+02	1.116896500710866924e+01
5.390000000000000000e+02	1.034841222593495580e+01
5.400000000000000000e+02	9.551328778941025277e+00
5.410000000000000000e+02	8.780295317218325124e+00
5.420000000000000000e+02	8.037649983225191974e+00
5.430000000000000000e+02	7.325980945765438790e+00
5.440000000000000000e+02	6.647595710043399997e+00
5.450000000000000000e+02	6.004853289037298758e+00
5.460000000000000000e+02	5.400123921773789526e+00
5.470000000000000000e+02	4.835224191662865323e+00
5.480000000000000000e+02	4.312154107393451952e+00
5.490000000000000000e+02	3.832568164192100113e+00
5.500000000000000000e+02	3.397699966344295497e+00
5.510000000000000000e+02	3.008761626520622734e+00
5.520000000000000000e+02	2.666841157359489678e+00
5.530000000000000000e+02	2.372925007002680609e+00
5.540000000000000000e+02	2.127818178400286975e+00
5.550000000000000000e+02	1.931909829525328526e+00
5.560000000000000000e+02	1.785372316187007868e+00
5.570000000000000000e+02	1.688104822402361371e+00
5.580000000000000000e+02	1.639724364750635877e+00
5.590000000000000000e+02	1.639663557328040477e+00
5.600000000000000000e+02	1.687234721894946610e+00
5.610000000000000000e+02	1.781560761097274792e+00
5.620000000000000000e+02	1.921521309773710273e+00
5.630000000000000000e+02	2.105836441767191758e+00
5.640000000000000000e+02	2.333076984257619113e+00
5.650000000000000000e+02	2.601639082674391812e+00
5.660000000000000000e+02	2.909617766067064792e+00
5.670000000000000000e+02	3.254001187839214104e+00
5.680000000000000000e+02	3.633617445549309544e+00
5.690000000000000000e+02	4.049806277447377312e+00
5.700000000000000000e+02	4.497291307027137641e+00
5.710000000000000000e+02	4.974466641562752756e+00
5.720000000000000000e+02	5.478940534162095588e+00
5.730000000000000000e+02	6.008534618650281267e+00
5.740000000000000000e+02	6.561052463697347292e+00
5.750000000000000000e+02	7.134272209335511761e+00
5.760000000000000000e+02	7.726105248043510620e+00
5.770000000000000000e+02	8.334413549762356155e+00
5.780000000000000000e+02	8.957305772318278514e+00
5.790000000000000000e+02	9.592865947308183650e+00
5.800000000000000000e+02	1.023929173134986215e+01
5.810000000000000000e+02	1.089475637105312167e+01
5.820000000000000000e+02	1.155746083360199705e+01
5.830000000000000000e+02	1.222559666907104692e+01
5.840000000000000000e+02	1.289757264166649620e+01
5.850000000000000000e+02	1.357206796659593273e+01
5.860000000000000000e+02	1.424768806877969496e+01
5.870000000000000000e+02	1.492291523469845060e+01
5.880000000000000000e+02	1.559638494149645993e+01
5.890000000000000000e+02	1.626691717349550359e+01
5.900000000000000000e+02	1.693365878666648783e+01
5.910000000000000000e+02	1.759588926022910726e+01
5.920000000000000000e+02	1.825252930336245427e+01
5.930000000000000000e+02	1.890248173180704683e+01
5.940000000000000000e+02	1.954477955982674686e+01
5.950000000000000000e+02	2.017858998102077095e+01
5.960000000000000000e+02	2.080339307025907303e+01
5.970000000000000000e+02	2.141864119295773961e+01
5.980000000000000000e+02	2.202363259654041983e+01
5.990000000000000000e+02	2.261780889322300681e+01
6.000000000000000000e+02	2.320059003309881618e+01
6.010000000000000000e+02	2.377184261059641202e+01
6.020000000000000000e+02	2.433159032907489205e+01
6.030000000000000000e+02	2.487952879364959102e+01
6.040000000000000000e+02	2.541517470366326137e+01
6.050000000000000000e+02	2.593816655168907914e+01
6.060000000000000000e+02	2.644803509962182986e+01
6.070000000000000000e+02	2.694452808490428808e+01
6.080000000000000000e+02	2.742729862372666005e+01
6.090000000000000000e+02	2.789610882319623641e+01
6.100000000000000000e+02	2.835111887781555495e+01
6.110000000000000000e+02	2.879252993573883757e+01
6.120000000000000000e+02	2.922031391732928185e+01
6.130000000000000000e+02	2.963434088110931697e+01
6.140000000000000000e+02	3.003501270479534568e+01
6.150000000000000000e+02	3.042295744813054981e+01
6.160000000000000000e+02	3.079771934898269237e+01
6.170000000000000000e+02	3.115866821855836477e+01
6.180000000000000000e+02	3.150595812553319419e+01
6.190000000000000000e+02	3.183973139759087445e+01
6.200000000000000000e+02	3.215971990225470023e+01
6.210000000000000000e+02	3.246574638079404451e+01
6.220000000000000000e+02	3.275836584111281979e+01
6.230000000000000000e+02	3.303795712772156179e+01
6.240000000000000000e+02	3.330430448090903894e+01
6.250000000000000000e+02	3.355779234738007233e+01
6.260000000000000000e+02	3.379944757894642038e+01
6.270000000000000000e+02	3.402957269262007856e+01
6.280000000000000000e+02	3.424804320240535560e+01
6.290000000000000000e+02	3.445450249630619055e+01
6.300000000000000000e+02	3.464860399594979867e+01
6.310000000000000000e+02	3.483046160340733621e+01
6.320000000000000000e+02	3.500016339820833622e+01
6.330000000000000000e+02	3.515746854861457393e+01
6.340000000000000000e+02	3.530226462446132984e+01
6.350000000000000000e+02	3.543508222932157992e+01
6.360000000000000000e+02	3.555639428711273808e+01
6.370000000000000000e+02	3.566622643045691632e+01
6.380000000000000000e+02	3.576469391545531096e+01
6.390000000000000000e+02	3.585208535254774631e+01
6.400000000000000000e+02	3.592854647047594341e+01
6.410000000000000000e+02	3.599413627617197875e+01
6.420000000000000000e+02	3.604893252499168455e+01
6.430000000000000000e+02	3.609300804137973273e+01
6.440000000000000000e+02	3.612635908763763837e+01
6.450000000000000000e+02	3.614905049073874466e+01
6.460000000000000000e+02	3.616190437558429238e+01
6.470000000000000000e+02	3.616564231785775974e+01
6.480000000000000000e+02	3.615966440796950820e+01
6.490000000000000000e+02	3.614336818866304668e+01
6.500000000000000000e+02	3.611694157478061129e+01
6.510000000000000000e+02	3.608072635012795359e+01
6.520000000000000000e+02	3.603509390761385589e+01
6.530000000000000000e+02	3.598032594124892114e+01
6.540000000000000000e+02	3.591658242966249048e+01
6.550000000000000000e+02	3.584376184507076601e+01
6.560000000000000000e+02	3.576159415151520449e+01
6.570000000000000000e+02	3.567016312506292053e+01
6.580000000000000000e+02	3.556968520846162107e+01
6.590000000000000000e+02	3.545998105064612815e+01
6.600000000000000000e+02	3.534078965831653107e+01
6.610000000000000000e+02	3.521240331818627567e+01
6.620000000000000000e+02	3.507519203292636689e+01
6.630000000000000000e+02	3.492931636060989575e+01
6.640000000000000000e+02	3.477486928820375311e+01
6.650000000000000000e+02	3.461189587439166360e+01
6.660000000000000000e+02	3.444052281840277629e+01
6.670000000000000000e+02	3.426095223737449658e+01
6.680000000000000000e+02	3.407330095316320495e+01
6.690000000000000000e+02	3.387752024789195104e+01
6.700000000000000000e+02	3.367370872300911344e+01
6.710000000000000000e+02	3.346202375943405372e+01
6.720000000000000000e+02	3.324250431265369343e+01
6.730000000000000000e+02	3.301526970881773337e+01
6.740000000000000000e+02	3.278092978696177084e+01
6.750000000000000000e+02	3.254006301405080137e+01
6.760000000000000000e+02	3.229225481081958549e+01
6.770000000000000000e+02	3.203695336907085789e+01
6.780000000000000000e+02	3.177436666897725104e+01
6.790000000000000000e+02	3.150473555542231807e+01
6.800000000000000000e+02	3.122812028334979573e+01
6.810000000000000000e+02	3.094474822839722705e+01
6.820000000000000000e+02	3.065537716832117354e+01
6.830000000000000000e+02	3.036011265993726127e+01
6.840000000000000000e+02	3.005832449225193770e+01
6.850000000000000000e+02	2.974992304848623803e+01
6.860000000000000000e+02	2.943523000487786945e+01
6.870000000000000000e+02	2.911447043074277374e+01
6.880000000000000000e+02	2.878769519302668911e+01
6.890000000000000000e+02	2.845505173880551908e+01
6.900000000000000000e+02	2.811678639976918959e+01
6.910000000000000000e+02	2.777299611634544263e+01
6.920000000000000000e+02	2.742377104165829138e+01
6.930000000000000000e+02	2.706926702795175288e+01
6.940000000000000000e+02	2.670964320501843403e+01
6.950000000000000000e+02	2.634498345762251859e+01
6.960000000000000000e+02	2.597555123966598245e+01
6.970000000000000000e+02	2.560170415060747473e+01
6.980000000000000000e+02	2.522349703328659487e+01
6.990000000000000000e+02	2.484110951082100271e+01
7.000000000000000000e+02	2.445446929762031729e+01
7.010000000000000000e+02	2.406392770939160641e+01
7.020000000000000000e+02	2.366958569737661122e+01
7.030000000000000000e+02	2.327190066256409295e+01
7.040000000000000000e+02	2.287071211400692405e+01
7.050000000000000000e+02	2.246601405022951070e+01
7.060000000000000000e+02	2.205820960310406065e+01
7.070000000000000000e+02	2.164773274727465235e+01
7.080000000000000000e+02	2.123488254372200146e+01
7.090000000000000000e+02	2.081988597351159243e+01
7.100000000000000000e+02	2.040289247680009055e+01
7.110000000000000000e+02	1.998424011249170107e+01
7.120000000000000000e+02	1.956453892677113515e+01
7.130000000000000000e+02	1.914425736105599540e+01
7.140000000000000000e+02	1.872388876742516572e+01
7.150000000000000000e+02	1.830333540570007145e+01
7.160000000000000000e+02	1.788224440689569761e+01
7.170000000000000000e+02	1.746081522695886079e+01
7.180000000000000000e+02	1.703939790743942595e+01
7.190000000000000000e+02	1.661845670038038492e+01
7.200000000000000000e+02	1.619822275566806269e+01
7.210000000000000000e+02	1.577865725059234059e+01
7.220000000000000000e+02	1.535952077481158540e+01
7.230000000000000000e+02	1.494175712164251024e+01
7.240000000000000000e+02	1.452605138488147674e+01
7.250000000000000000e+02	1.411251161871341608e+01
7.260000000000000000e+02	1.370128576713807966e+01
7.270000000000000000e+02	1.329279444650838293e+01
7.280000000000000000e+02	1.288737026804433583e+01
7.290000000000000000e+02	1.248547609915419976e+01
7.300000000000000000e+02	1.208746791565127054e+01
7.310000000000000000e+02	1.169352293900775841e+01
7.320000000000000000e+02	1.130389497855795966e+01
7.330000000000000000e+02	1.091868973693114242e+01
7.340000000000000000e+02	1.053817596990067607e+01
7.350000000000000000e+02	1.016269509804139837e+01
7.360000000000000000e+02	9.792571975369082082e+00
7.370000000000000000e+02	9.428056674714049734e+00
7.380000000000000000e+02	9.069258440165871349e+00
7.390000000000000000e+02	8.716436605957628814e+00
7.400000000000000000e+02	8.370049090978170625e+00
7.410000000000000000e+02	8.030452916639823968e+00
7.420000000000000000e+02	7.697907272121874200e+00
7.430000000000000000e+02	7.372658379529039685e+00
7.440000000000000000e+02	7.054995547432209690e+00
7.450000000000000000e+02	6.745159127001836730e+00
7.460000000000000000e+02	6.443323668894893608e+00
7.470000000000000000e+02	6.149852127735788265e+00
7.480000000000000000e+02	5.864907225651920797e+00
7.490000000000000000e+02	5.588665433776427882e+00
7.500000000000000000e+02	5.321338688129439554e+00
7.510000000000000000e+02	5.063083728849918863e+00
7.520000000000000000e+02	4.814137442195429273e+00
7.530000000000000000e+02	4.574625868308848986e+00
7.540000000000000000e+02	4.344757234013758129e+00
7.550000000000000000e+02	4.124643590101056745e+00
7.560000000000000000e+02	3.914454307081150830e+00
7.570000000000000000e+02	3.714290984499586834e+00
7.580000000000000000e+02	3.524302518518139138e+00
7.590000000000000000e+02	3.344553535041962178e+00
7.600000000000000000e+02	3.175197372362815962e+00
7.610000000000000000e+02	3.016261703842774367e+00
7.620000000000000000e+02	2.867764963203815132e+00
7.630000000000000000e+02	2.729790721782899610e+00
7.640000000000000000e+02	2.602408980028323882e+00
7.650000000000000000e+02	2.485673410167772879e+00
7.660000000000000000e+02	2.379615740929238665e+00
7.670000000000000000e+02	2.284262045985270717e+00
7.680000000000000000e+02	2.199648505472124427e+00
7.690000000000000000e+02	2.125789097575747633e+00
7.700000000000000000e+02	2.062663397120116038e+00
7.710000000000000000e+02	2.010251362668465269e+00
7.720000000000000000e+02	1.968536305969392775e+00
7.730000000000000000e+02	1.937465442167500607e+00
7.740000000000000000e+02	1.916965036783336629e+00
7.750000000000000000e+02	1.907050265192008709e+00
7.760000000000000000e+02	1.907747961923041524e+00
7.770000000000000000e+02	1.918879606639937618e+00
7.780000000000000000e+02	1.940215732801878312e+00
7.790000000000000000e+02	1.971654961539150541e+00
7.800000000000000000e+02	2.013101916976226757e+00
7.810000000000000000e+02	2.064401092978578323e+00
7.820000000000000000e+02	2.125395840636020495e+00
7.830000000000000000e+02	2.195950298373529730e+00
7.840000000000000000e+02	2.275872954642909729e+00
7.850000000000000000e+02	2.364906483324620723e+00
7.860000000000000000e+02	2.462873464377303812e+00
7.870000000000000000e+02	2.569670253110865943e+00
7.880000000000000000e+02	2.685143598012509347e+00
7.890000000000000000e+02	2.809106889038754495e+00
7.900000000000000000e+02	2.941373444284243632e+00
7.910000000000000000e+02	3.081756797722823737e+00
7.920000000000000000e+02	3.230070942629001962e+00
7.930000000000000000e+02	3.386132508752351278e+00
7.940000000000000000e+02	3.549765794304247990e+00
7.950000000000000000e+02	3.720788904774563477e+00
7.960000000000000000e+02	3.899000889317777663e+00
7.970000000000000000e+02	4.084174504329245892e+00
7.980000000000000000e+02	4.276073462177151008e+00
7.990000000000000000e+02	4.474469414402456380e+00
8.000000000000000000e+02	4.679135925574320787e+00
8.010000000000000000e+02	4.889838305225664428e+00
8.020000000000000000e+02	5.106342011057091845e+00
8.030000000000000000e+02	5.328409644291880909e+00
8.040000000000000000e+02	5.555790602873254436e+00
8.050000000000000000e+02	5.788269777463518118e+00
8.060000000000000000e+02	6.025680210521206170e+00
8.070000000000000000e+02	6.267783692392966621e+00
8.080000000000000000e+02	6.514286753947496678e+00
8.090000000000000000e+02	6.764947034266898918e+00
8.100000000000000000e+02	7.019540419594275882e+00
8.110000000000000000e+02	7.277826292467234559e+00
8.120000000000000000e+02	7.539565555875363145e+00
8.130000000000000000e+02	7.804531173705519187e+00
8.140000000000000000e+02	8.072490311697025689e+00
8.150000000000000000e+02	8.343195793169112306e+00
8.160000000000000000e+02	8.616391669597557978e+00
8.170000000000000000e+02	8.891825527722872380e+00
8.180000000000000000e+02	9.169312818099514928e+00
8.190000000000000000e+02	9.448712225710998780e+00
8.200000000000000000e+02	9.729838170035687739e+00
8.210000000000000000e+02	1.001248563371246370e+01
8.220000000000000000e+02	1.029647404182718340e+01
8.230000000000000000e+02	1.058162773922332356e+01
8.240000000000000000e+02	1.086774968959835164e+01
8.250000000000000000e+02	1.115469531807279324e+01
8.260000000000000000e+02	1.144246503669516812e+01
8.270000000000000000e+02	1.173103800436745026e+01
8.280000000000000000e+02	1.202029348958093813e+01
8.290000000000000000e+02	1.231002156550366422e+01
8.300000000000000000e+02	1.259991402442113007e+01
8.310000000000000000e+02	1.288977161443749964e+01
8.320000000000000000e+02	1.317950079350814008e+01
8.330000000000000000e+02	1.346897192860772030e+01
8.340000000000000000e+02	1.375803605651043426e+01
8.350000000000000000e+02	1.404658587156194471e+01
8.360000000000000000e+02	1.433453009667089972e+01
8.370000000000000000e+02	1.462175253774821115e+01
8.380000000000000000e+02	1.490813178810368989e+01
8.390000000000000000e+02	1.519355036806073223e+01
8.400000000000000000e+02	1.547790685784412545e+01
8.410000000000000000e+02	1.576113179853774149e+01
8.420000000000000000e+02	1.604314806690974748e+01
8.430000000000000000e+02	1.632385644190554430e+01
8.440000000000000000e+02	1.660315798524527153e+01
8.450000000000000000e+02	1.688095790594226386e+01
8.460000000000000000e+02	1.715719162956035149e+01
8.470000000000000000e+02	1.743181728552564991e+01
8.480000000000000000e+02	1.770476714142396091e+01
8.490000000000000000e+02	1.797595905628044477e+01
8.500000000000000000e+02	1.824531267953344837e+01
8.510000000000000000e+02	1.851275864945631611e+01
8.520000000000000000e+02	1.877826825160682844e+01
8.530000000000000000e+02	1.904181424641110354e+01
8.540000000000000000e+02	1.930333525385901794e+01
8.550000000000000000e+02	1.956276499499722377e+01
8.560000000000000000e+02	1.982003923130644552e+01
8.570000000000000000e+02	2.007511985729978221e+01
8.580000000000000000e+02	2.032800509594708060e+01
8.590000000000000000e+02	2.057866979667273810e+01
8.600000000000000000e+02	2.082706088408837175e+01
8.610000000000000000e+02	2.107312516605015418e+01
8.620000000000000000e+02	2.131681539191371400e+01
8.630000000000000000e+02	2.155812695410150681e+01
8.640000000000000000e+02	2.179707168954580965e+01
8.650000000000000000e+02	2.203362037316958677e+01
8.660000000000000000e+02	2.226772942027965385e+01
8.670000000000000000e+02	2.249935607607130450e+01
8.680000000000000000e+02	2.272847590654702543e+01
8.690000000000000000e+02	2.295511226247012715e+01
8.700000000000000000e+02	2.317927559003971183e+01
8.710000000000000000e+02	2.340093467210403588e+01
8.720000000000000000e+02	2.362005423848158614e+01
8.730000000000000000e+02	2.383660136190744083e+01
8.740000000000000000e+02	2.405058105184744832e+01
8.750000000000000000e+02	2.426203176287043206e+01
8.760000000000000000e+02	2.447095260706080921e+01
8.770000000000000000e+02	2.467731479313750498e+01
8.780000000000000000e+02	2.488108931177632854e+01
8.790000000000000000e+02	2.508225735479744500e+01
8.800000000000000000e+02	2.528085289353665033e+01
8.810000000000000000e+02	2.547691420029619636e+01
8.820000000000000000e+02	2.567042817308139036e+01
8.830000000000000000e+02	2.586137023768631948e+01
8.840000000000000000e+02	2.604971633154958965e+01
8.850000000000000000e+02	2.623547073948736497e+01
8.860000000000000000e+02	2.641868626289381439e+01
8.870000000000000000e+02	2.659938727302066752e+01
8.880000000000000000e+02	2.677755589368156564e+01
8.890000000000000000e+02	2.695316939758004438e+01
8.900000000000000000e+02	2.712620831337155280e+01
8.910000000000000000e+02	2.729671220751115257e+01
8.920000000000000000e+02	2.746474588092658919e+01
8.930000000000000000e+02	2.763028207856357810e+01
8.940000000000000000e+02	2.779327220880337634e+01
8.950000000000000000e+02	2.795376653214723461e+01
8.960000000000000000e+02	2.811182588955572470e+01
8.970000000000000000e+02	2.826744295783097272e+01
8.980000000000000000e+02	2.842059732957406482e+01
8.990000000000000000e+02	2.857127180511977826e+01
9.000000000000000000e+02	2.871948115394097911e+01
9.010000000000000000e+02	2.886529037362864258e+01
9.020000000000000000e+02	2.900873125079653292e+01
9.030000000000000000e+02	2.914979065821652782e+01
9.040000000000000000e+02	2.928845262048778508e+01
9.050000000000000000e+02	2.942470610105078421e+01
9.060000000000000000e+02	2.955859373690858405e+01
9.070000000000000000e+02	2.969018134112126361e+01
9.080000000000000000e+02	2.981947717031532719e+01
9.090000000000000000e+02	2.994646540335298468e+01
9.100000000000000000e+02	3.007112980260741608e+01
9.110000000000000000e+02	3.019347366925631704e+01
9.120000000000000000e+02	3.031356112482844267e+01
9.130000000000000000e+02	3.043144122194309631e+01
9.140000000000000000e+02	3.054710517042738616e+01
9.150000000000000000e+02	3.066053642793822931e+01
9.160000000000000000e+02	3.077171975247389568e+01
9.170000000000000000e+02	3.088068302140795041e+01
9.180000000000000000e+02	3.098749737784288882e+01
9.190000000000000000e+02	3.109218577972899666e+01
9.200000000000000000e+02	3.119473210029457988e+01
9.210000000000000000e+02	3.129511885947384542e+01
9.220000000000000000e+02	3.139333823058698769e+01
9.230000000000000000e+02	3.148944373486957815e+01
9.240000000000000000e+02	3.158349727689125785e+01
9.250000000000000000e+02	3.167549743166451748e+01
9.260000000000000000e+02	3.176542594891540361e+01
9.270000000000000000e+02	3.185326446278233803e+01
9.280000000000000000e+02	3.193902402760958026e+01
9.290000000000000000e+02	3.202277374396705767e+01
9.300000000000000000e+02	3.210455182681508290e+01
9.310000000000000000e+02	3.218434309306774566e+01
9.320000000000000000e+02	3.226212805325853594e+01
9.330000000000000000e+02	3.233789087142721996e+01
9.340000000000000000e+02	3.241166886349124354e+01
9.350000000000000000e+02	3.248353066477871920e+01
9.360000000000000000e+02	3.255348639313399417e+01
9.370000000000000000e+02	3.262151581169162284e+01
9.380000000000000000e+02	3.268759816185640688e+01
9.390000000000000000e+02	3.275172912659161994e+01
9.400000000000000000e+02	3.281396873587961238e+01
9.410000000000000000e+02	3.287436881413189838e+01
9.420000000000000000e+02	3.293291816497293212e+01
9.430000000000000000e+02	3.298959503147000305e+01
9.440000000000000000e+02	3.304437838234517244e+01
9.450000000000000000e+02	3.309728699127479246e+01
9.460000000000000000e+02	3.314838969946983127e+01
9.470000000000000000e+02	3.319771074960715396e+01
9.480000000000000000e+02	3.324522908447667646e+01
9.490000000000000000e+02	3.329092168339057167e+01
9.500000000000000000e+02	3.333477302341165682e+01
9.510000000000000000e+02	3.337682801404154276e+01
9.520000000000000000e+02	3.341714791449309274e+01
9.530000000000000000e+02	3.345572992595452888e+01
9.540000000000000000e+02	3.349255004407427094e+01
9.550000000000000000e+02	3.352758415204120723e+01
9.560000000000000000e+02	3.356083325625250779e+01
9.570000000000000000e+02	3.359236005677270498e+01
9.580000000000000000e+02	3.362220307172351141e+01
9.590000000000000000e+02	3.365034301214813439e+01
9.600000000000000000e+02	3.367675476927278311e+01
9.610000000000000000e+02	3.370141582557702975e+01
9.620000000000000000e+02	3.372435264277585532e+01
9.630000000000000000e+02	3.374562966040135592e+01
9.640000000000000000e+02	3.376525724188687150e+01
9.650000000000000000e+02	3.378321051357141158e+01
9.660000000000000000e+02	3.379946076740631611e+01
9.670000000000000000e+02	3.381399344745038604e+01
9.680000000000000000e+02	3.382687017814554054e+01
9.690000000000000000e+02	3.383814222931522409e+01
9.700000000000000000e+02	3.384775034148210437e+01
9.710000000000000000e+02	3.385565835731944873e+01
9.720000000000000000e+02	3.386193482165015922e+01
9.730000000000000000e+02	3.386662127236341746e+01
9.740000000000000000e+02	3.386969240910849521e+01
9.750000000000000000e+02	3.387111908401957550e+01
9.760000000000000000e+02	3.387087768268494159e+01
9.770000000000000000e+02	3.386899394152721499e+01
9.780000000000000000e+02	3.386552834589320327e+01
9.790000000000000000e+02	3.386048613574972421e+01
9.800000000000000000e+02	3.385383959420938993e+01
9.810000000000000000e+02	3.384556054616142262e+01
9.820000000000000000e+02	3.383563471730467853e+01
9.830000000000000000e+02	3.382411061035397637e+01
9.840000000000000000e+02	3.381103391677487480e+01
9.850000000000000000e+02	3.379638780947311716e+01
9.860000000000000000e+02	3.378014349516053727e+01
9.870000000000000000e+02	3.376227286279842588e+01
9.880000000000000000e+02	3.374278318314218694e+01
9.890000000000000000e+02	3.372173317426113925e+01
9.900000000000000000e+02	3.369914238771603010e+01
9.910000000000000000e+02	3.367498378665200676e+01
9.920000000000000000e+02	3.364922813477309660e+01
9.930000000000000000e+02	3.362185226684126604e+01
9.940000000000000000e+02	3.359288887348925812e+01
9.950000000000000000e+02	3.356239112997558749e+01
9.960000000000000000e+02	3.353035228922160371e+01
9.970000000000000000e+02	3.349674273701756988e+01
9.980000000000000000e+02	3.346153297462092979e+01
9.990000000000000000e+02	3.342471455469461716e+01
1.000000000000000000e+03	3.338633867021452062e+01
1.001000000000000000e+03	3.334643848206117411e+01
1.002000000000000000e+03	3.330499068632410342e+01
1.003000000000000000e+03	3.326196544395517662e+01
1.004000000000000000e+03	3.321733494331873970e+01
1.005000000000000000e+03	3.317111463422556028e+01
1.006000000000000000e+03	3.312335949865128981e+01
1.007000000000000000e+03	3.307407617545503342e+01
1.008000000000000000e+03	3.302323539093620752e+01
1.009000000000000000e+03	3.297080733840272870e+01
1.010000000000000000e+03	3.291677288232450138e+01
1.011000000000000000e+03	3.286117130760189298e+01
1.012000000000000000e+03	3.280404695404645565e+01
1.013000000000000000e+03	3.274538467205249503e+01
1.014000000000000000e+03	3.268515511171977295e+01
1.015000000000000000e+03	3.262332949923214187e+01
1.016000000000000000e+03	3.255990791156850150e+01
1.017000000000000000e+03	3.249494260535658441e+01
1.018000000000000000e+03	3.242845522212103759e+01
1.019000000000000000e+03	3.236041990259636947e+01
1.020000000000000000e+03	3.229080784621081079e+01
1.021000000000000000e+03	3.221959454580244397e+01
1.022000000000000000e+03	3.214680460461536171e+01
1.023000000000000000e+03	3.207248849913722921e+01
1.024000000000000000e+03	3.199664330350509545e+01
1.025000000000000000e+03	3.191924071493806281e+01
1.026000000000000000e+03	3.184025264444830228e+01
1.027000000000000000e+03	3.175966703736488483e+01
1.028000000000000000e+03	3.167752839493115857e+01
1.029000000000000000e+03	3.159387156827807175e+01
1.030000000000000000e+03	3.150867688393508104e+01
1.031000000000000000e+03	3.142191671652792095e+01
1.032000000000000000e+03	3.133356485821695614e+01
1.033000000000000000e+03	3.124363111093651568e+01
1.034000000000000000e+03	3.115216691902827151e+01
1.035000000000000000e+03	3.105918376497730904e+01
1.036000000000000000e+03	3.096465588254229573e+01
1.037000000000000000e+03	3.086855665996392517e+01
1.038000000000000000e+03	3.077086700911621620e+01
1.039000000000000000e+03	3.067161981898179945e+01
1.040000000000000000e+03	3.057085957510528118e+01
1.041000000000000000e+03	3.046857660342096707e+01
1.042000000000000000e+03	3.036474501668256920e+01
1.043000000000000000e+03	3.025933954708882467e+01
1.044000000000000000e+03	3.015235736759109386e+01
1.045000000000000000e+03	3.004384602017254124e+01
1.046000000000000000e+03	2.993383146158791774e+01
1.047000000000000000e+03	2.982229369936544927e+01
1.048000000000000000e+03	2.970920716272896200e+01
1.049000000000000000e+03	2.959454762233870184e+01
1.050000000000000000e+03	2.947834030400763794e+01
1.051000000000000000e+03	2.936064305174454603e+01
1.052000000000000000e+03	2.924143463781468455e+01
1.053000000000000000e+03	2.912066019700813513e+01
1.054000000000000000e+03	2.899835090703635743e+01
1.055000000000000000e+03	2.887455962484035155e+01
1.056000000000000000e+03	2.874927773425705979e+01
1.057000000000000000e+03	2.862248048800652001e+01
1.058000000000000000e+03	2.849414652032224282e+01
1.059000000000000000e+03	2.836427723964824921e+01
1.060000000000000000e+03	2.823292036790275361e+01
1.061000000000000000e+03	2.810010109069896345e+01
1.062000000000000000e+03	2.796580192045147584e+01
1.063000000000000000e+03	2.783000234584856614e+01
1.064000000000000000e+03	2.769268507370881593e+01
1.065000000000000000e+03	2.755387302190219145e+01
1.066000000000000000e+03	2.741361502396502559e+01
1.067000000000000000e+03	2.727191619262566746e+01
1.068000000000000000e+03	2.712875769206902632e+01
1.069000000000000000e+03	2.698412110372274242e+01
1.070000000000000000e+03	2.683800003896769226e+01
1.071000000000000000e+03	2.669043644783013391e+01
1.072000000000000000e+03	2.654146832820772417e+01
1.073000000000000000e+03	2.639108670476558771e+01
1.074000000000000000e+03	2.623927480189421857e+01
1.075000000000000000e+03	2.608601713922888266e+01
1.076000000000000000e+03	2.593132643594499598e+01
1.077000000000000000e+03	2.577525316904631225e+01
1.078000000000000000e+03	2.561781725012908950e+01
1.079000000000000000e+03	2.545900522604859972e+01
1.080000000000000000e+03	2.529880290789276387e+01
1.081000000000000000e+03	2.513720170032510737e+01
1.082000000000000000e+03	2.497423535190621280e+01
1.083000000000000000e+03	2.480995120114768326e+01
1.084000000000000000e+03	2.464435234756416904e+01
1.085000000000000000e+03	2.447742665139984908e+01
1.086000000000000000e+03	2.430916279541456859e+01
1.087000000000000000e+03	2.413956631502849604e+01
1.088000000000000000e+03	2.396868596509217397e+01
1.089000000000000000e+03	2.379655599495088580e+01
1.090000000000000000e+03	2.362317090543417564e+01
1.091000000000000000e+03	2.344852161482002728e+01
1.092000000000000000e+03	2.327260141646423364e+01
1.093000000000000000e+03	2.309543597029052719e+01
1.094000000000000000e+03	2.291707809561556886e+01
1.095000000000000000e+03	2.273754553755543029e+01
1.096000000000000000e+03	2.255683213999569858e+01
1.097000000000000000e+03	2.237493219488166929e+01
1.098000000000000000e+03	2.219184858008259553e+01
1.099000000000000000e+03	2.200762575146455902e+01
1.100000000000000000e+03	2.182231025806551727e+01
