# Fresnel Simulation Metadata
# ---------------------------
# Layer 0: Air (Espesor Infinito)
# Layer 1: AlN (hexagonal) | Input: 470.00 nm | Optimized: 475.25 nm
# Layer 2: Si (Espesor Infinito)
# 
# Wavelength(nm)	Response
2.500000000000000000e+02	7.674466004609611502e+01
2.510000000000000000e+02	7.061235875465703771e+01
2.520000000000000000e+02	6.317677329230402705e+01
2.530000000000000000e+02	5.395093546742938884e+01
2.540000000000000000e+02	4.299712265222175489e+01
2.550000000000000000e+02	3.140394676366827653e+01
2.560000000000000000e+02	2.150495592062769035e+01
2.570000000000000000e+02	1.667357223396281540e+01
2.580000000000000000e+02	1.832741155112620390e+01
2.590000000000000000e+02	2.516678954638435073e+01
2.600000000000000000e+02	3.453552934912080730e+01
2.610000000000000000e+02	4.416320172206253858e+01
2.620000000000000000e+02	5.282129353853032683e+01
2.630000000000000000e+02	6.004905705824648265e+01
2.640000000000000000e+02	6.577005692340902954e+01
2.650000000000000000e+02	7.008774591572704082e+01
2.660000000000000000e+02	7.318591444361901210e+01
2.670000000000000000e+02	7.524925147949559801e+01
2.680000000000000000e+02	7.644602585786040549e+01
2.690000000000000000e+02	7.685174514716943861e+01
2.700000000000000000e+02	7.653831954698698326e+01
2.710000000000000000e+02	7.555493978368942010e+01
2.720000000000000000e+02	7.391480437169073525e+01
2.730000000000000000e+02	7.159807829996709927e+01
2.740000000000000000e+02	6.848692393116670019e+01
2.750000000000000000e+02	6.434258220451263810e+01
2.760000000000000000e+02	5.904463177110082484e+01
2.770000000000000000e+02	5.258302373427610377e+01
2.780000000000000000e+02	4.512029467332867938e+01
2.790000000000000000e+02	3.719580538827186444e+01
2.800000000000000000e+02	2.983977066473849860e+01
2.810000000000000000e+02	2.440806155253690335e+01
2.820000000000000000e+02	2.218064685056633323e+01
2.830000000000000000e+02	2.368662843880384727e+01
2.840000000000000000e+02	2.833849638475476240e+01
2.850000000000000000e+02	3.484676497896250424e+01
2.860000000000000000e+02	4.186944075231825479e+01
2.870000000000000000e+02	4.841564793179639992e+01
2.880000000000000000e+02	5.400750629859091845e+01
2.890000000000000000e+02	5.854752506827389880e+01
2.900000000000000000e+02	6.207958910865441027e+01
2.910000000000000000e+02	6.474339232360979679e+01
2.920000000000000000e+02	6.670786490221590270e+01
2.930000000000000000e+02	6.812162827473093785e+01
2.940000000000000000e+02	6.904734775401087177e+01
2.950000000000000000e+02	6.955401125674163154e+01
2.960000000000000000e+02	6.969185551124708411e+01
2.970000000000000000e+02	6.948573774351811494e+01
2.980000000000000000e+02	6.895998992102256864e+01
2.990000000000000000e+02	6.812048769234557710e+01
3.000000000000000000e+02	6.695718142603092815e+01
3.010000000000000000e+02	6.545050728665800932e+01
3.020000000000000000e+02	6.360697620744834069e+01
3.030000000000000000e+02	6.141827065884089620e+01
3.040000000000000000e+02	5.884613496347395056e+01
3.050000000000000000e+02	5.585174629344936648e+01
3.060000000000000000e+02	5.240931599646960848e+01
3.070000000000000000e+02	4.849765001288400157e+01
3.080000000000000000e+02	4.410962580789426113e+01
3.090000000000000000e+02	3.929096937887504026e+01
3.100000000000000000e+02	3.414625862781574739e+01
3.110000000000000000e+02	2.885847120469750138e+01
3.120000000000000000e+02	2.371515036132453957e+01
3.130000000000000000e+02	1.908456441118512359e+01
3.140000000000000000e+02	1.534549764842146757e+01
3.150000000000000000e+02	1.282821214115705111e+01
3.160000000000000000e+02	1.174482301662451889e+01
3.170000000000000000e+02	1.212585567380284957e+01
3.180000000000000000e+02	1.383320175535868124e+01
3.190000000000000000e+02	1.661425985512318704e+01
3.200000000000000000e+02	2.016143212284865527e+01
3.210000000000000000e+02	2.416946488539865001e+01
3.220000000000000000e+02	2.837395112800427199e+01
3.230000000000000000e+02	3.256600526234174708e+01
3.240000000000000000e+02	3.659643156933656627e+01
3.250000000000000000e+02	4.036919756500763157e+01
3.260000000000000000e+02	4.382954043666459398e+01
3.270000000000000000e+02	4.695376026695576144e+01
3.280000000000000000e+02	4.974115515074816329e+01
3.290000000000000000e+02	5.220512094295578009e+01
3.300000000000000000e+02	5.436611927054603655e+01
3.310000000000000000e+02	5.624302504040153394e+01
3.320000000000000000e+02	5.785020498229132357e+01
3.330000000000000000e+02	5.920877999343019837e+01
3.340000000000000000e+02	6.034374640964913539e+01
3.350000000000000000e+02	6.127049291791966112e+01
3.360000000000000000e+02	6.199909211219537042e+01
3.370000000000000000e+02	6.253864276939169997e+01
3.380000000000000000e+02	6.289813204537377800e+01
3.390000000000000000e+02	6.308717010711104933e+01
3.400000000000000000e+02	6.311052135193213530e+01
3.410000000000000000e+02	6.296947343428671928e+01
3.420000000000000000e+02	6.266145493337878492e+01
3.430000000000000000e+02	6.218794379016290463e+01
3.440000000000000000e+02	6.154595545512879795e+01
3.450000000000000000e+02	6.072863830436769916e+01
3.460000000000000000e+02	5.972920040736976688e+01
3.470000000000000000e+02	5.853578793987875173e+01
3.480000000000000000e+02	5.714114683903263625e+01
3.490000000000000000e+02	5.553146056450327706e+01
3.500000000000000000e+02	5.369575612111490415e+01
3.510000000000000000e+02	5.161575502751257716e+01
3.520000000000000000e+02	4.928505952166893422e+01
3.530000000000000000e+02	4.670373246617877072e+01
3.540000000000000000e+02	4.387598784155774467e+01
3.550000000000000000e+02	4.082006617649278724e+01
3.560000000000000000e+02	3.756540682605219672e+01
3.570000000000000000e+02	3.416782694938921594e+01
3.580000000000000000e+02	3.069052283230416833e+01
3.590000000000000000e+02	2.723129131803424485e+01
3.600000000000000000e+02	2.389157341965426795e+01
3.610000000000000000e+02	2.078900387735692235e+01
3.620000000000000000e+02	1.806688403233382445e+01
3.630000000000000000e+02	1.586507312045455720e+01
3.640000000000000000e+02	1.433472927483896697e+01
3.650000000000000000e+02	1.355324573342631567e+01
3.660000000000000000e+02	1.360864081516922042e+01
3.670000000000000000e+02	1.449685912720367043e+01
3.680000000000000000e+02	1.615118185015140995e+01
3.690000000000000000e+02	1.842308062671186519e+01
3.700000000000000000e+02	2.115083300835888380e+01
3.710000000000000000e+02	2.416418150426225608e+01
3.720000000000000000e+02	2.730581777790667886e+01
3.730000000000000000e+02	3.043517139932002635e+01
3.740000000000000000e+02	3.344303230269405702e+01
3.750000000000000000e+02	3.626118123204842902e+01
3.760000000000000000e+02	3.885839406424774722e+01
3.770000000000000000e+02	4.122319286810785144e+01
3.780000000000000000e+02	4.335684606687197373e+01
3.790000000000000000e+02	4.527193210175608584e+01
3.800000000000000000e+02	4.698459887236948163e+01
3.810000000000000000e+02	4.851330192439834832e+01
3.820000000000000000e+02	4.986613000128230055e+01
3.830000000000000000e+02	5.104961763229601956e+01
3.840000000000000000e+02	5.208108431492237145e+01
3.850000000000000000e+02	5.297924364288579824e+01
3.860000000000000000e+02	5.375927175122967583e+01
3.870000000000000000e+02	5.442968111578963430e+01
3.880000000000000000e+02	5.498736663363597188e+01
3.890000000000000000e+02	5.543518973186100141e+01
3.900000000000000000e+02	5.578941409852264144e+01
3.910000000000000000e+02	5.605515857518592782e+01
3.920000000000000000e+02	5.622901815143678306e+01
3.930000000000000000e+02	5.630902323133003051e+01
3.940000000000000000e+02	5.629535599934369827e+01
3.950000000000000000e+02	5.618882123738941203e+01
3.960000000000000000e+02	5.599069644563483195e+01
3.970000000000000000e+02	5.570235640276855094e+01
3.980000000000000000e+02	5.532452157249625202e+01
3.990000000000000000e+02	5.485486878976585956e+01
4.000000000000000000e+02	5.429081930592009542e+01
4.010000000000000000e+02	5.363167214884565936e+01
4.020000000000000000e+02	5.288112901693792622e+01
4.030000000000000000e+02	5.205074714935391000e+01
4.040000000000000000e+02	5.114413672447805936e+01
4.050000000000000000e+02	5.015151988133778360e+01
4.060000000000000000e+02	4.907012241786944884e+01
4.070000000000000000e+02	4.790581675351840119e+01
4.080000000000000000e+02	4.666500262715071301e+01
4.090000000000000000e+02	4.535361641280447742e+01
4.100000000000000000e+02	4.397292796579649377e+01
4.110000000000000000e+02	4.252229746873989313e+01
4.120000000000000000e+02	4.100270661782922588e+01
4.130000000000000000e+02	3.941628704471290234e+01
4.140000000000000000e+02	3.776713734930558530e+01
4.150000000000000000e+02	3.606013400518379086e+01
4.160000000000000000e+02	3.430025209378954543e+01
4.170000000000000000e+02	3.249342831778010776e+01
4.180000000000000000e+02	3.064647309332150726e+01
4.190000000000000000e+02	2.876850974626553281e+01
4.200000000000000000e+02	2.687202392126896910e+01
4.210000000000000000e+02	2.497112089132010482e+01
4.220000000000000000e+02	2.308097679224800558e+01
4.230000000000000000e+02	2.121729281110323839e+01
4.240000000000000000e+02	1.939639881737375049e+01
4.250000000000000000e+02	1.763631584645133543e+01
4.260000000000000000e+02	1.595597220328552623e+01
4.270000000000000000e+02	1.437534590031500237e+01
4.280000000000000000e+02	1.291326874984927287e+01
4.290000000000000000e+02	1.158593710799456389e+01
4.300000000000000000e+02	1.040820142513712909e+01
4.310000000000000000e+02	9.393351493256218987e+00
4.320000000000000000e+02	8.552483722907474828e+00
4.330000000000000000e+02	7.893347552760300090e+00
4.340000000000000000e+02	7.421243542757681944e+00
4.350000000000000000e+02	7.137674726966516836e+00
4.360000000000000000e+02	7.040519026821153936e+00
4.370000000000000000e+02	7.125078472914584182e+00
4.380000000000000000e+02	7.384260506222937614e+00
4.390000000000000000e+02	7.808800345732740844e+00
4.400000000000000000e+02	8.387670140941047237e+00
4.410000000000000000e+02	9.108493634247043502e+00
4.420000000000000000e+02	9.957625959743339195e+00
4.430000000000000000e+02	1.092116920629844223e+01
4.440000000000000000e+02	1.198488396751424290e+01
4.450000000000000000e+02	1.313405549357904789e+01
4.460000000000000000e+02	1.435318717196479810e+01
4.470000000000000000e+02	1.562734219712982053e+01
4.480000000000000000e+02	1.694376051370367264e+01
4.490000000000000000e+02	1.829105485417049337e+01
4.500000000000000000e+02	1.965963178007915602e+01
4.510000000000000000e+02	2.103927862441267038e+01
4.520000000000000000e+02	2.241881998539922805e+01
4.530000000000000000e+02	2.378911575013767532e+01
4.540000000000000000e+02	2.514307119051069250e+01
4.550000000000000000e+02	2.647463983084845296e+01
4.560000000000000000e+02	2.777845071530813925e+01
4.570000000000000000e+02	2.904933355063038647e+01
4.580000000000000000e+02	3.028306136138328952e+01
4.590000000000000000e+02	3.147728734736023526e+01
4.600000000000000000e+02	3.262983998687770537e+01
4.610000000000000000e+02	3.373754078263312550e+01
4.620000000000000000e+02	3.479793234081522257e+01
4.630000000000000000e+02	3.580973562744548389e+01
4.640000000000000000e+02	3.677182418183400614e+01
4.650000000000000000e+02	3.768324907325858675e+01
4.660000000000000000e+02	3.854598357715998702e+01
4.670000000000000000e+02	3.936362746982481298e+01
4.680000000000000000e+02	4.013453737802268506e+01
4.690000000000000000e+02	4.085437771819918140e+01
4.700000000000000000e+02	4.152237221419017033e+01
4.710000000000000000e+02	4.213944963277528899e+01
4.720000000000000000e+02	4.270774443671253806e+01
4.730000000000000000e+02	4.323013954762974720e+01
4.740000000000000000e+02	4.371037304689079406e+01
4.750000000000000000e+02	4.414984464097991435e+01
4.760000000000000000e+02	4.454475500507292196e+01
4.770000000000000000e+02	4.489285530225268417e+01
4.780000000000000000e+02	4.519505180196073013e+01
4.790000000000000000e+02	4.545325430985268156e+01
4.800000000000000000e+02	4.566989272600704197e+01
4.810000000000000000e+02	4.584658903549448894e+01
4.820000000000000000e+02	4.598428399111542575e+01
4.830000000000000000e+02	4.608366681505452789e+01
4.840000000000000000e+02	4.614543734258355556e+01
4.850000000000000000e+02	4.617102040057977774e+01
4.860000000000000000e+02	4.616170883534633163e+01
4.870000000000000000e+02	4.611736706053264356e+01
4.880000000000000000e+02	4.603794866362098759e+01
4.890000000000000000e+02	4.592457883542486030e+01
4.900000000000000000e+02	4.577817519640473876e+01
4.910000000000000000e+02	4.559892991987576494e+01
4.920000000000000000e+02	4.538736049054755028e+01
4.930000000000000000e+02	4.514469593280715998e+01
4.940000000000000000e+02	4.487125569382888557e+01
4.950000000000000000e+02	4.456671119627544186e+01
4.960000000000000000e+02	4.423220331825573481e+01
4.970000000000000000e+02	4.386970414167992516e+01
4.980000000000000000e+02	4.347852886686876417e+01
4.990000000000000000e+02	4.305743501523831185e+01
5.000000000000000000e+02	4.260813459936295544e+01
5.010000000000000000e+02	4.213261493152830184e+01
5.020000000000000000e+02	4.163008352504812848e+01
5.030000000000000000e+02	4.109951564760453380e+01
5.040000000000000000e+02	4.054086873104861866e+01
5.050000000000000000e+02	3.995437485473379269e+01
5.060000000000000000e+02	3.934055509003594864e+01
5.070000000000000000e+02	3.870079351802622369e+01
5.080000000000000000e+02	3.803713065479668387e+01
5.090000000000000000e+02	3.735022302972345187e+01
5.100000000000000000e+02	3.663981299065726205e+01
5.110000000000000000e+02	3.590628268209992768e+01
5.120000000000000000e+02	3.515038447639608421e+01
5.130000000000000000e+02	3.437313194145819750e+01
5.140000000000000000e+02	3.357565628998956697e+01
5.150000000000000000e+02	3.275847995113392841e+01
5.160000000000000000e+02	3.192212777075319607e+01
5.170000000000000000e+02	3.106848192901248495e+01
5.180000000000000000e+02	3.019928757373818229e+01
5.190000000000000000e+02	2.931595589645264965e+01
5.200000000000000000e+02	2.842018854111053727e+01
5.210000000000000000e+02	2.751488810607217417e+01
5.220000000000000000e+02	2.660178204606886609e+01
5.230000000000000000e+02	2.568144834368806784e+01
5.240000000000000000e+02	2.475587655692078215e+01
5.250000000000000000e+02	2.382725160924483632e+01
5.260000000000000000e+02	2.289814384948128989e+01
5.270000000000000000e+02	2.197116686133921348e+01
5.280000000000000000e+02	2.104877701364708642e+01
5.290000000000000000e+02	2.013342403618712950e+01
5.300000000000000000e+02	1.922715513042232161e+01
5.310000000000000000e+02	1.833249691509974255e+01
5.320000000000000000e+02	1.745262023721902978e+01
5.330000000000000000e+02	1.659064210798456784e+01
5.340000000000000000e+02	1.574973138898387504e+01
5.350000000000000000e+02	1.493264789305509765e+01
5.360000000000000000e+02	1.414189107835375125e+01
5.370000000000000000e+02	1.337990175156581785e+01
5.380000000000000000e+02	1.264907340637246236e+01
5.390000000000000000e+02	1.195191319251512141e+01
5.400000000000000000e+02	1.129083396803921246e+01
5.410000000000000000e+02	1.066809328554990799e+01
5.420000000000000000e+02	1.008565907300247666e+01
5.430000000000000000e+02	9.545581154332891671e+00
5.440000000000000000e+02	9.049575564346657330e+00
5.450000000000000000e+02	8.599289779929446098e+00
5.460000000000000000e+02	8.196250229230425788e+00
5.470000000000000000e+02	7.841493101887978767e+00
5.480000000000000000e+02	7.536014549563217813e+00
5.490000000000000000e+02	7.280397136585449402e+00
5.500000000000000000e+02	7.074938044735828768e+00
5.510000000000000000e+02	6.919898868883380239e+00
5.520000000000000000e+02	6.815316894054356034e+00
5.530000000000000000e+02	6.760989424973530504e+00
5.540000000000000000e+02	6.756445865404063333e+00
5.550000000000000000e+02	6.800926524303595677e+00
5.560000000000000000e+02	6.893447983026691261e+00
5.570000000000000000e+02	7.032818261167542495e+00
5.580000000000000000e+02	7.217675176425972339e+00
5.590000000000000000e+02	7.446523302685605472e+00
5.600000000000000000e+02	7.717767288726314234e+00
5.610000000000000000e+02	8.029645354081411668e+00
5.620000000000000000e+02	8.380222251232078534e+00
5.630000000000000000e+02	8.767490540031589674e+00
5.640000000000000000e+02	9.189306654964646270e+00
5.650000000000000000e+02	9.643487767185114024e+00
5.660000000000000000e+02	1.012764523663903482e+01
5.670000000000000000e+02	1.063792348115208597e+01
5.680000000000000000e+02	1.117339858267123454e+01
5.690000000000000000e+02	1.173644265515116025e+01
5.700000000000000000e+02	1.232037173435497834e+01
5.710000000000000000e+02	1.292363174755472244e+01
5.720000000000000000e+02	1.354361959400114301e+01
5.730000000000000000e+02	1.417821193209980635e+01
5.740000000000000000e+02	1.482535658330670358e+01
5.750000000000000000e+02	1.548298791263364294e+01
5.760000000000000000e+02	1.614923928819169063e+01
5.770000000000000000e+02	1.682225119961258386e+01
5.780000000000000000e+02	1.750047716704515466e+01
5.790000000000000000e+02	1.818236903710005237e+01
5.800000000000000000e+02	1.886649605952883846e+01
5.810000000000000000e+02	1.955138225632512317e+01
5.820000000000000000e+02	2.023556920019010974e+01
5.830000000000000000e+02	2.091758367610395553e+01
5.840000000000000000e+02	2.159624171606478882e+01
5.850000000000000000e+02	2.227066684250449669e+01
5.860000000000000000e+02	2.293985077421141128e+01
5.870000000000000000e+02	2.360263485750919799e+01
5.880000000000000000e+02	2.425800886017256985e+01
5.890000000000000000e+02	2.490516235966174818e+01
5.900000000000000000e+02	2.554368100756209614e+01
5.910000000000000000e+02	2.617324173012369215e+01
5.920000000000000000e+02	2.679306113929073163e+01
5.930000000000000000e+02	2.740232848581912251e+01
5.940000000000000000e+02	2.800037068318900779e+01
5.950000000000000000e+02	2.858665684773190563e+01
5.960000000000000000e+02	2.916096396191695206e+01
5.970000000000000000e+02	2.972301842470256261e+01
5.980000000000000000e+02	3.027238098161854651e+01
5.990000000000000000e+02	3.080871811098009516e+01
6.000000000000000000e+02	3.133166768159438220e+01
6.010000000000000000e+02	3.184134123806193983e+01
6.020000000000000000e+02	3.233799742326998938e+01
6.030000000000000000e+02	3.282151086976700327e+01
6.040000000000000000e+02	3.329156138514403551e+01
6.050000000000000000e+02	3.374791653897909782e+01
6.060000000000000000e+02	3.419025089470509471e+01
6.070000000000000000e+02	3.461845005108462203e+01
6.080000000000000000e+02	3.503230212857270232e+01
6.090000000000000000e+02	3.543166595308309752e+01
6.100000000000000000e+02	3.581679233827967579e+01
6.110000000000000000e+02	3.618802162211415663e+01
6.120000000000000000e+02	3.654542947228560479e+01
6.130000000000000000e+02	3.688895738032416460e+01
6.140000000000000000e+02	3.721910746756964983e+01
6.150000000000000000e+02	3.753659953917707526e+01
6.160000000000000000e+02	3.784102002033949219e+01
6.170000000000000000e+02	3.813175730726016610e+01
6.180000000000000000e+02	3.840902171713224789e+01
6.190000000000000000e+02	3.867301961292601931e+01
6.200000000000000000e+02	3.892349346012471756e+01
6.210000000000000000e+02	3.916030546989320982e+01
6.220000000000000000e+02	3.938405152532567399e+01
6.230000000000000000e+02	3.959512171337959074e+01
6.240000000000000000e+02	3.979332362639408416e+01
6.250000000000000000e+02	3.997906707850385999e+01
6.260000000000000000e+02	4.015339754405654560e+01
6.270000000000000000e+02	4.031664543344129470e+01
6.280000000000000000e+02	4.046868078642526712e+01
6.290000000000000000e+02	4.060915046021250419e+01
6.300000000000000000e+02	4.073770219072823551e+01
6.310000000000000000e+02	4.085444300626409131e+01
6.320000000000000000e+02	4.095948431146974400e+01
6.330000000000000000e+02	4.105257710980423269e+01
6.340000000000000000e+02	4.113360581543949479e+01
6.350000000000000000e+02	4.120311845435847431e+01
6.360000000000000000e+02	4.126158423623058980e+01
6.370000000000000000e+02	4.130903262154253497e+01
6.380000000000000000e+02	4.134557565705542714e+01
6.390000000000000000e+02	4.137149058210101771e+01
6.400000000000000000e+02	4.138693175130323709e+01
6.410000000000000000e+02	4.139194743372380003e+01
6.420000000000000000e+02	4.138660848033432416e+01
6.430000000000000000e+02	4.137099670906594895e+01
6.440000000000000000e+02	4.134508866885462908e+01
6.450000000000000000e+02	4.130894521740961522e+01
6.460000000000000000e+02	4.126337779679955986e+01
6.470000000000000000e+02	4.120910646964563284e+01
6.480000000000000000e+02	4.114551909791970985e+01
6.490000000000000000e+02	4.107201713838709622e+01
6.500000000000000000e+02	4.098877063231715567e+01
6.510000000000000000e+02	4.089613114331346821e+01
6.520000000000000000e+02	4.079445817709553523e+01
6.530000000000000000e+02	4.068402705759437765e+01
6.540000000000000000e+02	4.056500195150949395e+01
6.550000000000000000e+02	4.043726714171120307e+01
6.560000000000000000e+02	4.030055658804244700e+01
6.570000000000000000e+02	4.015496473831232294e+01
6.580000000000000000e+02	4.000069398635334039e+01
6.590000000000000000e+02	3.983757604669581553e+01
6.600000000000000000e+02	3.966536331442560481e+01
6.610000000000000000e+02	3.948435008593444451e+01
6.620000000000000000e+02	3.929489459285229458e+01
6.630000000000000000e+02	3.909716390119718454e+01
6.640000000000000000e+02	3.889125702541641516e+01
6.650000000000000000e+02	3.867721909463529073e+01
6.660000000000000000e+02	3.845518645548801828e+01
6.670000000000000000e+02	3.822536323715731044e+01
6.680000000000000000e+02	3.798787836859753497e+01
6.690000000000000000e+02	3.774268998623226423e+01
6.700000000000000000e+02	3.748991763463872928e+01
6.710000000000000000e+02	3.722973247350133619e+01
6.720000000000000000e+02	3.696218150083247878e+01
6.730000000000000000e+02	3.668740585606533244e+01
6.740000000000000000e+02	3.640601235933549873e+01
6.750000000000000000e+02	3.611856980350475510e+01
6.760000000000000000e+02	3.582470249637585624e+01
6.770000000000000000e+02	3.552389129127013945e+01
6.780000000000000000e+02	3.521636024505056639e+01
6.790000000000000000e+02	3.490236449958576515e+01
6.800000000000000000e+02	3.458199698618394535e+01
6.810000000000000000e+02	3.425548789697623420e+01
6.820000000000000000e+02	3.392359130250461874e+01
6.830000000000000000e+02	3.358643650578330409e+01
6.840000000000000000e+02	3.324345138393703536e+01
6.850000000000000000e+02	3.289458506407705585e+01
6.860000000000000000e+02	3.254017528421326233e+01
6.870000000000000000e+02	3.218047934908577190e+01
6.880000000000000000e+02	3.181557345571366469e+01
6.890000000000000000e+02	3.144563414680320790e+01
6.900000000000000000e+02	3.107094684809912266e+01
6.910000000000000000e+02	3.069163655553675696e+01
6.920000000000000000e+02	3.030782395132718321e+01
6.930000000000000000e+02	2.991970403407695400e+01
6.940000000000000000e+02	2.952747541991972113e+01
6.950000000000000000e+02	2.913125374624850394e+01
6.960000000000000000e+02	2.873133735101081854e+01
6.970000000000000000e+02	2.832810635941751798e+01
6.980000000000000000e+02	2.792163901321325525e+01
6.990000000000000000e+02	2.751217938878230029e+01
7.000000000000000000e+02	2.709968789167908554e+01
7.010000000000000000e+02	2.668457133664927028e+01
7.020000000000000000e+02	2.626694839565786666e+01
7.030000000000000000e+02	2.584731997053258468e+01
7.040000000000000000e+02	2.542558568680865960e+01
7.050000000000000000e+02	2.500181435999312995e+01
7.060000000000000000e+02	2.457643425228935996e+01
7.070000000000000000e+02	2.414989473873861314e+01
7.080000000000000000e+02	2.372252563161000083e+01
7.090000000000000000e+02	2.329459287072515750e+01
7.100000000000000000e+02	2.286629644048876031e+01
7.110000000000000000e+02	2.243799824100729978e+01
7.120000000000000000e+02	2.201029224636889126e+01
7.130000000000000000e+02	2.158362931264104390e+01
7.140000000000000000e+02	2.115849943691480561e+01
7.150000000000000000e+02	2.073488098235502619e+01
7.160000000000000000e+02	2.031254886668138582e+01
7.170000000000000000e+02	1.989175363353279380e+01
7.180000000000000000e+02	1.947285311364137428e+01
7.190000000000000000e+02	1.905631317721384121e+01
7.200000000000000000e+02	1.864239050492618688e+01
7.210000000000000000e+02	1.823117525560016361e+01
7.220000000000000000e+02	1.782251969113609036e+01
7.230000000000000000e+02	1.741727837470588724e+01
7.240000000000000000e+02	1.701607133133113336e+01
7.250000000000000000e+02	1.661904585651744881e+01
7.260000000000000000e+02	1.622638598289742617e+01
7.270000000000000000e+02	1.583852050080929530e+01
7.280000000000000000e+02	1.545576244089012974e+01
7.290000000000000000e+02	1.507852449136314732e+01
7.300000000000000000e+02	1.470713759690029576e+01
7.310000000000000000e+02	1.434178206421735879e+01
7.320000000000000000e+02	1.398274203248848480e+01
7.330000000000000000e+02	1.363016830431404358e+01
7.340000000000000000e+02	1.328432103444811929e+01
7.350000000000000000e+02	1.294551063826459369e+01
7.360000000000000000e+02	1.261402659750399380e+01
7.370000000000000000e+02	1.229011070350281010e+01
7.380000000000000000e+02	1.197393203560681663e+01
7.390000000000000000e+02	1.166574913018618886e+01
7.400000000000000000e+02	1.136590881280327281e+01
7.410000000000000000e+02	1.107468679674799006e+01
7.420000000000000000e+02	1.079230594071825422e+01
7.430000000000000000e+02	1.051897233182408087e+01
7.440000000000000000e+02	1.025492133960331032e+01
7.450000000000000000e+02	1.000034620838456689e+01
7.460000000000000000e+02	9.755379822752441754e+00
7.470000000000000000e+02	9.520270690736431618e+00
7.480000000000000000e+02	9.295098472266857925e+00
7.490000000000000000e+02	9.080019602804272338e+00
7.500000000000000000e+02	8.875219665500576838e+00
7.510000000000000000e+02	8.680790446546556183e+00
7.520000000000000000e+02	8.496876030144782987e+00
7.530000000000000000e+02	8.323543573091026104e+00
7.540000000000000000e+02	8.160917447558013293e+00
7.550000000000000000e+02	8.009046383305379990e+00
7.560000000000000000e+02	7.868000408288320813e+00
7.570000000000000000e+02	7.737782787253090433e+00
7.580000000000000000e+02	7.618459920991607959e+00
7.590000000000000000e+02	7.510068911652629353e+00
7.600000000000000000e+02	7.412666843559936325e+00
7.610000000000000000e+02	7.326213320003278184e+00
7.620000000000000000e+02	7.250673669370797825e+00
7.630000000000000000e+02	7.186049856743902176e+00
7.640000000000000000e+02	7.132328022608087181e+00
7.650000000000000000e+02	7.089477007228325967e+00
7.660000000000000000e+02	7.057442700560945248e+00
7.670000000000000000e+02	7.036168491563579153e+00
7.680000000000000000e+02	7.025611391059840116e+00
7.690000000000000000e+02	7.025703699666158819e+00
7.700000000000000000e+02	7.036342248458409721e+00
7.710000000000000000e+02	7.057427309232655155e+00
7.720000000000000000e+02	7.088863800180491559e+00
7.730000000000000000e+02	7.130521205207069002e+00
7.740000000000000000e+02	7.182251182734811223e+00
7.750000000000000000e+02	7.243989705396488787e+00
7.760000000000000000e+02	7.315675275652370857e+00
7.770000000000000000e+02	7.397056964361262033e+00
7.780000000000000000e+02	7.487849623484473582e+00
7.790000000000000000e+02	7.587885712029748042e+00
7.800000000000000000e+02	7.697001106737461740e+00
7.810000000000000000e+02	7.814982409839021926e+00
7.820000000000000000e+02	7.941617217203492451e+00
7.830000000000000000e+02	8.076708503941159023e+00
7.840000000000000000e+02	8.220018808449932379e+00
7.850000000000000000e+02	8.371271904833676558e+00
7.860000000000000000e+02	8.530256298262965942e+00
7.870000000000000000e+02	8.696811678941557489e+00
7.880000000000000000e+02	8.870743249080220494e+00
7.890000000000000000e+02	9.051837800797740030e+00
7.900000000000000000e+02	9.239884628220702112e+00
7.910000000000000000e+02	9.434675579852680016e+00
7.920000000000000000e+02	9.636005018745565920e+00
7.930000000000000000e+02	9.843669805344566370e+00
7.940000000000000000e+02	1.005746707498496484e+01
7.950000000000000000e+02	1.027718931367968835e+01
7.960000000000000000e+02	1.050261694915874244e+01
7.970000000000000000e+02	1.073350966882923530e+01
7.980000000000000000e+02	1.096963339530930170e+01
7.990000000000000000e+02	1.121075415810985731e+01
8.000000000000000000e+02	1.145662566470433141e+01
8.010000000000000000e+02	1.170700872788439639e+01
8.020000000000000000e+02	1.196167846405755952e+01
8.030000000000000000e+02	1.222037940736282380e+01
8.040000000000000000e+02	1.248283608023391622e+01
8.050000000000000000e+02	1.274891157625764748e+01
8.060000000000000000e+02	1.301854035985917868e+01
8.070000000000000000e+02	1.329142811478536501e+01
8.080000000000000000e+02	1.356719878480799579e+01
8.090000000000000000e+02	1.384562653184290326e+01
8.100000000000000000e+02	1.412651912708784785e+01
8.110000000000000000e+02	1.440964777187066304e+01
8.120000000000000000e+02	1.469478801642553734e+01
8.130000000000000000e+02	1.498173664543210037e+01
8.140000000000000000e+02	1.527027941308663017e+01
8.150000000000000000e+02	1.556017971753001206e+01
8.160000000000000000e+02	1.585119012650213577e+01
8.170000000000000000e+02	1.614306858938819644e+01
8.180000000000000000e+02	1.643567043102946812e+01
8.190000000000000000e+02	1.672890847544216797e+01
8.200000000000000000e+02	1.702262528167976896e+01
8.210000000000000000e+02	1.731663469096610797e+01
8.220000000000000000e+02	1.761078460504726806e+01
8.230000000000000000e+02	1.790492815643048274e+01
8.240000000000000000e+02	1.819888840997758805e+01
8.250000000000000000e+02	1.849255807784971495e+01
8.260000000000000000e+02	1.878601664167580410e+01
8.270000000000000000e+02	1.907930575169246978e+01
8.280000000000000000e+02	1.937233160806158949e+01
8.290000000000000000e+02	1.966488577382527936e+01
8.300000000000000000e+02	1.995663899877071046e+01
8.310000000000000000e+02	2.024740450136443570e+01
8.320000000000000000e+02	2.053712756580263843e+01
8.330000000000000000e+02	2.082570625629130490e+01
8.340000000000000000e+02	2.111301385018859023e+01
8.350000000000000000e+02	2.139897367178644672e+01
8.360000000000000000e+02	2.168352666134395079e+01
8.370000000000000000e+02	2.196658201839053959e+01
8.380000000000000000e+02	2.224804174342035878e+01
8.390000000000000000e+02	2.252781172889481809e+01
8.400000000000000000e+02	2.280581597654121495e+01
8.410000000000000000e+02	2.308201478520043892e+01
8.420000000000000000e+02	2.335635781452748461e+01
8.430000000000000000e+02	2.362876775678099861e+01
8.440000000000000000e+02	2.389916686386698430e+01
8.450000000000000000e+02	2.416748144362874484e+01
8.460000000000000000e+02	2.443367161923166364e+01
8.470000000000000000e+02	2.469772213350530166e+01
8.480000000000000000e+02	2.495958687621325467e+01
8.490000000000000000e+02	2.521920251354166354e+01
8.500000000000000000e+02	2.547650709604404895e+01
8.510000000000000000e+02	2.573145038682189778e+01
8.520000000000000000e+02	2.598402685216805708e+01
8.530000000000000000e+02	2.623423132385537926e+01
8.540000000000000000e+02	2.648201951579086355e+01
8.550000000000000000e+02	2.672734107806671844e+01
8.560000000000000000e+02	2.697014738176967796e+01
8.570000000000000000e+02	2.721041804478818804e+01
8.580000000000000000e+02	2.744817176024000815e+01
8.590000000000000000e+02	2.768340044659009891e+01
8.600000000000000000e+02	2.791606469562728421e+01
8.610000000000000000e+02	2.814612450642961150e+01
8.620000000000000000e+02	2.837354589714009023e+01
8.630000000000000000e+02	2.859834064449158220e+01
8.640000000000000000e+02	2.882053744245996185e+01
8.650000000000000000e+02	2.904011969550683148e+01
8.660000000000000000e+02	2.925705482008119773e+01
8.670000000000000000e+02	2.947131076169767283e+01
8.680000000000000000e+02	2.968287476399944680e+01
8.690000000000000000e+02	2.989178473162415983e+01
8.700000000000000000e+02	3.009806392792636132e+01
8.710000000000000000e+02	3.030169049007945503e+01
8.720000000000000000e+02	3.050263790951834508e+01
8.730000000000000000e+02	3.070088188247961369e+01
8.740000000000000000e+02	3.089643805835419244e+01
8.750000000000000000e+02	3.108935696083921485e+01
8.760000000000000000e+02	3.127964677512754221e+01
8.770000000000000000e+02	3.146728579714787699e+01
8.780000000000000000e+02	3.165225186394626888e+01
8.790000000000000000e+02	3.183453333035655319e+01
8.800000000000000000e+02	3.201417374404419292e+01
8.810000000000000000e+02	3.219122059167755623e+01
8.820000000000000000e+02	3.236566695751405831e+01
8.830000000000000000e+02	3.253749367745587762e+01
8.840000000000000000e+02	3.270668195407264989e+01
8.850000000000000000e+02	3.287324241411067760e+01
8.860000000000000000e+02	3.303723595528582990e+01
8.870000000000000000e+02	3.319869333567238101e+01
8.880000000000000000e+02	3.335760101121126553e+01
8.890000000000000000e+02	3.351394025636067653e+01
8.900000000000000000e+02	3.366769560989279597e+01
8.910000000000000000e+02	3.381891267289052649e+01
8.920000000000000000e+02	3.396766278539382711e+01
8.930000000000000000e+02	3.411392160798346396e+01
8.940000000000000000e+02	3.425764270215139362e+01
8.950000000000000000e+02	3.439888168611895480e+01
8.960000000000000000e+02	3.453770471330465597e+01
8.970000000000000000e+02	3.467410732802243700e+01
8.980000000000000000e+02	3.480807150009859186e+01
8.990000000000000000e+02	3.493958244182549322e+01
9.000000000000000000e+02	3.506865813804292031e+01
9.010000000000000000e+02	3.519536792038992701e+01
9.020000000000000000e+02	3.531974657727280942e+01
9.030000000000000000e+02	3.544178261394669960e+01
9.040000000000000000e+02	3.556146157287330567e+01
9.050000000000000000e+02	3.567877401206529697e+01
9.060000000000000000e+02	3.579376529374368943e+01
9.070000000000000000e+02	3.590650422698878685e+01
9.080000000000000000e+02	3.601700060515492652e+01
9.090000000000000000e+02	3.612523957753164439e+01
9.100000000000000000e+02	3.623120585280906880e+01
9.110000000000000000e+02	3.633490401902219702e+01
9.120000000000000000e+02	3.643640047566395168e+01
9.130000000000000000e+02	3.653574606079617126e+01
9.140000000000000000e+02	3.663293265375131824e+01
9.150000000000000000e+02	3.672794424164158755e+01
9.160000000000000000e+02	3.682076613167241419e+01
9.170000000000000000e+02	3.691142735337809455e+01
9.180000000000000000e+02	3.700000066805766608e+01
9.190000000000000000e+02	3.708650981768597177e+01
9.200000000000000000e+02	3.717093889533155249e+01
9.210000000000000000e+02	3.725327063536883543e+01
9.220000000000000000e+02	3.733349754423984734e+01
9.230000000000000000e+02	3.741167410121349945e+01
9.240000000000000000e+02	3.748786309872184574e+01
9.250000000000000000e+02	3.756206325200842144e+01
9.260000000000000000e+02	3.763425628985727656e+01
9.270000000000000000e+02	3.770442384670824509e+01
9.280000000000000000e+02	3.777257722087396274e+01
9.290000000000000000e+02	3.783878612172443923e+01
9.300000000000000000e+02	3.790308901025001376e+01
9.310000000000000000e+02	3.796547053903918822e+01
9.320000000000000000e+02	3.802591105177916830e+01
9.330000000000000000e+02	3.808439459285722251e+01
9.340000000000000000e+02	3.814095861584246450e+01
9.350000000000000000e+02	3.819567193372477476e+01
9.360000000000000000e+02	3.824854449774194620e+01
9.370000000000000000e+02	3.829955578929907034e+01
9.380000000000000000e+02	3.834868480079387609e+01
9.390000000000000000e+02	3.839592703412079544e+01
9.400000000000000000e+02	3.844134244362638242e+01
9.410000000000000000e+02	3.848498265504834848e+01
9.420000000000000000e+02	3.852683613501597648e+01
9.430000000000000000e+02	3.856688080703769117e+01
9.440000000000000000e+02	3.860509535842214035e+01
9.450000000000000000e+02	3.864149829235607569e+01
9.460000000000000000e+02	3.867615809313978303e+01
9.470000000000000000e+02	3.870909859612023496e+01
9.480000000000000000e+02	3.874029838513747848e+01
9.490000000000000000e+02	3.876973412367868121e+01
9.500000000000000000e+02	3.879738999355176787e+01
9.510000000000000000e+02	3.882331044616270077e+01
9.520000000000000000e+02	3.884755615378184501e+01
9.530000000000000000e+02	3.887012389015772840e+01
9.540000000000000000e+02	3.889098932615110016e+01
9.550000000000000000e+02	3.891012806440447491e+01
9.560000000000000000e+02	3.892754074428874134e+01
9.570000000000000000e+02	3.894328935929413404e+01
9.580000000000000000e+02	3.895741177247489873e+01
9.590000000000000000e+02	3.896988835302423126e+01
9.600000000000000000e+02	3.898069372637550600e+01
9.610000000000000000e+02	3.898980513634923994e+01
9.620000000000000000e+02	3.899724848062830063e+01
9.630000000000000000e+02	3.900308730290142023e+01
9.640000000000000000e+02	3.900733142667816367e+01
9.650000000000000000e+02	3.900995573468590294e+01
9.660000000000000000e+02	3.901093135538741308e+01
9.670000000000000000e+02	3.901024348799949593e+01
9.680000000000000000e+02	3.900795280069447557e+01
9.690000000000000000e+02	3.900410962897132094e+01
9.700000000000000000e+02	3.899865486968400319e+01
9.710000000000000000e+02	3.899155236806044655e+01
9.720000000000000000e+02	3.898286956079604693e+01
9.730000000000000000e+02	3.897264709910943026e+01
9.740000000000000000e+02	3.896085954272871987e+01
9.750000000000000000e+02	3.894747769812404670e+01
9.760000000000000000e+02	3.893247788769090789e+01
9.770000000000000000e+02	3.891588518636022798e+01
9.780000000000000000e+02	3.889775892562989412e+01
9.790000000000000000e+02	3.887810387402410583e+01
9.800000000000000000e+02	3.885689231155199508e+01
9.810000000000000000e+02	3.883409611778155579e+01
9.820000000000000000e+02	3.880970091875882133e+01
9.830000000000000000e+02	3.878375419493618637e+01
9.840000000000000000e+02	3.875630060009133615e+01
9.850000000000000000e+02	3.872732321059108074e+01
9.860000000000000000e+02	3.869679336780307466e+01
9.870000000000000000e+02	3.866468313786996447e+01
9.880000000000000000e+02	3.863099941934886772e+01
9.890000000000000000e+02	3.859579966459857303e+01
9.900000000000000000e+02	3.855910278144656900e+01
9.910000000000000000e+02	3.852088191787861859e+01
9.920000000000000000e+02	3.848110811569411993e+01
9.930000000000000000e+02	3.843975842943623888e+01
9.940000000000000000e+02	3.839686474190379784e+01
9.950000000000000000e+02	3.835247898312771753e+01
9.960000000000000000e+02	3.830659429318027520e+01
9.970000000000000000e+02	3.825918143465043642e+01
9.980000000000000000e+02	3.821021134175709477e+01
9.990000000000000000e+02	3.815967561415619258e+01
1.000000000000000000e+03	3.810762423565198986e+01
1.001000000000000000e+03	3.805408948929638768e+01
1.002000000000000000e+03	3.799904841581992798e+01
1.003000000000000000e+03	3.794247171992683576e+01
1.004000000000000000e+03	3.788433214876907584e+01
1.005000000000000000e+03	3.782464475507458701e+01
1.006000000000000000e+03	3.776346317213002379e+01
1.007000000000000000e+03	3.770079379215400905e+01
1.008000000000000000e+03	3.763660798611058311e+01
1.009000000000000000e+03	3.757087668427333682e+01
1.010000000000000000e+03	3.750358136353302996e+01
1.011000000000000000e+03	3.743476048530826716e+01
1.012000000000000000e+03	3.736445738719940834e+01
1.013000000000000000e+03	3.729265745190673442e+01
1.014000000000000000e+03	3.721933229097674456e+01
1.015000000000000000e+03	3.714445414481836849e+01
1.016000000000000000e+03	3.706802336635313821e+01
1.017000000000000000e+03	3.699009102660339465e+01
1.018000000000000000e+03	3.691067839590441935e+01
1.019000000000000000e+03	3.682976061804233581e+01
1.020000000000000000e+03	3.674731004946526980e+01
1.021000000000000000e+03	3.666330328374149161e+01
1.022000000000000000e+03	3.657776458865579627e+01
1.023000000000000000e+03	3.649074328156980584e+01
1.024000000000000000e+03	3.640223689317603828e+01
1.025000000000000000e+03	3.631221841790711125e+01
1.026000000000000000e+03	3.622066113394171083e+01
1.027000000000000000e+03	3.612755390438216097e+01
1.028000000000000000e+03	3.603294031012477916e+01
1.029000000000000000e+03	3.593685455181810084e+01
1.030000000000000000e+03	3.583927813829317444e+01
1.031000000000000000e+03	3.574018496885896212e+01
1.032000000000000000e+03	3.563955039294292249e+01
1.033000000000000000e+03	3.553738456195494422e+01
1.034000000000000000e+03	3.543373776916675411e+01
1.035000000000000000e+03	3.532862174516106535e+01
1.036000000000000000e+03	3.522201236998811424e+01
1.037000000000000000e+03	3.511388479488061876e+01
1.038000000000000000e+03	3.500422149463636146e+01
1.039000000000000000e+03	3.489305497427195490e+01
1.040000000000000000e+03	3.478042884414645641e+01
1.041000000000000000e+03	3.466633466005811925e+01
1.042000000000000000e+03	3.455074847804485216e+01
1.043000000000000000e+03	3.443364704182503289e+01
1.044000000000000000e+03	3.431502869655187027e+01
1.045000000000000000e+03	3.419494007817066716e+01
1.046000000000000000e+03	3.407340709362864573e+01
1.047000000000000000e+03	3.395041167288619732e+01
1.048000000000000000e+03	3.382593050001689505e+01
1.049000000000000000e+03	3.369994164378615409e+01
1.050000000000000000e+03	3.357247050023151758e+01
1.051000000000000000e+03	3.344357357905997219e+01
1.052000000000000000e+03	3.331323188655267131e+01
1.053000000000000000e+03	3.318139446851652963e+01
1.054000000000000000e+03	3.304809250711296187e+01
1.055000000000000000e+03	3.291337779232085836e+01
1.056000000000000000e+03	3.277724355925207078e+01
1.057000000000000000e+03	3.263966778308424921e+01
1.058000000000000000e+03	3.250063176842665058e+01
1.059000000000000000e+03	3.236013854938390466e+01
1.060000000000000000e+03	3.221823514462808191e+01
1.061000000000000000e+03	3.207494714142988812e+01
1.062000000000000000e+03	3.193025969736124736e+01
1.063000000000000000e+03	3.178415521570222069e+01
1.064000000000000000e+03	3.163661926267256774e+01
1.065000000000000000e+03	3.148767552062428265e+01
1.066000000000000000e+03	3.133737214671180382e+01
1.067000000000000000e+03	3.118571596750343744e+01
1.068000000000000000e+03	3.103269128086418505e+01
1.069000000000000000e+03	3.087828290289397160e+01
1.070000000000000000e+03	3.072248710216769041e+01
1.071000000000000000e+03	3.056534571022950431e+01
1.072000000000000000e+03	3.040689679177342342e+01
1.073000000000000000e+03	3.024713425897964214e+01
1.074000000000000000e+03	3.008604481137296105e+01
1.075000000000000000e+03	2.992361649712884741e+01
1.076000000000000000e+03	2.975986391170998502e+01
1.077000000000000000e+03	2.959483703038538138e+01
1.078000000000000000e+03	2.942855717062180787e+01
1.079000000000000000e+03	2.926101450390927283e+01
1.080000000000000000e+03	2.909219865131061411e+01
1.081000000000000000e+03	2.892210459247903742e+01
1.082000000000000000e+03	2.875076687948955012e+01
1.083000000000000000e+03	2.857823269256420673e+01
1.084000000000000000e+03	2.840450801253854962e+01
1.085000000000000000e+03	2.822958475639041254e+01
1.086000000000000000e+03	2.805345575432463079e+01
1.087000000000000000e+03	2.787612960989670441e+01
1.088000000000000000e+03	2.769765504022295843e+01
1.089000000000000000e+03	2.751806727303674904e+01
1.090000000000000000e+03	2.733736478926716629e+01
1.091000000000000000e+03	2.715554290275091276e+01
1.092000000000000000e+03	2.697259927613107067e+01
1.093000000000000000e+03	2.678856153745455160e+01
1.094000000000000000e+03	2.660348232771476873e+01
1.095000000000000000e+03	2.641738196931512306e+01
1.096000000000000000e+03	2.623025890465357435e+01
1.097000000000000000e+03	2.604211215062005635e+01
1.098000000000000000e+03	2.585294875394190584e+01
1.099000000000000000e+03	2.566281392526078164e+01
1.100000000000000000e+03	2.547175474102627746e+01
