# Fresnel Simulation Metadata
# ---------------------------
# Layer 0: Air (Espesor Infinito)
# Layer 1: AlN (hexagonal) | Input: 300.00 nm | Optimized: 311.75 nm
# Layer 2: Si (Espesor Infinito)
# 
# Wavelength(nm)	Response
2.500000000000000000e+02	6.402130000848136149e+01
2.510000000000000000e+02	5.926412626088858815e+01
2.520000000000000000e+02	5.435413398310382149e+01
2.530000000000000000e+02	4.902088326860699397e+01
2.540000000000000000e+02	4.314557088062251466e+01
2.550000000000000000e+02	3.671751106794508246e+01
2.560000000000000000e+02	2.971160363752134259e+01
2.570000000000000000e+02	2.265483474888334570e+01
2.580000000000000000e+02	1.587739529629079804e+01
2.590000000000000000e+02	9.815938458599626770e+00
2.600000000000000000e+02	5.217545694875058260e+00
2.610000000000000000e+02	2.819097436960975145e+00
2.620000000000000000e+02	3.087307698158864966e+00
2.630000000000000000e+02	6.011304325630758782e+00
2.640000000000000000e+02	1.110012110396306717e+01
2.650000000000000000e+02	1.753300347998698783e+01
2.660000000000000000e+02	2.443081546595738729e+01
2.670000000000000000e+02	3.107911995744611033e+01
2.680000000000000000e+02	3.708113048783188503e+01
2.690000000000000000e+02	4.220127583179460373e+01
2.700000000000000000e+02	4.642547300329242432e+01
2.710000000000000000e+02	4.985672744664809386e+01
2.720000000000000000e+02	5.264178060506819179e+01
2.730000000000000000e+02	5.491264448020953637e+01
2.740000000000000000e+02	5.672943437089190866e+01
2.750000000000000000e+02	5.808902696588664583e+01
2.760000000000000000e+02	5.906719028356390311e+01
2.770000000000000000e+02	5.973907589012863184e+01
2.780000000000000000e+02	6.014341242789598141e+01
2.790000000000000000e+02	6.031224063662779145e+01
2.800000000000000000e+02	6.026306050472052789e+01
2.810000000000000000e+02	5.997750239791703564e+01
2.820000000000000000e+02	5.944347564510256632e+01
2.830000000000000000e+02	5.867424467884303851e+01
2.840000000000000000e+02	5.766925939061326289e+01
2.850000000000000000e+02	5.640375373979389906e+01
2.860000000000000000e+02	5.482119009982078239e+01
2.870000000000000000e+02	5.283216866291353142e+01
2.880000000000000000e+02	5.039360356185797940e+01
2.890000000000000000e+02	4.752606999728691051e+01
2.900000000000000000e+02	4.422018943911260180e+01
2.910000000000000000e+02	4.049154720611846869e+01
2.920000000000000000e+02	3.641416202282016457e+01
2.930000000000000000e+02	3.209737325395077789e+01
2.940000000000000000e+02	2.757997873992125903e+01
2.950000000000000000e+02	2.293847246988204347e+01
2.960000000000000000e+02	1.827580773789945567e+01
2.970000000000000000e+02	1.370545506315967366e+01
2.980000000000000000e+02	9.375035216867642518e+00
2.990000000000000000e+02	5.426522659647348590e+00
3.000000000000000000e+02	1.986246306223941716e+00
3.010000000000000000e+02	-8.329309689022732499e-01
3.020000000000000000e+02	-2.915663028749150953e+00
3.030000000000000000e+02	-4.203101370881579868e+00
3.040000000000000000e+02	-4.696581812003641332e+00
3.050000000000000000e+02	-4.424416318181017438e+00
3.060000000000000000e+02	-3.432513957014858619e+00
3.070000000000000000e+02	-1.791903556910320106e+00
3.080000000000000000e+02	4.049507049422427230e-01
3.090000000000000000e+02	3.044640519571565562e+00
3.100000000000000000e+02	5.994268491326755210e+00
3.110000000000000000e+02	9.124841609928372677e+00
3.120000000000000000e+02	1.232773057978890741e+01
3.130000000000000000e+02	1.550561184980847251e+01
3.140000000000000000e+02	1.857550443462027090e+01
3.150000000000000000e+02	2.148965993991607348e+01
3.160000000000000000e+02	2.421879271444048243e+01
3.170000000000000000e+02	2.673840133310037714e+01
3.180000000000000000e+02	2.904589211895895318e+01
3.190000000000000000e+02	3.115156244676656883e+01
3.200000000000000000e+02	3.306617254894260327e+01
3.210000000000000000e+02	3.480013296583898352e+01
3.220000000000000000e+02	3.636470606047483045e+01
3.230000000000000000e+02	3.776903386934834117e+01
3.240000000000000000e+02	3.902178188500842282e+01
3.250000000000000000e+02	4.013179513993804903e+01
3.260000000000000000e+02	4.110703747908210914e+01
3.270000000000000000e+02	4.195551331257170347e+01
3.280000000000000000e+02	4.268678672844112754e+01
3.290000000000000000e+02	4.331119636921608418e+01
3.300000000000000000e+02	4.383825969284337276e+01
3.310000000000000000e+02	4.427323811747464077e+01
3.320000000000000000e+02	4.461644687120917752e+01
3.330000000000000000e+02	4.487337323270258338e+01
3.340000000000000000e+02	4.505351928830906161e+01
3.350000000000000000e+02	4.515978164046059362e+01
3.360000000000000000e+02	4.519197503797378346e+01
3.370000000000000000e+02	4.515014618319188600e+01
3.380000000000000000e+02	4.503581567783321304e+01
3.390000000000000000e+02	4.485278950211783666e+01
3.400000000000000000e+02	4.460177590202221154e+01
3.410000000000000000e+02	4.428200047241332982e+01
3.420000000000000000e+02	4.389015344425627063e+01
3.430000000000000000e+02	4.342838439635746539e+01
3.440000000000000000e+02	4.289592198785110355e+01
3.450000000000000000e+02	4.228967333667092987e+01
3.460000000000000000e+02	4.160799829597632993e+01
3.470000000000000000e+02	4.084529808435597431e+01
3.480000000000000000e+02	4.000170431405369698e+01
3.490000000000000000e+02	3.907213133966179441e+01
3.500000000000000000e+02	3.805455600793241899e+01
3.510000000000000000e+02	3.693870414549027714e+01
3.520000000000000000e+02	3.572451092785814808e+01
3.530000000000000000e+02	3.441221224986025362e+01
3.540000000000000000e+02	3.299659395079793711e+01
3.550000000000000000e+02	3.147521694251273772e+01
3.560000000000000000e+02	2.984522449320569848e+01
3.570000000000000000e+02	2.811210639859015004e+01
3.580000000000000000e+02	2.626515885676785445e+01
3.590000000000000000e+02	2.430740280680902998e+01
3.600000000000000000e+02	2.223221157123389702e+01
3.610000000000000000e+02	2.003319035872338816e+01
3.620000000000000000e+02	1.771878964715709515e+01
3.630000000000000000e+02	1.529314074205111673e+01
3.640000000000000000e+02	1.280042767630279421e+01
3.650000000000000000e+02	1.022215088908970948e+01
3.660000000000000000e+02	7.632998562590453062e+00
3.670000000000000000e+02	5.077867877780184003e+00
3.680000000000000000e+02	2.666719634698816677e+00
3.690000000000000000e+02	4.363608530996589963e-01
3.700000000000000000e+02	-1.541306020698018031e+00
3.710000000000000000e+02	-3.220219234642964778e+00
3.720000000000000000e+02	-4.564027341488007039e+00
3.730000000000000000e+02	-5.539136141109258560e+00
3.740000000000000000e+02	-6.143869125079297611e+00
3.750000000000000000e+02	-6.400006787490786664e+00
3.760000000000000000e+02	-6.348609918674217312e+00
3.770000000000000000e+02	-6.026034133517945257e+00
3.780000000000000000e+02	-5.467555637983300798e+00
3.790000000000000000e+02	-4.708982960403719886e+00
3.800000000000000000e+02	-3.784341971231124369e+00
3.810000000000000000e+02	-2.723804619146040551e+00
3.820000000000000000e+02	-1.561119939160308334e+00
3.830000000000000000e+02	-3.256408651926943065e-01
3.840000000000000000e+02	9.661489868470773956e-01
3.850000000000000000e+02	2.298426188550712013e+00
3.860000000000000000e+02	3.662893408151742136e+00
3.870000000000000000e+02	5.047363856808763316e+00
3.880000000000000000e+02	6.439659274664750299e+00
3.890000000000000000e+02	7.827778265898684751e+00
3.900000000000000000e+02	9.201803246527601843e+00
3.910000000000000000e+02	1.057209650959855729e+01
3.920000000000000000e+02	1.192712225306025964e+01
3.930000000000000000e+02	1.325992824403613035e+01
3.940000000000000000e+02	1.456375990957842426e+01
3.950000000000000000e+02	1.583322518629861797e+01
3.960000000000000000e+02	1.706419314031078471e+01
3.970000000000000000e+02	1.825344866978964120e+01
3.980000000000000000e+02	1.939794391242330107e+01
3.990000000000000000e+02	2.049184375603255859e+01
4.000000000000000000e+02	2.152953769932910433e+01
4.010000000000000000e+02	2.250740853042886158e+01
4.020000000000000000e+02	2.342668649628136990e+01
4.030000000000000000e+02	2.429701096096925284e+01
4.040000000000000000e+02	2.511991240711706297e+01
4.050000000000000000e+02	2.588447204826489667e+01
4.060000000000000000e+02	2.658832145247480838e+01
4.070000000000000000e+02	2.723844623155981992e+01
4.080000000000000000e+02	2.784226323733836495e+01
4.090000000000000000e+02	2.840660145684341842e+01
4.100000000000000000e+02	2.893292735176661523e+01
4.110000000000000000e+02	2.942002852823248560e+01
4.120000000000000000e+02	2.986790768387387374e+01
4.130000000000000000e+02	3.027719088976922279e+01
4.140000000000000000e+02	3.064991107141288040e+01
4.150000000000000000e+02	3.098804779044969848e+01
4.160000000000000000e+02	3.129254084271971692e+01
4.170000000000000000e+02	3.156387672618701146e+01
4.180000000000000000e+02	3.180218124334061969e+01
4.190000000000000000e+02	3.200816872265925639e+01
4.200000000000000000e+02	3.218336859885948797e+01
4.210000000000000000e+02	3.232918375945939005e+01
4.220000000000000000e+02	3.244666780772893588e+01
4.230000000000000000e+02	3.253523818881785701e+01
4.240000000000000000e+02	3.259333092165983459e+01
4.250000000000000000e+02	3.262039965017077492e+01
4.260000000000000000e+02	3.261690736777330812e+01
4.270000000000000000e+02	3.258607321263271217e+01
4.280000000000000000e+02	3.253088692201701093e+01
4.290000000000000000e+02	3.245008322581296767e+01
4.300000000000000000e+02	3.234208342925624891e+01
4.310000000000000000e+02	3.220695908335132884e+01
4.320000000000000000e+02	3.204568167821970093e+01
4.330000000000000000e+02	3.185998667702547493e+01
4.340000000000000000e+02	3.165143027087163574e+01
4.350000000000000000e+02	3.142079744586592227e+01
4.360000000000000000e+02	3.116767414264759140e+01
4.370000000000000000e+02	3.089125486916078955e+01
4.380000000000000000e+02	3.059120691606187137e+01
4.390000000000000000e+02	3.026782965912894952e+01
4.400000000000000000e+02	2.992221651834971397e+01
4.410000000000000000e+02	2.955566680243838107e+01
4.420000000000000000e+02	2.916903379724242740e+01
4.430000000000000000e+02	2.876270419961275593e+01
4.440000000000000000e+02	2.833727449751247462e+01
4.450000000000000000e+02	2.789247666327221253e+01
4.460000000000000000e+02	2.742574335328039581e+01
4.470000000000000000e+02	2.693576531574068156e+01
4.480000000000000000e+02	2.642351111911369799e+01
4.490000000000000000e+02	2.589118919948008823e+01
4.500000000000000000e+02	2.534175778712857152e+01
4.510000000000000000e+02	2.477483878993075450e+01
4.520000000000000000e+02	2.418766993990499969e+01
4.530000000000000000e+02	2.358014964382788037e+01
4.540000000000000000e+02	2.295364391994262121e+01
4.550000000000000000e+02	2.230913745845487028e+01
4.560000000000000000e+02	2.164737399732681666e+01
4.570000000000000000e+02	2.096825081333643936e+01
4.580000000000000000e+02	2.027183446391453714e+01
4.590000000000000000e+02	1.955954558837515833e+01
4.600000000000000000e+02	1.883244490763418355e+01
4.610000000000000000e+02	1.809017098524824263e+01
4.620000000000000000e+02	1.733263407446387561e+01
4.630000000000000000e+02	1.656037409927081683e+01
4.640000000000000000e+02	1.577384836755692099e+01
4.650000000000000000e+02	1.497352710783018104e+01
4.660000000000000000e+02	1.416221197629224626e+01
4.670000000000000000e+02	1.334429718268916254e+01
4.680000000000000000e+02	1.251952728153169936e+01
4.690000000000000000e+02	1.168602620319948393e+01
4.700000000000000000e+02	1.084433233581879286e+01
4.710000000000000000e+02	9.996192222145102946e+00
4.720000000000000000e+02	9.144251526213215797e+00
4.730000000000000000e+02	8.291366038447486986e+00
4.740000000000000000e+02	7.440876490157416256e+00
4.750000000000000000e+02	6.594437561795198022e+00
4.760000000000000000e+02	5.750702680931508937e+00
4.770000000000000000e+02	4.909549867854247296e+00
4.780000000000000000e+02	4.073065971175491740e+00
4.790000000000000000e+02	3.243223937877827368e+00
4.800000000000000000e+02	2.422506830274995693e+00
4.810000000000000000e+02	1.612788593507021417e+00
4.820000000000000000e+02	8.157183142430994849e-01
4.830000000000000000e+02	3.297100511493766817e-02
4.840000000000000000e+02	-7.339476592011298095e-01
4.850000000000000000e+02	-1.483462366011821132e+00
4.860000000000000000e+02	-2.214110502434825989e+00
4.870000000000000000e+02	-2.924716758139597417e+00
4.880000000000000000e+02	-3.613908290275607449e+00
4.890000000000000000e+02	-4.280150281262944389e+00
4.900000000000000000e+02	-4.922153654467587458e+00
4.910000000000000000e+02	-5.538923456439604820e+00
4.920000000000000000e+02	-6.129761904823274321e+00
4.930000000000000000e+02	-6.693504429390351618e+00
4.940000000000000000e+02	-7.229211849939218837e+00
4.950000000000000000e+02	-7.735802093078143926e+00
4.960000000000000000e+02	-8.212355933072517544e+00
4.970000000000000000e+02	-8.657911362520856358e+00
4.980000000000000000e+02	-9.072257598981112281e+00
4.990000000000000000e+02	-9.455052899310885550e+00
5.000000000000000000e+02	-9.805700059593949192e+00
5.010000000000000000e+02	-1.012370001529300900e+01
5.020000000000000000e+02	-1.040892715090672560e+01
5.030000000000000000e+02	-1.066129564698811905e+01
5.040000000000000000e+02	-1.088070335790804855e+01
5.050000000000000000e+02	-1.106714752026776161e+01
5.060000000000000000e+02	-1.122070087913064462e+01
5.070000000000000000e+02	-1.134143511932347081e+01
5.080000000000000000e+02	-1.142954075709850414e+01
5.090000000000000000e+02	-1.148529163276492149e+01
5.100000000000000000e+02	-1.150899034460242731e+01
5.110000000000000000e+02	-1.150103641577484304e+01
5.120000000000000000e+02	-1.146197500604259112e+01
5.130000000000000000e+02	-1.139244763653486103e+01
5.140000000000000000e+02	-1.129315595228057312e+01
5.150000000000000000e+02	-1.116479352567195527e+01
5.160000000000000000e+02	-1.100799479905911227e+01
5.170000000000000000e+02	-1.082349218526419499e+01
5.180000000000000000e+02	-1.061211310439066935e+01
5.190000000000000000e+02	-1.037511198303934812e+01
5.200000000000000000e+02	-1.011372976582178929e+01
5.210000000000000000e+02	-9.829241140756886708e+00
5.220000000000000000e+02	-9.522659910571309894e+00
5.230000000000000000e+02	-9.194750009560150872e+00
5.240000000000000000e+02	-8.846650638953146739e+00
5.250000000000000000e+02	-8.479293388951965937e+00
5.260000000000000000e+02	-8.093873988396561359e+00
5.270000000000000000e+02	-7.691662201147282829e+00
5.280000000000000000e+02	-7.273898843017815530e+00
5.290000000000000000e+02	-6.841867223175574608e+00
5.300000000000000000e+02	-6.396732587054900776e+00
5.310000000000000000e+02	-5.939810095329266737e+00
5.320000000000000000e+02	-5.472246528970505786e+00
5.330000000000000000e+02	-4.994900992041674925e+00
5.340000000000000000e+02	-4.508455630392582236e+00
5.350000000000000000e+02	-4.013627383694560180e+00
5.360000000000000000e+02	-3.511542234924039718e+00
5.370000000000000000e+02	-3.003383954030695691e+00
5.380000000000000000e+02	-2.490341222451005976e+00
5.390000000000000000e+02	-1.973433238278115454e+00
5.400000000000000000e+02	-1.453410269341283367e+00
5.410000000000000000e+02	-9.310651285155202572e-01
5.420000000000000000e+02	-4.069949259886982418e-01
5.430000000000000000e+02	1.180305888608845777e-01
5.440000000000000000e+02	6.435251047377725797e-01
5.450000000000000000e+02	1.168790599754213844e+00
5.460000000000000000e+02	1.692859508306893801e+00
5.470000000000000000e+02	2.215103393467369841e+00
5.480000000000000000e+02	2.734825105739069784e+00
5.490000000000000000e+02	3.252366101783566776e+00
5.500000000000000000e+02	3.767818698040235503e+00
5.510000000000000000e+02	4.280037531702520326e+00
5.520000000000000000e+02	4.788364618888016011e+00
5.530000000000000000e+02	5.292509493874943516e+00
5.540000000000000000e+02	5.791828766640799486e+00
5.550000000000000000e+02	6.285967454818541356e+00
5.560000000000000000e+02	6.774295035757996075e+00
5.570000000000000000e+02	7.256333487403972882e+00
5.580000000000000000e+02	7.732473573158353375e+00
5.590000000000000000e+02	8.203098744484313087e+00
5.600000000000000000e+02	8.667718049981109729e+00
5.610000000000000000e+02	9.125730186250260445e+00
5.620000000000000000e+02	9.576945608002430887e+00
5.630000000000000000e+02	1.002106568598221337e+01
5.640000000000000000e+02	1.045722387773600381e+01
5.650000000000000000e+02	1.088516452730887174e+01
5.660000000000000000e+02	1.130517452116111521e+01
5.670000000000000000e+02	1.171555405938188521e+01
5.680000000000000000e+02	1.211814255938872442e+01
5.690000000000000000e+02	1.251834804187379468e+01
5.700000000000000000e+02	1.291147867494023593e+01
5.710000000000000000e+02	1.329762832774163961e+01
5.720000000000000000e+02	1.367535100433002704e+01
5.730000000000000000e+02	1.404454408245469033e+01
5.740000000000000000e+02	1.440535327284259814e+01
5.750000000000000000e+02	1.475765633085744888e+01
5.760000000000000000e+02	1.510146625496125061e+01
5.770000000000000000e+02	1.543691260870461868e+01
5.780000000000000000e+02	1.576435353307422638e+01
5.790000000000000000e+02	1.608411109966275632e+01
5.800000000000000000e+02	1.639640902727068550e+01
5.810000000000000000e+02	1.670122041262596468e+01
5.820000000000000000e+02	1.699837045980818573e+01
5.830000000000000000e+02	1.728756575057243339e+01
5.840000000000000000e+02	1.756895175297972145e+01
5.850000000000000000e+02	1.784297212254836040e+01
5.860000000000000000e+02	1.810968203298295975e+01
5.870000000000000000e+02	1.836888458673981717e+01
5.880000000000000000e+02	1.862043049100174841e+01
5.890000000000000000e+02	1.886436172000916400e+01
5.900000000000000000e+02	1.910129333559738996e+01
5.910000000000000000e+02	1.933173614964175613e+01
5.920000000000000000e+02	1.955544848850428252e+01
5.930000000000000000e+02	1.977213520381182832e+01
5.940000000000000000e+02	1.998164402327065403e+01
5.950000000000000000e+02	2.018397547822468141e+01
5.960000000000000000e+02	2.037937562671171321e+01
5.970000000000000000e+02	2.056798438886148261e+01
5.980000000000000000e+02	2.074977613720837155e+01
5.990000000000000000e+02	2.092469372173293607e+01
6.000000000000000000e+02	2.109264915986682354e+01
6.010000000000000000e+02	2.125407786447081548e+01
6.020000000000000000e+02	2.140953230211163572e+01
6.030000000000000000e+02	2.155905858743931702e+01
6.040000000000000000e+02	2.170249217245189755e+01
6.050000000000000000e+02	2.183965278476807015e+01
6.060000000000000000e+02	2.197033809073851529e+01
6.070000000000000000e+02	2.209453188854249106e+01
6.080000000000000000e+02	2.221213169013621780e+01
6.090000000000000000e+02	2.232299731182549607e+01
6.100000000000000000e+02	2.242735339918623083e+01
6.110000000000000000e+02	2.252566616998132787e+01
6.120000000000000000e+02	2.261806173998959935e+01
6.130000000000000000e+02	2.270445933786952253e+01
6.140000000000000000e+02	2.278539928475964160e+01
6.150000000000000000e+02	2.286161731007836551e+01
6.160000000000000000e+02	2.293264718725293250e+01
6.170000000000000000e+02	2.299777840059110900e+01
6.180000000000000000e+02	2.305719236513881754e+01
6.190000000000000000e+02	2.311109256644775201e+01
6.200000000000000000e+02	2.315911070966099317e+01
6.210000000000000000e+02	2.320107041482285837e+01
6.220000000000000000e+02	2.323751473036988102e+01
6.230000000000000000e+02	2.326872794531086441e+01
6.240000000000000000e+02	2.329446231638779352e+01
6.250000000000000000e+02	2.331506522524922076e+01
6.260000000000000000e+02	2.333149717405029122e+01
6.270000000000000000e+02	2.334404512706874613e+01
6.280000000000000000e+02	2.335248041723711054e+01
6.290000000000000000e+02	2.335637719447512950e+01
6.300000000000000000e+02	2.335529535428465664e+01
6.310000000000000000e+02	2.334924845115294545e+01
6.320000000000000000e+02	2.333831225640315665e+01
6.330000000000000000e+02	2.332215221823526718e+01
6.340000000000000000e+02	2.330057707947386803e+01
6.350000000000000000e+02	2.327408646788196478e+01
6.360000000000000000e+02	2.324306962523265696e+01
6.370000000000000000e+02	2.320749506902262027e+01
6.380000000000000000e+02	2.316740336466216377e+01
6.390000000000000000e+02	2.312298943444292121e+01
6.400000000000000000e+02	2.307435598246140529e+01
6.410000000000000000e+02	2.302147493150025070e+01
6.420000000000000000e+02	2.296434769000087073e+01
6.430000000000000000e+02	2.290300612527988733e+01
6.440000000000000000e+02	2.283734440166699642e+01
6.450000000000000000e+02	2.276736060296705944e+01
6.460000000000000000e+02	2.269379369935381163e+01
6.470000000000000000e+02	2.261730336018793253e+01
6.480000000000000000e+02	2.253721444961833242e+01
6.490000000000000000e+02	2.245287923518461781e+01
6.500000000000000000e+02	2.236439744633512561e+01
6.510000000000000000e+02	2.227207218357967378e+01
6.520000000000000000e+02	2.217619863817247250e+01
6.530000000000000000e+02	2.207699366268080610e+01
6.540000000000000000e+02	2.197456964909337529e+01
6.550000000000000000e+02	2.186875002366043219e+01
6.560000000000000000e+02	2.175921771137952732e+01
6.570000000000000000e+02	2.164601612859717505e+01
6.580000000000000000e+02	2.152928703102202235e+01
6.590000000000000000e+02	2.140881021223361813e+01
6.600000000000000000e+02	2.128428353433344711e+01
6.610000000000000000e+02	2.115594200890306098e+01
6.620000000000000000e+02	2.102408378765447594e+01
6.630000000000000000e+02	2.088881853112866338e+01
6.640000000000000000e+02	2.075018661622014804e+01
6.650000000000000000e+02	2.060817424491539640e+01
6.660000000000000000e+02	2.046285742400541352e+01
6.670000000000000000e+02	2.031438026940188024e+01
6.680000000000000000e+02	2.016280878378314867e+01
6.690000000000000000e+02	2.000803798733105054e+01
6.700000000000000000e+02	1.985011780426931693e+01
6.710000000000000000e+02	1.968914957743971428e+01
6.720000000000000000e+02	1.952511156332341358e+01
6.730000000000000000e+02	1.935806757961478297e+01
6.740000000000000000e+02	1.918856041435643789e+01
6.750000000000000000e+02	1.901710182619277134e+01
6.760000000000000000e+02	1.884322474839444794e+01
6.770000000000000000e+02	1.866631691615751265e+01
6.780000000000000000e+02	1.848651939726403270e+01
6.790000000000000000e+02	1.830400467637068829e+01
6.800000000000000000e+02	1.811876382062963131e+01
6.810000000000000000e+02	1.793095189280234791e+01
6.820000000000000000e+02	1.774125685629049798e+01
6.830000000000000000e+02	1.754971326737312154e+01
6.840000000000000000e+02	1.735561069615555141e+01
6.850000000000000000e+02	1.715877508488414804e+01
6.860000000000000000e+02	1.695944551147055535e+01
6.870000000000000000e+02	1.675775789969947738e+01
6.880000000000000000e+02	1.655367392745294808e+01
6.890000000000000000e+02	1.634724787567860460e+01
6.900000000000000000e+02	1.613862412742413710e+01
6.910000000000000000e+02	1.592780037879478350e+01
6.920000000000000000e+02	1.571476394896801843e+01
6.930000000000000000e+02	1.549955863387363486e+01
6.940000000000000000e+02	1.528222677543502250e+01
6.950000000000000000e+02	1.506273843643915633e+01
6.960000000000000000e+02	1.484123613652932328e+01
6.970000000000000000e+02	1.461796356514608597e+01
6.980000000000000000e+02	1.439286374441348038e+01
6.990000000000000000e+02	1.416595799392555044e+01
7.000000000000000000e+02	1.393704650887775465e+01
7.010000000000000000e+02	1.370631601761350815e+01
7.020000000000000000e+02	1.347374689568218820e+01
7.030000000000000000e+02	1.323963476978423337e+01
7.040000000000000000e+02	1.300364317818185533e+01
7.050000000000000000e+02	1.276555836894495677e+01
7.060000000000000000e+02	1.252562671922856730e+01
7.070000000000000000e+02	1.228413647934326569e+01
7.080000000000000000e+02	1.204121954278151740e+01
7.090000000000000000e+02	1.179692073682477549e+01
7.100000000000000000e+02	1.155118502126173929e+01
7.110000000000000000e+02	1.130417798468189794e+01
7.120000000000000000e+02	1.105639446558405403e+01
7.130000000000000000e+02	1.080820044910160682e+01
7.140000000000000000e+02	1.055996014659103999e+01
7.150000000000000000e+02	1.031131890934853068e+01
7.160000000000000000e+02	1.006156220268645107e+01
7.170000000000000000e+02	9.810635673918495669e+00
7.180000000000000000e+02	9.558711721232031167e+00
7.190000000000000000e+02	9.306078391543772810e+00
7.200000000000000000e+02	9.052750129898763376e+00
7.210000000000000000e+02	8.798232101446641806e+00
7.220000000000000000e+02	8.541919216668619086e+00
7.230000000000000000e+02	8.284717787610103912e+00
7.240000000000000000e+02	8.027246396298876263e+00
7.250000000000000000e+02	7.769334439130977543e+00
7.260000000000000000e+02	7.510844409831525681e+00
7.270000000000000000e+02	7.251939873508982615e+00
7.280000000000000000e+02	6.992783271845814497e+00
7.290000000000000000e+02	6.733737657090509643e+00
7.300000000000000000e+02	6.474998449572000325e+00
7.310000000000000000e+02	6.216521664574171879e+00
7.320000000000000000e+02	5.958221372165985130e+00
7.330000000000000000e+02	5.699826054586276669e+00
7.340000000000000000e+02	5.441361154098474984e+00
7.350000000000000000e+02	5.182977527816236218e+00
7.360000000000000000e+02	4.924822578716726795e+00
7.370000000000000000e+02	4.666878101886995367e+00
7.380000000000000000e+02	4.408742196607915886e+00
7.390000000000000000e+02	4.150328346660581147e+00
7.400000000000000000e+02	3.892120793447027438e+00
7.410000000000000000e+02	3.634418302385428845e+00
7.420000000000000000e+02	3.377261109885216328e+00
7.430000000000000000e+02	3.120686921082217680e+00
7.440000000000000000e+02	2.864806103415327598e+00
7.450000000000000000e+02	2.609660023784067917e+00
7.460000000000000000e+02	2.355224497610539203e+00
7.470000000000000000e+02	2.101903388776708681e+00
7.480000000000000000e+02	1.849870730488074599e+00
7.490000000000000000e+02	1.598972199268546390e+00
7.500000000000000000e+02	1.349067854606934347e+00
7.510000000000000000e+02	1.100195872368926686e+00
7.520000000000000000e+02	8.525528643856574718e-01
7.530000000000000000e+02	6.061236791558251014e-01
7.540000000000000000e+02	3.610285867842328855e-01
7.550000000000000000e+02	1.172582647956499358e-01
7.560000000000000000e+02	-1.249948702605152562e-01
7.570000000000000000e+02	-3.655370795054793120e-01
7.580000000000000000e+02	-6.042915853800039372e-01
7.590000000000000000e+02	-8.415118674353703199e-01
7.600000000000000000e+02	-1.077074209818761119e+00
7.610000000000000000e+02	-1.310981567840103779e+00
7.620000000000000000e+02	-1.543317358122447303e+00
7.630000000000000000e+02	-1.774027125267332750e+00
7.640000000000000000e+02	-2.003044275840075272e+00
7.650000000000000000e+02	-2.230293870803947698e+00
7.660000000000000000e+02	-2.455683938700042646e+00
7.670000000000000000e+02	-2.679145537527992005e+00
7.680000000000000000e+02	-2.900655114321255112e+00
7.690000000000000000e+02	-3.120162340340520757e+00
7.700000000000000000e+02	-3.337578150355520634e+00
7.710000000000000000e+02	-3.552840717715959329e+00
7.720000000000000000e+02	-3.765912201914757063e+00
7.730000000000000000e+02	-3.976717482953236349e+00
7.740000000000000000e+02	-4.185173927795529103e+00
7.750000000000000000e+02	-4.391329554666204338e+00
7.760000000000000000e+02	-4.595237297267034116e+00
7.770000000000000000e+02	-4.796707700967030696e+00
7.780000000000000000e+02	-4.995534278343732204e+00
7.790000000000000000e+02	-5.191680073375519733e+00
7.800000000000000000e+02	-5.385122053416717236e+00
7.810000000000000000e+02	-5.575787493809299278e+00
7.820000000000000000e+02	-5.763616368647846322e+00
7.830000000000000000e+02	-5.948576574343832135e+00
7.840000000000000000e+02	-6.130597989253026903e+00
7.850000000000000000e+02	-6.309574821657450983e+00
7.860000000000000000e+02	-6.485486809094386018e+00
7.870000000000000000e+02	-6.658382017821055321e+00
7.880000000000000000e+02	-6.828269563924570740e+00
7.890000000000000000e+02	-6.995136588154141855e+00
7.900000000000000000e+02	-7.158971929639222687e+00
7.910000000000000000e+02	-7.319765754975651184e+00
7.920000000000000000e+02	-7.477509187495448018e+00
7.930000000000000000e+02	-7.632194621309804639e+00
7.940000000000000000e+02	-7.783815953340914362e+00
7.950000000000000000e+02	-7.932361857130896254e+00
7.960000000000000000e+02	-8.077805970534393865e+00
7.970000000000000000e+02	-8.220099912262085695e+00
7.980000000000000000e+02	-8.359198396068798331e+00
7.990000000000000000e+02	-8.495062356828380956e+00
8.000000000000000000e+02	-8.627651961855267615e+00
8.010000000000000000e+02	-8.756931131207942087e+00
8.020000000000000000e+02	-8.882872030255992257e+00
8.030000000000000000e+02	-9.005437545030279267e+00
8.040000000000000000e+02	-9.124583247016589738e+00
8.050000000000000000e+02	-9.240324728275680854e+00
8.060000000000000000e+02	-9.352712586988246812e+00
8.070000000000000000e+02	-9.461701249403279945e+00
8.080000000000000000e+02	-9.567209524796307818e+00
8.090000000000000000e+02	-9.669222165963789806e+00
8.100000000000000000e+02	-9.767740103972311516e+00
8.110000000000000000e+02	-9.862749939729040349e+00
8.120000000000000000e+02	-9.954241533668637842e+00
8.130000000000000000e+02	-1.004221505202298736e+01
8.140000000000000000e+02	-1.012666709463032433e+01
8.150000000000000000e+02	-1.020758615445869033e+01
8.160000000000000000e+02	-1.028495780271137150e+01
8.170000000000000000e+02	-1.035877132602359119e+01
8.180000000000000000e+02	-1.042905583075045683e+01
8.190000000000000000e+02	-1.049586206431475688e+01
8.200000000000000000e+02	-1.055921091330464989e+01
8.210000000000000000e+02	-1.061911117398717153e+01
8.220000000000000000e+02	-1.067558441148324810e+01
8.230000000000000000e+02	-1.072865334044069208e+01
8.240000000000000000e+02	-1.077832861148662502e+01
8.250000000000000000e+02	-1.082464642492781870e+01
8.260000000000000000e+02	-1.086770945461188909e+01
8.270000000000000000e+02	-1.090760160409064383e+01
8.280000000000000000e+02	-1.094435448337089056e+01
8.290000000000000000e+02	-1.097795833399681520e+01
8.300000000000000000e+02	-1.100836325458656617e+01
8.310000000000000000e+02	-1.103557124517547017e+01
8.320000000000000000e+02	-1.105962896591244515e+01
8.330000000000000000e+02	-1.108056592026020937e+01
8.340000000000000000e+02	-1.109840304825292634e+01
8.350000000000000000e+02	-1.111317701284309400e+01
8.360000000000000000e+02	-1.112492891518712312e+01
8.370000000000000000e+02	-1.113368897718589423e+01
8.380000000000000000e+02	-1.113948482719871080e+01
8.390000000000000000e+02	-1.114234503979092494e+01
8.400000000000000000e+02	-1.114230318792846752e+01
8.410000000000000000e+02	-1.113940251542225468e+01
8.420000000000000000e+02	-1.113368213879618729e+01
8.430000000000000000e+02	-1.112517306525334249e+01
8.440000000000000000e+02	-1.111390602198094335e+01
8.450000000000000000e+02	-1.109991271594515716e+01
8.460000000000000000e+02	-1.108323327118336010e+01
8.470000000000000000e+02	-1.106391308056799971e+01
8.480000000000000000e+02	-1.104198890109885411e+01
8.490000000000000000e+02	-1.101749301079936139e+01
8.500000000000000000e+02	-1.099045802383516879e+01
8.510000000000000000e+02	-1.096091921568056549e+01
8.520000000000000000e+02	-1.092892136534191039e+01
8.530000000000000000e+02	-1.089450820478778859e+01
8.540000000000000000e+02	-1.085771442554888289e+01
8.550000000000000000e+02	-1.081857344196776083e+01
8.560000000000000000e+02	-1.077711913004116795e+01
8.570000000000000000e+02	-1.073339076565391537e+01
8.580000000000000000e+02	-1.068743417976294552e+01
8.590000000000000000e+02	-1.063928919524212269e+01
8.600000000000000000e+02	-1.058898972102847225e+01
8.610000000000000000e+02	-1.053656971711749968e+01
8.620000000000000000e+02	-1.048206429188920907e+01
8.630000000000000000e+02	-1.042551549811476619e+01
8.640000000000000000e+02	-1.036696684649650280e+01
8.650000000000000000e+02	-1.030645430362655013e+01
8.660000000000000000e+02	-1.024401155606343394e+01
8.670000000000000000e+02	-1.017967260260686047e+01
8.680000000000000000e+02	-1.011347399825434579e+01
8.690000000000000000e+02	-1.004545780378167130e+01
8.700000000000000000e+02	-9.975663125909250084e+00
8.710000000000000000e+02	-9.904123567795846128e+00
8.720000000000000000e+02	-9.830872447736554776e+00
8.730000000000000000e+02	-9.755943572535507258e+00
8.740000000000000000e+02	-9.679374237455004248e+00
8.750000000000000000e+02	-9.601203609146720552e+00
8.760000000000000000e+02	-9.521466401951556691e+00
8.770000000000000000e+02	-9.440195009103854673e+00
8.780000000000000000e+02	-9.357422098935558097e+00
8.790000000000000000e+02	-9.273181186694516853e+00
8.800000000000000000e+02	-9.187508200383886603e+00
8.810000000000000000e+02	-9.100437892179446209e+00
8.820000000000000000e+02	-9.012002018738611397e+00
8.830000000000000000e+02	-8.922232072157189720e+00
8.840000000000000000e+02	-8.831159899551877857e+00
8.850000000000000000e+02	-8.738817990401955171e+00
8.860000000000000000e+02	-8.645238599236600763e+00
8.870000000000000000e+02	-8.550452385038722625e+00
8.880000000000000000e+02	-8.454489543819544650e+00
8.890000000000000000e+02	-8.357380626163749326e+00
8.900000000000000000e+02	-8.259156525855750886e+00
8.910000000000000000e+02	-8.159846670993044171e+00
8.920000000000000000e+02	-8.059478301634273478e+00
8.930000000000000000e+02	-7.958080827765819265e+00
8.940000000000000000e+02	-7.855685356930202090e+00
8.950000000000000000e+02	-7.752318470521122329e+00
8.960000000000000000e+02	-7.648004591347620007e+00
8.970000000000000000e+02	-7.542771266876679093e+00
8.980000000000000000e+02	-7.436647182622387220e+00
8.990000000000000000e+02	-7.329661230271322658e+00
9.000000000000000000e+02	-7.221839766503204139e+00
9.010000000000000000e+02	-7.113203653500461243e+00
9.020000000000000000e+02	-7.003774885308009068e+00
9.030000000000000000e+02	-6.893579356097979449e+00
9.040000000000000000e+02	-6.782643607279455367e+00
9.050000000000000000e+02	-6.670993951447386827e+00
9.060000000000000000e+02	-6.558649855326208922e+00
9.070000000000000000e+02	-6.445626376331238916e+00
9.080000000000000000e+02	-6.331945169734039425e+00
9.090000000000000000e+02	-6.217631325490536653e+00
9.100000000000000000e+02	-6.102710411865793994e+00
9.110000000000000000e+02	-5.987205175286205439e+00
9.120000000000000000e+02	-5.871127743552890799e+00
9.130000000000000000e+02	-5.754491216653117469e+00
9.140000000000000000e+02	-5.637318153760067396e+00
9.150000000000000000e+02	-5.519632848348725140e+00
9.160000000000000000e+02	-5.401459780962670543e+00
9.170000000000000000e+02	-5.282814934558675901e+00
9.180000000000000000e+02	-5.163704314253551253e+00
9.190000000000000000e+02	-5.044142622716555557e+00
9.200000000000000000e+02	-4.924152817815711458e+00
9.210000000000000000e+02	-4.803758615178256086e+00
9.220000000000000000e+02	-4.682981889103677631e+00
9.230000000000000000e+02	-4.561829582814896256e+00
9.240000000000000000e+02	-4.440305086489242825e+00
9.250000000000000000e+02	-4.318426627904188742e+00
9.260000000000000000e+02	-4.196216976144786059e+00
9.270000000000000000e+02	-4.073699430128036703e+00
9.280000000000000000e+02	-3.950889538757797581e+00
9.290000000000000000e+02	-3.827785898312269453e+00
9.300000000000000000e+02	-3.704394339544460735e+00
9.310000000000000000e+02	-3.580735723511764945e+00
9.320000000000000000e+02	-3.456832646176318136e+00
9.330000000000000000e+02	-3.332707082371216600e+00
9.340000000000000000e+02	-3.208364401045592729e+00
9.350000000000000000e+02	-3.083798736040559874e+00
9.360000000000000000e+02	-2.959021926404108882e+00
9.370000000000000000e+02	-2.834055876103176885e+00
9.380000000000000000e+02	-2.708923208216214462e+00
9.390000000000000000e+02	-2.583641280376314242e+00
9.400000000000000000e+02	-2.458204377690726972e+00
9.410000000000000000e+02	-2.332608199342443456e+00
9.420000000000000000e+02	-2.206870605643704408e+00
9.430000000000000000e+02	-2.081013761003157825e+00
9.440000000000000000e+02	-1.955060115560275591e+00
9.450000000000000000e+02	-1.829017006233311093e+00
9.460000000000000000e+02	-1.702871236045409020e+00
9.470000000000000000e+02	-1.576625907849233954e+00
9.480000000000000000e+02	-1.450302184441881082e+00
9.490000000000000000e+02	-1.323922590228178819e+00
9.500000000000000000e+02	-1.197507039328034040e+00
9.510000000000000000e+02	-1.071049672587673030e+00
9.520000000000000000e+02	-9.445362416142497608e-01
9.530000000000000000e+02	-8.179794330020442317e-01
9.540000000000000000e+02	-6.914015767657453182e-01
9.550000000000000000e+02	-5.648256550496775219e-01
9.560000000000000000e+02	-4.382635515688217964e-01
9.570000000000000000e+02	-3.116979589125072891e-01
9.580000000000000000e+02	-1.851214703773518266e-01
9.590000000000000000e+02	-5.855368665451088361e-02
9.600000000000000000e+02	6.798246392326312559e-02
9.610000000000000000e+02	1.944647299307753485e-01
9.620000000000000000e+02	3.208950414765574521e-01
9.630000000000000000e+02	4.472954822526080676e-01
9.640000000000000000e+02	5.736618587576334249e-01
9.650000000000000000e+02	6.999718195319211134e-01
9.660000000000000000e+02	8.262003811413087817e-01
9.670000000000000000e+02	9.523294712119199090e-01
9.680000000000000000e+02	1.078382120500654295e+00
9.690000000000000000e+02	1.204377316831587663e+00
9.700000000000000000e+02	1.330273898448448122e+00
9.710000000000000000e+02	1.456042239513761771e+00
9.720000000000000000e+02	1.581711486828419666e+00
9.730000000000000000e+02	1.707297064046670698e+00
9.740000000000000000e+02	1.832776593516294739e+00
9.750000000000000000e+02	1.958124843872051102e+00
9.760000000000000000e+02	2.083319195147327108e+00
9.770000000000000000e+02	2.208366195444952496e+00
9.780000000000000000e+02	2.333294269267804921e+00
9.790000000000000000e+02	2.458099506923426603e+00
9.800000000000000000e+02	2.582757733586580784e+00
9.810000000000000000e+02	2.707243849732281049e+00
9.820000000000000000e+02	2.831540924163434170e+00
9.830000000000000000e+02	2.955671949469246940e+00
9.840000000000000000e+02	3.079659426771236497e+00
9.850000000000000000e+02	3.203486265017813750e+00
9.860000000000000000e+02	3.327127129286150620e+00
9.870000000000000000e+02	3.450556485206114132e+00
9.880000000000000000e+02	3.573771961841424982e+00
9.890000000000000000e+02	3.696806395442676418e+00
9.900000000000000000e+02	3.819667370222157743e+00
9.910000000000000000e+02	3.942330829952549465e+00
9.920000000000000000e+02	4.064770580511446241e+00
9.930000000000000000e+02	4.186964048499525859e+00
9.940000000000000000e+02	4.308927874426283111e+00
9.950000000000000000e+02	4.430694324526037065e+00
9.960000000000000000e+02	4.552253747472070344e+00
9.970000000000000000e+02	4.673579716252850957e+00
9.980000000000000000e+02	4.794645226504465896e+00
9.990000000000000000e+02	4.915438256142861562e+00
1.000000000000000000e+03	5.035991356824004228e+00
1.001000000000000000e+03	5.156324858002948375e+00
1.002000000000000000e+03	5.276416998514482870e+00
1.003000000000000000e+03	5.396240495606848597e+00
1.004000000000000000e+03	5.515768971569778856e+00
1.005000000000000000e+03	5.635009237362217149e+00
1.006000000000000000e+03	5.753999738742587411e+00
1.007000000000000000e+03	5.872742033841623410e+00
1.008000000000000000e+03	5.991209197540475984e+00
1.009000000000000000e+03	6.109373055918206674e+00
1.010000000000000000e+03	6.227212558667341469e+00
1.011000000000000000e+03	6.344753829426773351e+00
1.012000000000000000e+03	6.462028231055144900e+00
1.013000000000000000e+03	6.579018785001400360e+00
1.014000000000000000e+03	6.695696261149004513e+00
1.015000000000000000e+03	6.812031212415222470e+00
1.016000000000000000e+03	6.928018078702615767e+00
1.017000000000000000e+03	7.043696137799591028e+00
1.018000000000000000e+03	7.159079581134699666e+00
1.019000000000000000e+03	7.274141814395045813e+00
1.020000000000000000e+03	7.388853034377453000e+00
1.021000000000000000e+03	7.503186526761075115e+00
1.022000000000000000e+03	7.617158718545253393e+00
1.023000000000000000e+03	7.730809916992926745e+00
1.024000000000000000e+03	7.844133509538819382e+00
1.025000000000000000e+03	7.957099737384455196e+00
1.026000000000000000e+03	8.069678324512965517e+00
1.027000000000000000e+03	8.181853083939467197e+00
1.028000000000000000e+03	8.293660108087413718e+00
1.029000000000000000e+03	8.405127626626240911e+00
1.030000000000000000e+03	8.516233383441710103e+00
1.031000000000000000e+03	8.626947062263484511e+00
1.032000000000000000e+03	8.737238975299105093e+00
1.033000000000000000e+03	8.847113397679533975e+00
1.034000000000000000e+03	8.956615205843421634e+00
1.035000000000000000e+03	9.065751626540199837e+00
1.036000000000000000e+03	9.174493580014102534e+00
1.037000000000000000e+03	9.282810442147676255e+00
1.038000000000000000e+03	9.390678339610948555e+00
1.039000000000000000e+03	9.498124947889207803e+00
1.040000000000000000e+03	9.605190475669294514e+00
1.041000000000000000e+03	9.711861262271371587e+00
1.042000000000000000e+03	9.818106756079609809e+00
1.043000000000000000e+03	9.923896283333617063e+00
1.044000000000000000e+03	1.002922166319582153e+01
1.045000000000000000e+03	1.013412707899817100e+01
1.046000000000000000e+03	1.023863526336565322e+01
1.047000000000000000e+03	1.034272102516954384e+01
1.048000000000000000e+03	1.044635259710789477e+01
1.049000000000000000e+03	1.054949883575114988e+01
1.050000000000000000e+03	1.065218107252977298e+01
1.051000000000000000e+03	1.075445656047942045e+01
1.052000000000000000e+03	1.085629776119984591e+01
1.053000000000000000e+03	1.095763947239415437e+01
1.054000000000000000e+03	1.105850986788020585e+01
1.055000000000000000e+03	1.115896193044695472e+01
1.056000000000000000e+03	1.125898116780577318e+01
1.057000000000000000e+03	1.135853449509481017e+01
1.058000000000000000e+03	1.145759175775725147e+01
1.059000000000000000e+03	1.155614794778170484e+01
1.060000000000000000e+03	1.165425101699770671e+01
1.061000000000000000e+03	1.175192402903293676e+01
1.062000000000000000e+03	1.184914094203321433e+01
1.063000000000000000e+03	1.194587141141066944e+01
1.064000000000000000e+03	1.204208800284631131e+01
1.065000000000000000e+03	1.213781009306064185e+01
1.066000000000000000e+03	1.223308830633345856e+01
1.067000000000000000e+03	1.232792197787405009e+01
1.068000000000000000e+03	1.242228137183695758e+01
1.069000000000000000e+03	1.251613634448519541e+01
1.070000000000000000e+03	1.260947052125920997e+01
1.071000000000000000e+03	1.270232636728627718e+01
1.072000000000000000e+03	1.279474233819223450e+01
1.073000000000000000e+03	1.288669917290160249e+01
1.074000000000000000e+03	1.297816712953672358e+01
1.075000000000000000e+03	1.306911711829004297e+01
1.076000000000000000e+03	1.315955484787795804e+01
1.077000000000000000e+03	1.324953411839754658e+01
1.078000000000000000e+03	1.333907056415410075e+01
1.079000000000000000e+03	1.342813680432366574e+01
1.080000000000000000e+03	1.351670351022822381e+01
1.081000000000000000e+03	1.360474762552503414e+01
1.082000000000000000e+03	1.369230096885192260e+01
1.083000000000000000e+03	1.377941385378853489e+01
1.084000000000000000e+03	1.386607851351163312e+01
1.085000000000000000e+03	1.395226615701380446e+01
1.086000000000000000e+03	1.403794798842675284e+01
1.087000000000000000e+03	1.412311699758694949e+01
1.088000000000000000e+03	1.420782473291870751e+01
1.089000000000000000e+03	1.429210367541094051e+01
1.090000000000000000e+03	1.437593161027630551e+01
1.091000000000000000e+03	1.445928029050940289e+01
1.092000000000000000e+03	1.454212359819706712e+01
1.093000000000000000e+03	1.462447999102884033e+01
1.094000000000000000e+03	1.470640654331735142e+01
1.095000000000000000e+03	1.478791108965369894e+01
1.096000000000000000e+03	1.486896668242777686e+01
1.097000000000000000e+03	1.494954575198217306e+01
1.098000000000000000e+03	1.502963196088307818e+01
1.099000000000000000e+03	1.510926906982618867e+01
1.100000000000000000e+03	1.518850450232829807e+01
