250	61.18749
251	61.60898
252	61.98793
253	62.30877
254	62.58835
255	62.81274
256	62.98734
257	63.11556
258	63.19241
259	63.21907
260	63.19652
261	63.12776
262	63.00523
263	62.83717
264	62.62053
265	62.33792
266	62.01823
267	61.66194
268	61.2729
269	60.84716
270	60.40935
271	59.97111
272	59.50217
273	59.00369
274	58.47812
275	57.93054
276	57.37998
277	56.82754
278	56.2662
279	55.64723
280	54.93268
281	54.23031
282	53.50496
283	52.62344
284	51.7913
285	51.01644
286	49.97
287	48.99393
288	48.11757
289	46.97902
290	45.76774
291	44.71115
292	43.73513
293	42.67971
294	41.79017
295	41.06503
296	40.24683
297	39.49215
298	38.87611
299	38.37064
300	37.89108
301	37.52382
302	37.26358
303	37.13278
304	37.10496
305	37.14814
306	37.25311
307	37.40824
308	37.60734
309	37.84661
310	38.12129
311	38.40897
312	38.71847
313	39.04616
314	39.39014
315	39.76049
316	40.13566
317	40.51321
318	40.89366
319	41.32053
320	41.74028
321	42.14808
322	42.54624
323	42.96568
324	43.37513
325	43.77099
326	44.14967
327	44.54389
328	44.93728
329	45.3153
330	45.67767
331	46.03047
332	46.3796
333	46.712
334	47.02768
335	47.32664
336	47.60102
337	47.85758
338	48.09735
339	48.32049
340	48.52966
341	48.72912
342	48.91232
343	49.07945
344	49.23073
345	49.37316
346	49.50548
347	49.62255
348	49.72462
349	49.81189
350	49.90256
351	49.98574
352	50.05493
353	50.11037
354	50.15225
355	50.20479
356	50.25401
357	50.29031
358	50.31391
359	50.32501
360	50.35132
361	50.38528
362	50.40715
363	50.41712
364	50.41539
365	50.43062
366	50.50391
367	50.56551
368	50.61562
369	50.65446
370	50.68223
371	50.68609
372	50.67681
373	50.65685
374	50.62642
375	50.58571
376	50.50971
377	50.34342
378	50.1697
379	49.98867
380	49.80044
381	49.6051
382	49.37044
383	49.09133
384	48.80601
385	48.51461
386	48.21725
387	47.91402
388	47.54957
389	47.12248
390	46.68795
391	46.24611
392	45.79715
393	45.34122
394	44.8745
395	44.39326
396	43.90491
397	43.40963
398	42.90769
399	42.39933
400	41.8848
401	41.43244
402	40.97473
403	40.51195
404	40.04434
405	39.57221
406	39.09584
407	38.64694
408	38.23446
409	37.81872
410	37.4
411	36.97856
412	36.55464
413	36.12854
414	35.80115
415	35.52129
416	35.23959
417	34.95628
418	34.67158
419	34.38574
420	34.09897
421	33.80458
422	33.50605
423	33.20725
424	32.90849
425	32.61007
426	32.3142
427	32.01928
428	31.67307
429	31.25658
430	30.84714
431	30.44492
432	30.05008
433	29.66283
434	29.2834
435	28.91207
436	28.45531
437	27.99808
438	27.54944
439	27.10933
440	26.6777
441	26.25714
442	25.84472
443	25.4111
444	24.80469
445	24.20556
446	23.61319
447	23.02934
448	22.45453
449	21.88942
450	21.33467
451	20.79172
452	20.27436
453	19.7862
454	19.3312
455	18.91362
456	18.53826
457	18.21042
458	17.93593
459	17.72121
460	17.62702
461	17.59644
462	17.60765
463	17.66178
464	17.75986
465	17.90283
466	18.0917
467	18.32708
468	18.60734
469	18.89563
470	19.211
471	19.55197
472	19.91788
473	20.30767
474	20.72048
475	21.15517
476	21.61055
477	22.0804
478	22.50988
479	22.95399
480	23.41196
481	23.8832
482	24.36702
483	24.86239
484	25.36848
485	25.8842
486	26.40882
487	26.89229
488	27.36235
489	27.83599
490	28.31259
491	28.79142
492	29.27171
493	29.75293
494	30.23427
495	30.71496
496	31.18898
497	31.58981
498	31.98582
499	32.37633
500	32.76093
501	33.13706
502	33.5059
503	33.86704
504	34.21981
505	34.56266
506	34.89856
507	35.19528
508	35.4783
509	35.75244
510	36.0162
511	36.26894
512	36.51019
513	36.73872
514	36.95449
515	37.15763
516	37.34511
517	37.49568
518	37.58516
519	37.66132
520	37.72393
521	37.77483
522	37.81128
523	37.83323
524	37.84017
525	37.83206
526	37.80656
527	37.76556
528	37.73809
529	37.75283
530	37.75304
531	37.73779
532	37.7075
533	37.66167
534	37.60025
535	37.52249
536	37.43017
537	37.32099
538	37.19479
539	37.05114
540	37.21807
541	37.42617
542	37.62903
543	37.8272
544	38.02063
545	38.20962
546	38.39514
547	38.57747
548	38.75743
549	38.93656
550	39.11578
551	39.29526
552	39.35356
553	39.39078
554	39.4207
555	39.44406
556	39.46324
557	39.47868
558	39.49168
559	39.50475
560	39.51941
561	39.53611
562	39.55662
563	39.58326
564	39.13799
565	37.81527
566	36.45405
567	35.05515
568	33.62006
569	32.15106
570	30.65103
571	29.12174
572	27.56653
573	25.98915
574	24.39406
575	22.78614
576	21.17131
577	19.55996
578	17.96739
579	16.39013
580	14.83566
581	13.3137
582	11.8324
583	10.40101
584	9.02906
585	7.72633
586	6.50178
587	5.3658
588	4.32772
589	3.39654
590	2.58059
591	1.94585
592	1.46104
593	1.06565
594	0.7627
595	0.55457
596	0.44306
597	0.42925
598	0.51367
599	0.69606
600	0.97551
601	1.3501
602	1.81774
603	2.37555
604	3.02029
605	3.74056
606	4.47905
607	5.28123
608	6.14328
609	7.0612
610	8.03082
611	9.04648
612	10.10511
613	11.20241
614	12.3341
615	13.49581
616	14.68522
617	15.89671
618	17.12637
619	18.37041
620	19.61763
621	20.78079
622	21.94606
623	23.11103
624	24.27352
625	25.4314
626	26.58084
627	27.72196
628	28.85321
629	29.97316
630	31.08056
631	32.17426
632	33.25324
633	34.31659
634	35.36349
635	36.39343
636	37.40438
637	38.36992
638	39.31813
639	40.24873
640	41.16147
641	42.0547
642	42.92994
643	43.78712
644	44.62626
645	45.44742
646	46.25209
647	47.03891
648	47.80805
649	48.55965
650	49.2938
651	50.00959
652	50.70858
653	51.38606
654	52.03932
655	52.67717
656	53.29991
657	53.90771
658	54.50092
659	55.07982
660	55.64472
661	56.19684
662	56.73544
663	57.26075
664	57.7731
665	58.27272
666	58.75905
667	59.23325
668	59.69562
669	60.14636
670	60.58581
671	61.00733
672	61.41595
673	61.81445
674	62.20306
675	62.58194
676	62.95137
677	63.3116
678	63.66282
679	64.00527
680	64.3391
681	64.66503
682	64.98268
683	65.29225
684	65.59398
685	65.888
686	66.1741
687	66.45291
688	66.72458
689	66.98869
690	67.24167
691	67.48821
692	67.72852
693	67.9627
694	68.19091
695	68.41328
696	68.62992
697	68.84093
698	69.04649
699	69.24669
700	69.44164
