5.5	3.5236164256480684
5.500500250125063	3.553357762892409
5.501000500250125	3.58309910013675
5.501500750375188	3.6128404373810907
5.50200100050025	3.6425817746254316
5.502501250625313	3.6723231118697726
5.503001500750375	3.7020644491140606
5.503501750875437	3.7318057863584015
5.5040020010005	3.7615471236027425
5.504502251125563	3.791288460847083
5.505002501250625	3.821029798091424
5.505502751375688	3.8507711353357648
5.50600300150075	3.8805124725801057
5.506503251625813	3.9102538098244466
5.507003501750876	3.9399951470687875
5.507503751875938	3.969736484313128
5.508004002001001	3.999477821557469
5.508504252126063	4.02921915880181
5.509004502251125	4.058960496046098
5.509504752376188	4.088701833290439
5.51000500250125	4.118443170534779
5.510505252626313	4.148184507779121
5.511005502751376	4.177925845023461
5.511505752876438	4.2076671822678025
5.512006003001501	4.237408519512143
5.512506253126563	4.267149856756484
5.513006503251626	4.296891194000825
5.513506753376689	4.326632531245165
5.514007003501751	4.356373868489507
5.514507253626814	4.386115205733847
5.5150075037518755	4.415856542978135
5.515507753876938	4.4455978802224765
5.516008004002001	4.475339217466817
5.516508254127063	4.502486647263006
5.517008504252126	4.5212549845997225
5.517508754377189	4.540023321936439
5.518009004502251	4.558791659273155
5.518509254627314	4.577559996609872
5.519009504752376	4.5963283339465875
5.519509754877439	4.615096671283304
5.520010005002502	4.63386500862002
5.520510255127564	4.652633345956737
5.521010505252626	4.6714016832934195
5.5215107553776885	4.690170020630136
5.522011005502751	4.7089383579668525
5.522511255627814	4.727706695303569
5.523011505752876	4.7464750326402845
5.523511755877939	4.765243369977001
5.524012006003002	4.772641413177854
5.524512256128064	4.77569732857598
5.525012506253127	4.778753243974106
5.525512756378189	4.781809159372231
5.526013006503252	4.784865074770357
5.526513256628314	4.787920990168478
5.527013506753376	4.790976905566603
5.527513756878439	4.794032820964729
5.5280140070035015	4.797088736362855
5.528514257128564	4.80014465176098
5.529014507253627	4.803200567159106
5.529514757378689	4.806256482557231
5.530015007503752	4.809312397955357
5.530515257628815	4.812368313353483
5.531015507753877	4.815424228751608
5.53151575787894	4.818480144149734
5.532016008004002	4.82153605954786
5.532516258129064	4.82459197494598
5.533016508254127	4.827647890344106
5.533516758379189	4.830703805742232
5.534017008504252	4.833759721140357
5.5345172586293145	4.836815636538483
5.535017508754377	4.839871551936609
5.53551775887944	4.842927467334734
5.536018009004502	4.84598338273286
5.536518259129565	4.849039298130985
5.537018509254628	4.852095213529111
5.53751875937969	4.855151128927237
5.538019009504753	4.858207044325362
5.5385192596298145	4.861262959723483
5.539019509754877	4.864318875121609
5.53951975987994	4.867374790519734
5.540020010005002	4.87043070591786
5.540520260130065	4.873486621315986
5.5410205102551275	4.876542536714111
5.54152076038019	4.879598452112237
5.542021010505253	4.882654367510363
5.542521260630315	4.885710282908488
5.543021510755378	4.888766198306614
5.543521760880441	4.891822113704739
5.544022011005503	4.894878029102865
5.544522261130565	4.897933944500986
5.5450225112556275	4.900989859899111
5.54552276138069	4.904045775297237
5.546023011505753	4.907101690695363
5.546523261630815	4.910157606093488
5.547023511755878	4.913213521491614
5.5475237618809405	4.91626943688974
5.548024012006003	4.919325352287865
5.548524262131066	4.922381267685991
5.549024512256128	4.925437183084117
5.549524762381191	4.928493098482242
5.550025012506253	4.931549013880363
5.550525262631315	4.934604929278488
5.551025512756378	4.937660844676614
5.5515257628814405	4.94071676007474
5.552026013006503	4.943772675472865
5.552526263131566	4.946828590870991
5.553026513256628	4.949884506269117
5.553526763381691	4.952940421667242
5.5540270135067535	4.955996337065368
5.554527263631816	4.959052252463494
5.555027513756879	4.9621081678616195
5.555527763881941	4.9651640832597455
5.556028014007003	4.968219998657865
5.556528264132066	4.971275914055991
5.557028514257128	4.974331829454117
5.557528764382191	4.977387744852242
5.5580290145072535	4.980443660250368
5.558529264632316	4.983499575648494
5.559029514757379	4.986555491046619
5.559529764882441	4.989360247758625
5.560030015007504	4.991817196529544
5.5605302651325665	4.994274145300464
5.561030515257629	4.996731094071383
5.561530765382692	4.999188042842303
5.5620310155077535	5.001644991613218
5.562531265632816	5.004101940384138
5.563031515757879	5.006558889155057
5.563531765882941	5.009015837925977
5.564032016008004	5.011472786696896
5.5645322661330665	5.013929735467816
5.565032516258129	5.016386684238736
5.565532766383192	5.018843633009655
5.566033016508254	5.021300581780575
5.566533266633317	5.023757530551494
5.5670335167583795	5.026214479322414
5.567533766883442	5.028671428093333
5.568034017008504	5.031128376864248
5.5685342671335665	5.033585325635168
5.569034517258629	5.036042274406087
5.569534767383692	5.038499223177007
5.570035017508754	5.040956171947927
5.570535267633817	5.043413120718847
5.5710355177588795	5.045870069489766
5.571535767883942	5.048327018260686
5.572036018009005	5.050783967031605
5.572536268134067	5.053240915802524
5.57303651825913	5.055697864573444
5.5735367683841925	5.0581548133443635
5.574037018509254	5.060611762115279
5.574537268634317	5.063068710886198
5.5750375187593795	5.065525659657118
5.575537768884442	5.0679826084280375
5.576038019009505	5.070439557198957
5.576538269134567	5.072896505969877
5.57703851925963	5.075353454740796
5.5775387693846925	5.077810403511716
5.578039019509755	5.080267352282635
5.578539269634818	5.082724301053555
5.57903951975988	5.085181249824474
5.579539769884942	5.08763819859539
5.580040020010005	5.090095147366309
5.580540270135067	5.092552096137228
5.58104052026013	5.095009044908148
5.5815407703851925	5.097465993679068
5.582041020510255	5.099922942449988
5.582541270635318	5.102379891220907
5.58304152076038	5.104836839991827
5.583541770885443	5.107293788762746
5.5840420210105055	5.109750737533665
5.584542271135568	5.112207686304585
5.585042521260631	5.1146646350755045
5.585542771385692	5.11712158384642
5.586043021510755	5.119578532617339
5.586543271635818	5.122035481388259
5.58704352176088	5.1244924301591785
5.587543771885943	5.126949378930099
5.5880440220110055	5.129406327701018
5.588544272136068	5.131863276471937
5.589044522261131	5.134320225242857
5.589544772386193	5.136777174013776
5.590045022511256	5.139234122784696
5.5905452726363185	5.1416910715556154
5.591045522761381	5.1441480203265355
5.591545772886443	5.14660496909745
5.592046023011505	5.14906191786837
5.592546273136568	5.1515188666392895
5.593046523261631	5.153975815410209
5.593546773386693	5.156432764181129
5.594047023511756	5.158889712952048
5.5945472736368185	5.161346661722968
5.595047523761881	5.163803610493887
5.595547773886944	5.166260559264807
5.596048024012006	5.168717508035726
5.596548274137069	5.171174456806646
5.5970485242621315	5.173631405577566
5.597548774387193	5.17608835434848
5.598049024512256	5.1785453031194
5.598549274637318	5.18100225189032
5.599049524762381	5.18345920066124
5.599549774887444	5.185916149432159
5.600050025012506	5.188373098203079
5.600550275137569	5.190830046973998
5.6010505252626315	5.193286995744917
5.601550775387694	5.195743944515837
5.602051025512757	5.1982008932867565
5.602551275637819	5.200657842057677
5.603051525762881	5.203114790828591
5.603551775887944	5.205571739599511
5.604052026013006	5.2080286883704305
5.604552276138069	5.210485637141351
5.605052526263131	5.21294258591227
5.605552776388194	5.215399534683189
5.606053026513257	5.217856483454109
5.606553276638319	5.220313432225028
5.607053526763382	5.222770380995948
5.6075537768884445	5.225227329766867
5.608054027013507	5.2276842785377875
5.60855427713857	5.230141227308707
5.609054527263631	5.232598176079621
5.609554777388694	5.2323698229414015
5.610055027513757	5.230690638278648
5.610555277638819	5.229011453615894
5.611055527763882	5.227332268953139
5.611555777888944	5.225653084290386
5.612056028014007	5.223973899627631
5.61255627813907	5.222294714964877
5.613056528264132	5.220615530302123
5.613556778389195	5.218936345639369
5.6140570285142575	5.217257160976614
5.61455727863932	5.2155779763138606
5.615057528764382	5.2138987916511095
5.615557778889444	5.212219606988355
5.616058029014507	5.210540422325601
5.61655827913957	5.2088612376628465
5.617058529264632	5.207182053000093
5.617558779389695	5.205502868337338
5.618059029514757	5.203823683674584
5.61855927963982	5.20214449901183
5.619059529764883	5.200465314349076
5.619559779889945	5.198786129686321
5.620060030015008	5.197106945023568
5.6205602801400705	5.195427760360813
5.621060530265132	5.193748575698062
5.621560780390195	5.192069391035308
5.622061030515257	5.1903902063725535
5.62256128064032	5.1887110217098
5.623061530765383	5.187031837047045
5.623561780890445	5.185352652384291
5.624062031015508	5.183673467721537
5.62456228114057	5.181994283058783
5.625062531265633	5.180315098396028
5.625562781390696	5.178635913733275
5.626063031515758	5.17695672907052
5.62656328164082	5.175277544407769
5.627063531765883	5.173598359745015
5.627563781890945	5.171919175082261
5.628064032016008	5.170239990419507
5.62856428214107	5.168560805756752
5.629064532266133	5.1668816210939985
5.629564782391196	5.165202436431244
5.630065032516258	5.16352325176849
5.630565282641321	5.1618440671057355
5.631065532766383	5.160164882442982
5.631565782891446	5.158485697780227
5.632066033016509	5.156806513117473
5.63256628314157	5.155127328454722
5.633066533266633	5.153448143791968
5.633566783391696	5.151768959129214
5.634067033516758	5.150089774466459
5.634567283641821	5.148410589803706
5.635067533766883	5.146731405140951
5.635567783891946	5.145052220478197
5.636068034017009	5.143373035815443
5.636568284142071	5.141693851152689
5.637068534267134	5.140014666489934
5.637568784392196	5.1383354818271805
5.638069034517259	5.136656297164426
5.638569284642321	5.134977112501675
5.639069534767383	5.133297927838921
5.639569784892446	5.131618743176166
5.640070035017509	5.129939558513413
5.640570285142571	5.128260373850658
5.641070535267634	5.126581189187904
5.641570785392696	5.12490200452515
5.642071035517759	5.123222819862396
5.642571285642822	5.121543635199641
5.643071535767884	5.1198644505368875
5.643571785892947	5.118185265874133
5.644072036018009	5.116506081211379
5.644572286143071	5.114826896548628
5.645072536268134	5.1131477118858735
5.645572786393196	5.11146852722312
5.646073036518259	5.109789342560365
5.646573286643322	5.108110157897611
5.647073536768384	5.106430973234857
5.647573786893447	5.104751788572103
5.648074037018509	5.103072603909348
5.648574287143572	5.101393419246595
5.649074537268635	5.099714234583841
5.649574787393697	5.098035049921086
5.650075037518759	5.096355865258335
5.6505752876438216	5.0946766805955805
5.651075537768884	5.092997495932827
5.651575787893947	5.091318311270072
5.652076038019009	5.089639126607318
5.652576288144072	5.087959941944565
5.653076538269135	5.08628075728181
5.653576788394197	5.084601572619056
5.65407703851926	5.082922387956302
5.654577288644322	5.081243203293548
5.655077538769385	5.079564018630793
5.655577788894448	5.07788483396804
5.656078039019509	5.0762056493052885
5.656578289144572	5.074526464642534
5.6570785392696346	5.07284727997978
5.657578789394697	5.0711680953170255
5.65807903951976	5.069488910654272
5.658579289644822	5.067809725991517
5.659079539769885	5.066130541328763
5.659579789894948	5.064451356666009
5.66008004002001	5.062772172003255
5.660580290145073	5.0610929873405
5.661080540270135	5.059413802677747
5.661580790395198	5.057734618014992
5.66208104052026	5.056055433352241
5.662581290645322	5.054376248689487
5.663081540770385	5.052697064026733
5.6635817908954476	5.051017879363979
5.66408204102051	5.049338694701224
5.664582291145573	5.0476595100384705
5.665082541270635	5.045980325375716
5.665582791395698	5.044301140712962
5.666083041520761	5.043025213552997
5.666583291645823	5.0451492685656945
5.667083541770886	5.047273323578391
5.667583791895948	5.049397378591089
5.66808404202101	5.051521433603783
5.668584292146073	5.053645488616481
5.669084542271135	5.055769543629179
5.669584792396198	5.0578935986418765
5.6700850425212606	5.060017653654573
5.670585292646323	5.062141708667271
5.671085542771386	5.064265763679969
5.671585792896448	5.066389818692667
5.672086043021511	5.068513873705364
5.672586293146574	5.070637928718062
5.673086543271636	5.07276198373076
5.673586793396698	5.074886038743453
5.6740870435217605	5.077010093756151
5.674587293646823	5.079134148768849
5.675087543771886	5.081258203781546
5.675587793896948	5.083382258794244
5.676088044022011	5.085506313806942
5.6765882941470736	5.08763036881964
5.677088544272136	5.0897544238323364
5.677588794397199	5.091878478845034
5.678089044522261	5.094002533857732
5.678589294647324	5.09612658887043
5.679089544772387	5.098250643883127
5.679589794897448	5.100374698895822
5.680090045022511	5.102498753908519
5.6805902951475735	5.104622808921216
5.681090545272636	5.106746863933914
5.681590795397699	5.108870918946612
5.682091045522761	5.1109949739593095
5.682591295647824	5.113119028972007
5.6830915457728866	5.115243083984705
5.683591795897949	5.117367138997403
5.684092046023012	5.1194911940101
5.684592296148074	5.121615249022797
5.685092546273137	5.123739304035495
5.685592796398199	5.125863359048189
5.686093046523261	5.127987414060887
5.686593296648324	5.130111469073585
5.6870935467733865	5.1322355240862825
5.687593796898449	5.134359579098979
5.688094047023512	5.136483634111677
5.688594297148574	5.138607689124375
5.689094547273637	5.140731744137073
5.6895947973986996	5.14285579914977
5.690095047523762	5.144979854162468
5.690595297648825	5.147103909175166
5.691095547773887	5.1492279641878635
5.691595797898949	5.151352019200557
5.692096048024012	5.153476074213255
5.692596298149074	5.155600129225952
5.693096548274137	5.15772418423865
5.6935967983991995	5.159848239251348
5.694097048524262	5.161972294264046
5.694597298649325	5.164096349276743
5.695097548774387	5.16622040428944
5.69559779889945	5.168344459302138
5.6960980490245126	5.170468514314836
5.696598299149575	5.172592569327533
5.697098549274637	5.174716624340228
5.6975987993996995	5.176840679352925
5.698099049524762	5.178964734365622
5.698599299649825	5.18108878937832
5.699099549774887	5.183212844391018
5.69959979989995	5.1853368994037154
5.7001000500250125	5.187460954416413
5.700600300150075	5.189585009429111
5.701100550275138	5.191709064441809
5.7016008004002	5.193833119454506
5.702101050525263	5.195957174467203
5.7026013006503256	5.198081229479901
5.703101550775387	5.200205284492595
5.70360180090045	5.202329339505293
5.7041020510255125	5.204453394517991
5.704602301150575	5.2065774495306885
5.705102551275638	5.208701504543386
5.7056028014007	5.210825559556083
5.706103051525763	5.212949614568781
5.7066033016508255	5.2150736695814786
5.707103551775888	5.217197724594176
5.707603801900951	5.219321779606874
5.708104052026013	5.221445834619572
5.708604302151076	5.2235698896322695
5.709104552276138	5.225693944644963
5.7096048024012	5.227817999657661
5.710105052526263	5.229942054670358
5.7106053026513255	5.232066109683056
5.711105552776388	5.234190164695754
5.711605802901451	5.236314219708452
5.712106053026513	5.238438274721149
5.712606303151576	5.240562329733846
5.7131065532766385	5.242686384746544
5.713606803401701	5.244810439759242
5.714107053526764	5.246934494771939
5.714607303651826	5.249058549784637
5.715107553776888	5.251182604797331
5.715607803901951	5.253306659810028
5.716108054027013	5.255430714822726
5.716608304152076	5.257554769835424
5.7171085542771385	5.259678824848121
5.717608804402201	5.261802879860819
5.718109054527264	5.263926934873517
5.718609304652326	5.266050989886215
5.719109554777389	5.268175044898912
5.7196098049024515	5.270299099911609
5.720110055027514	5.272423154924307
5.720610305152576	5.274547209937001
5.7211105552776385	5.276671264949699
5.721610805402701	5.278795319962397
5.722111055527764	5.2809193749750944
5.722611305652826	5.283043429987792
5.723111555777889	5.285167485000489
5.7236118059029515	5.287291540013187
5.724112056028014	5.2894155950258845
5.724612306153077	5.291539650038582
5.725112556278139	5.29366370505128
5.725612806403202	5.295787760063978
5.7261130565282645	5.2979118150766755
5.726613306653326	5.300035870089369
5.727113556778389	5.302159925102067
5.7276138069034515	5.304283980114764
5.728114057028514	5.306408035127462
5.728614307153577	5.30853209014016
5.729114557278639	5.3106561451528576
5.729614807403702	5.312780200165555
5.7301150575287645	5.314904255178252
5.730615307653827	5.316843657081114
5.73111555777889	5.318755511043643
5.731615807903952	5.320667365006172
5.732116058029015	5.322579218968701
5.732616308154077	5.3244910729312265
5.733116558279139	5.3264029268937545
5.733616808404202	5.328314780856283
5.7341170585292645	5.330226634818812
5.734617308654327	5.332138488781341
5.73511755877939	5.33405034274387
5.735617808904452	5.335962196706399
5.736118059029515	5.337874050668928
5.7366183091545775	5.339785904631457
5.73711855927964	5.341697758593986
5.737618809404703	5.343609612556515
5.738119059529765	5.345521466519044
5.738619309654827	5.347433320481569
5.73911955977989	5.349345174444097
5.739619809904952	5.351257028406626
5.740120060030015	5.353168882369155
5.7406203101550775	5.355080736331684
5.74112056028014	5.356992590294213
5.741620810405203	5.3589044442567415
5.742121060530265	5.36081629821927
5.742621310655328	5.362728152181799
5.7431215607803905	5.364640006144328
5.743621810905453	5.366551860106857
5.744122061030515	5.3684637140693825
5.744622311155577	5.370375568031911
5.74512256128064	5.372287421994439
5.745622811405703	5.374199275956968
5.746123061530765	5.376111129919497
5.746623311655828	5.378022983882026
5.7471235617808905	5.379934837844555
5.747623811905953	5.381846691807084
5.748124062031016	5.383758545769613
5.748624312156078	5.385670399732142
5.749124562281141	5.387582253694671
5.7496248124062035	5.3894941076572
5.750125062531265	5.391405961619725
5.750625312656328	5.393317815582254
5.75112556278139	5.395229669544782
5.751625812906453	5.396781886357332
5.752126063031516	5.395960104336446
5.752626313156578	5.39513832231556
5.753126563281641	5.394316540294674
5.7536268134067035	5.393494758273788
5.754127063531766	5.392672976252903
5.754627313656829	5.391851194232016
5.755127563781891	5.391029412211131
5.755627813906953	5.390207630190246
5.756128064032016	5.38938584816936
5.756628314157078	5.388564066148474
5.757128564282141	5.387742284127588
5.757628814407203	5.386920502106703
5.758129064532266	5.386098720085816
5.758629314657329	5.385276938064931
5.759129564782391	5.384455156044044
5.759629814907454	5.383633374023159
5.7601300650325165	5.382811592002273
5.760630315157579	5.381989809981387
5.761130565282642	5.381168027960501
5.761630815407704	5.380346245939615
5.762131065532766	5.379524463918731
5.762631315657829	5.3787026818978445
5.763131565782891	5.377880899876959
5.763631815907954	5.377059117856073
5.764132066033016	5.376237335835187
5.764632316158079	5.375415553814301
5.765132566283142	5.374593771793415
5.765632816408204	5.373771989772529
5.766133066533267	5.372950207751644
5.7666333166583295	5.372128425730757
5.767133566783392	5.371306643709872
5.767633816908454	5.370484861688987
5.768134067033516	5.3696630796681015
5.768634317158579	5.368841297647215
5.769134567283642	5.3680195156263295
5.769634817408704	5.367197733605444
5.770135067533767	5.3663759515845575
5.770635317658829	5.365554169563672
5.771135567783892	5.3647323875427855
5.771635817908955	5.3639106055219
5.772136068034017	5.363088823501014
5.77263631815908	5.362267041480128
5.7731365682841425	5.361445259459242
5.773636818409204	5.360623477438358
5.774137068534267	5.359801695417472
5.774637318659329	5.358979913396586
5.775137568784392	5.3581581313757
5.775637818909455	5.3573363493548145
5.776138069034517	5.356514567333928
5.77663831915958	5.3556927853130425
5.777138569284642	5.354871003292156
5.777638819409705	5.3540492212712705
5.778139069534768	5.353227439250385
5.77863931965983	5.3524056572294985
5.779139569784892	5.351583875208614
5.779639819909955	5.350762093187728
5.780140070035017	5.349940311166843
5.78064032016008	5.349118529145956
5.781140570285142	5.348296747125071
5.781640820410205	5.347474965104185
5.782141070535268	5.346653183083299
5.78264132066033	5.345831401062413
5.783141570785393	5.345009619041527
5.783641820910455	5.344187837020641
5.784142071035518	5.3433660549997555
5.784642321160581	5.342544272978869
5.785142571285643	5.3417224909579835
5.785642821410705	5.340900708937099
5.786143071535768	5.340078926916213
5.78664332166083	5.339257144895327
5.787143571785893	5.338435362874441
5.787643821910955	5.337613580853556
5.788144072036018	5.336791798832669
5.788644322161081	5.335970016811784
5.789144572286143	5.335148234790897
5.789644822411206	5.334326452770012
5.790145072536268	5.333504670749126
5.790645322661331	5.33268288872824
5.791145572786393	5.331861106707355
5.791645822911455	5.331039324686469
5.792146073036518	5.330217542665584
5.792646323161581	5.329395760644697
5.793146573286643	5.328573978623812
5.793646823411706	5.327752196602926
5.794147073536768	5.32693041458204
5.794647323661831	5.326108632561154
5.795147573786894	5.325286850540268
5.795647823911956	5.324465068519382
5.796148074037019	5.323643286498497
5.796648324162081	5.32282150447761
5.797148574287143	5.3219997224567255
5.797648824412206	5.32117794043584
5.798149074537268	5.320356158414954
5.798649324662331	5.319534376394068
5.799149574787394	5.318712594373182
5.799649824912456	5.317890812352297
5.800150075037519	5.31706903033141
5.800650325162581	5.316247248310525
5.801150575287644	5.315425466289638
5.801650825412707	5.316074413244063
5.802151075537769	5.317349777915479
5.802651325662831	5.318625142586892
5.8031515757878935	5.319900507258307
5.803651825912956	5.321175871929722
5.804152076038019	5.322451236601138
5.804652326163081	5.323726601272553
5.805152576288144	5.325001965943969
5.805652826413207	5.326277330615385
5.806153076538269	5.3275526952868
5.806653326663332	5.328828059958216
5.807153576788394	5.330103424629631
5.807653826913457	5.331378789301047
5.80815407703852	5.332654153972462
5.808654327163582	5.3339295186438775
5.809154577288644	5.33520488331529
5.8096548274137065	5.336480247986706
5.810155077538769	5.337755612658121
5.810655327663832	5.339030977329537
5.811155577788894	5.340306342000953
5.811655827913957	5.341581706672368
5.81215607803902	5.342857071343784
5.812656328164082	5.344132436015199
5.813156578289145	5.345407800686615
5.813656828414207	5.34668316535803
5.81415707853927	5.347958530029445
5.814657328664332	5.349233894700858
5.815157578789394	5.350509259372274
5.815657828914457	5.351784624043689
5.8161580790395195	5.3530599887151045
5.816658329164582	5.354335353386521
5.817158579289645	5.355610718057936
5.817658829414707	5.356886082729352
5.81815907953977	5.358161447400767
5.818659329664833	5.3594368120721825
5.819159579789895	5.360712176743598
5.819659829914958	5.361987541415013
5.82016008004002	5.363262906086429
5.820660330165082	5.3645382707578415
5.821160580290145	5.365813635429257
5.821660830415207	5.367089000100673
5.82216108054027	5.368364364772089
5.8226613306653325	5.369639729443504
5.823161580790395	5.3709150941149195
5.823661830915458	5.372190458786335
5.82416208104052	5.37346582345775
5.824662331165583	5.374741188129166
5.825162581290646	5.376016552800581
5.825662831415708	5.377291917471997
5.82616308154077	5.378567282143409
5.8266633316658325	5.379842646814825
5.827163581790895	5.381118011486241
5.827663831915958	5.382393376157657
5.82816408204102	5.383668740829072
5.828664332166083	5.384944105500487
5.8291645822911455	5.386219470171903
5.829664832416208	5.387494834843318
5.830165082541271	5.388770199514734
5.830665332666333	5.390045564186149
5.831165582791396	5.3913209288575645
5.831665832916459	5.39259629352898
5.832166083041521	5.393871658200395
5.832666333166583	5.395147022871809
5.8331665832916455	5.3964223875432245
5.833666833416708	5.39769775221464
5.834167083541771	5.398973116886055
5.834667333666833	5.400248481557471
5.835167583791896	5.401523846228886
5.8356678339169585	5.402799210900302
5.836168084042021	5.404074575571717
5.836668334167084	5.405349940243132
5.837168584292146	5.406625304914548
5.837668834417209	5.407900669585963
5.838169084542271	5.409176034257377
5.838669334667333	5.410451398928792
5.839169584792396	5.411726763600208
5.8396698349174585	5.413002128271623
5.840170085042521	5.414277492943039
5.840670335167584	5.415552857614454
5.841170585292646	5.4168282222858695
5.841670835417709	5.418103586957285
5.8421710855427715	5.4193789516287
5.842671335667834	5.420654316300116
5.843171585792897	5.421929680971531
5.843671835917959	5.423205045642947
5.844172086043021	5.42448041031436
5.844672336168084	5.425755774985776
5.845172586293146	5.427031139657191
5.845672836418209	5.4283065043286065
5.8461730865432715	5.429581869000022
5.846673336668334	5.430857233671437
5.847173586793397	5.432132598342853
5.847673836918459	5.433407963014268
5.848174087043522	5.434683327685684
5.8486743371685845	5.435958692357099
5.849174587293647	5.4372340570285145
5.849674837418709	5.438509421699928
5.8501750875437715	5.4397847863713436
5.850675337668834	5.441060151042759
5.851175587793897	5.442335515714174
5.851675837918959	5.44361088038559
5.852176088044022	5.444886245057005
5.8526763381690845	5.446161609728421
5.853176588294147	5.447436974399836
5.85367683841921	5.4487123390712515
5.854177088544272	5.449987703742667
5.854677338669335	5.451263068414082
5.8551775887943975	5.452538433085498
5.85567783891946	5.453813797756913
5.856178089044522	5.455089162428327
5.8566783391695845	5.456364527099742
5.857178589294647	5.457639891771158
5.85767883941971	5.458915256442573
5.858179089544772	5.460190621113989
5.858679339669835	5.461465985785404
5.8591795897948975	5.462741350456819
5.85967983991996	5.464016715128235
5.860180090045023	5.46529207979965
5.860680340170085	5.466567444471066
5.861180590295148	5.467842809142481
5.86168084042021	5.469118173813895
5.862181090545272	5.47039353848531
5.862681340670335	5.471668903156726
5.8631815907953975	5.472944267828141
5.86368184092046	5.4742196324995565
5.864182091045523	5.475494997170972
5.864682341170585	5.476770361842387
5.865182591295648	5.478045726513803
5.8656828414207105	5.478924774767935
5.866183091545773	5.4794991906999035
5.866683341670836	5.480073606631872
5.867183591795898	5.48064802256384
5.86768384192096	5.4812224384958075
5.868184092046023	5.481796854427776
5.868684342171085	5.482371270359744
5.869184592296148	5.482945686291712
5.8696848424212105	5.483520102223681
5.870185092546273	5.484094518155649
5.870685342671336	5.484668934087617
5.871185592796398	5.485243350019585
5.871685842921461	5.485817765951554
5.8721860930465235	5.486392181883522
5.872686343171586	5.48696659781549
5.873186593296648	5.487541013747458
5.87368684342171	5.488115429679426
5.874187093546773	5.488689845611394
5.874687343671836	5.4892642615433624
5.875187593796898	5.489838677475331
5.875687843921961	5.490413093407299
5.8761880940470235	5.490987509339267
5.876688344172086	5.4915619252712355
5.877188594297149	5.492136341203205
5.877688844422211	5.492710757135173
5.878189094547274	5.493285173067141
5.8786893446723365	5.4938595889991095
5.879189594797399	5.494434004931078
5.879689844922461	5.495008420863045
5.880190095047523	5.4955828367950135
5.880690345172586	5.496157252726982
5.881190595297649	5.49673166865895
5.881690845422711	5.497306084590918
5.882191095547774	5.497880500522887
5.8826913456728365	5.498454916454855
5.883191595797899	5.499029332386823
5.883691845922962	5.499603748318791
5.884192096048024	5.50017816425076
5.884692346173087	5.500752580182728
5.885192596298149	5.501326996114695
5.885692846423211	5.501901412046664
5.886193096548274	5.502475827978632
5.886693346673336	5.5030502439106
5.887193596798399	5.503624659842568
5.887693846923462	5.504199075774537
5.888194097048524	5.504773491706505
5.888694347173587	5.505347907638473
5.8891945972986495	5.5059223235704415
5.889694847423712	5.506496739502411
5.890195097548775	5.507071155434379
5.890695347673837	5.507645571366347
5.891195597798899	5.508219987298315
5.891695847923962	5.508794403230283
5.892196098049024	5.509368819162251
5.892696348174087	5.5099432350942195
5.893196598299149	5.510517651026188
5.893696848424212	5.511092066958156
5.894197098549275	5.511666482890124
5.894697348674337	5.512240898822093
5.8951975987994	5.512815314754061
5.8956978489244625	5.513389730686029
5.896198099049525	5.513964146617997
5.896698349174587	5.514538562549965
5.897198599299649	5.515112978481933
5.897698849424712	5.515687394413901
5.898199099549775	5.51626181034587
5.898699349674837	5.516836226277838
5.8991995997999	5.517410642209806
5.899699849924962	5.517985058141774
5.900200100050025	5.518559474073743
5.900700350175088	5.519133890005711
5.90120060030015	5.519708305937679
5.901700850425213	5.520282721869648
5.9022011005502755	5.520857137801617
5.902701350675338	5.521431553733585
5.9032016008004	5.522005969665552
5.903701850925462	5.522580385597521
5.904202101050525	5.523154801529489
5.904702351175588	5.523729217461457
5.90520260130065	5.5243036333934255
5.905702851425713	5.524878049325394
5.906203101550775	5.525452465257362
5.906703351675838	5.52602688118933
5.907203601800901	5.5266012971212986
5.907703851925963	5.527175713053267
5.908204102051026	5.527750128985235
5.908704352176088	5.5283245449172025
5.90920460230115	5.528898960849171
5.909704852426213	5.529473376781139
5.910205102551275	5.530047792713107
5.910705352676338	5.530622208645076
5.911205602801401	5.531196624577044
5.911705852926463	5.531771040509012
5.912206103051526	5.53234545644098
5.912706353176588	5.532919872372949
5.913206603301651	5.533494288304917
5.913706853426714	5.534068704236885
5.914207103551776	5.534643120168854
5.914707353676838	5.535217536100821
5.915207603801901	5.535791952032789
5.915707853926963	5.536366367964758
5.916208104052026	5.536940783896727
5.916708354177088	5.537515199828695
5.917208604302151	5.538089615760663
5.917708854427214	5.538664031692631
5.918209104552276	5.5392384476246
5.918709354677339	5.539812863556568
5.919209604802401	5.540387279488536
5.919709854927464	5.5409616954205045
5.920210105052526	5.541536111352472
5.920710355177588	5.54211052728444
5.921210605302651	5.5426849432164085
5.921710855427714	5.543259359148377
5.922211105552776	5.543833775080345
5.922711355677839	5.544408191012313
5.923211605802901	5.544982606944282
5.923711855927964	5.54555702287625
5.924212106053027	5.546131438808218
5.924712356178089	5.546705854740186
5.925212606303152	5.547280270672155
5.925712856428214	5.547854686604123
5.926213106553277	5.548429102536091
5.926713356678339	5.549003518468059
5.927213606803401	5.549577934400027
5.927713856928464	5.550152350331995
5.928214107053527	5.550726766263964
5.928714357178589	5.551301182195933
5.929214607303652	5.551875598127901
5.929714857428714	5.552450014059869
5.930215107553777	5.553024429991837
5.93071535767884	5.553598845923806
5.931215607803902	5.554173261855774
5.931715857928965	5.554747677787742
5.9322161080540265	5.55532209371971
5.932716358179089	5.555896509651678
5.933216608304152	5.556470925583646
5.933716858429214	5.5570453415156145
5.934217108554277	5.557619757447583
5.93471735867934	5.558194173379551
5.935217608804402	5.558768589311519
5.935717858929465	5.559343005243488
5.936218109054527	5.559917421175456
5.93671835917959	5.561216913742827
5.937218609304653	5.564081816898078
5.937718859429715	5.566946720053329
5.938219109554777	5.569811623208574
5.9387193596798395	5.572676526363825
5.939219609804902	5.575541429519075
5.939719859929965	5.578406332674326
5.940220110055027	5.581271235829576
5.94072036018009	5.584136138984827
5.941220610305153	5.587001042140077
5.941720860430215	5.589865945295328
5.942221110555278	5.592730848450579
5.94272136068034	5.5955957516058294
5.943221610805403	5.59846065476108
5.943721860930466	5.60132555791633
5.944222111055527	5.6041904610715765
5.94472236118059	5.607055364226826
5.9452226113056525	5.609920267382077
5.945722861430715	5.612785170537328
5.946223111555778	5.615650073692579
5.94672336168084	5.618514976847829
5.947223611805903	5.621379880003079
5.947723861930966	5.62424478315833
5.948224112056028	5.627109686313581
5.948724362181091	5.629974589468832
5.949224612306153	5.632839492624082
5.949724862431216	5.6357043957793325
5.950225112556278	5.638569298934578
5.95072536268134	5.641434202089829
5.951225612806403	5.6442991052450795
5.9517258629314655	5.64716400840033
5.952226113056528	5.65002891155558
5.952726363181591	5.652893814710831
5.953226613306653	5.655758717866082
5.953726863431716	5.6586236210213325
5.954227113556779	5.661488524176583
5.954727363681841	5.664353427331833
5.955227613806904	5.667218330487084
5.9557278639319655	5.6700832336423295
5.956228114057028	5.67294813679758
5.956728364182091	5.675813039952831
5.957228614307153	5.678677943108082
5.957728864432216	5.681542846263332
5.9582291145572785	5.6844077494185825
5.958729364682341	5.687272652573833
5.959229614807404	5.690137555729084
5.959729864932466	5.693002458884335
5.960230115057529	5.695867362039585
5.960730365182592	5.6987322651948356
5.961230615307654	5.701597168350086
5.961730865432716	5.704462071505332
5.9622311155577785	5.707326974660583
5.962731365682841	5.710191877815833
5.963231615807904	5.713056780971083
5.963731865932966	5.715921684126334
5.964232116058029	5.718786587281585
5.9647323661830915	5.721651490436836
5.965232616308154	5.724516393592086
5.965732866433217	5.727381296747336
5.966233116558279	5.730246199902587
5.966733366683342	5.733111103057838
5.967233616808405	5.735976006213089
5.967733866933466	5.738840909368334
5.968234117058529	5.741705812523585
5.9687343671835915	5.744570715678835
5.969234617308654	5.747435618834086
5.969734867433717	5.750300521989336
5.970235117558779	5.753165425144587
5.970735367683842	5.756030328299838
5.9712356178089045	5.758895231455088
5.971735867933967	5.761760134610339
5.97223611805903	5.764625037765589
5.972736368184092	5.76748994092084
5.973236618309155	5.770354844076091
5.973736868434217	5.7732197472313365
5.974237118559279	5.776084650386586
5.974737368684342	5.778949553541837
5.9752376188094045	5.781814456697088
5.975737868934467	5.784679359852339
5.97623811905953	5.7875442630075895
5.976738369184592	5.790409166162839
5.977238619309655	5.79327406931809
5.9777388694347176	5.796138972473341
5.97823911955978	5.799003875628592
5.978739369684843	5.801868778783842
5.9792396198099045	5.804733681939088
5.979739869934967	5.807598585094338
5.98024012006003	5.810463488249589
5.980740370185092	5.8133283914048395
5.981240620310155	5.81619329456009
5.9817408704352175	5.819058197715341
5.98224112056028	5.821923100870591
5.982741370685343	5.824788004025842
5.983241620810405	5.8276529071810925
5.983741870935468	5.830517810336343
5.9842421210605306	5.833382713491593
5.984742371185593	5.836247616646844
5.985242621310656	5.839112519802095
5.9857428714357175	5.84197742295734
5.98624312156078	5.844842326112591
5.986743371685843	5.847707229267842
5.987243621810905	5.850572132423093
5.987743871935968	5.8534370355783425
5.9882441220610305	5.856301938733593
5.988744372186093	5.859166841888844
5.989244622311156	5.862031745044095
5.989744872436218	5.864896648199345
5.990245122561281	5.8677615513545955
5.9907453726863436	5.870626454509846
5.991245622811405	5.873491357665092
5.991745872936468	5.876356260820343
5.9922461230615305	5.879221163975593
5.992746373186593	5.882086067130844
5.993246623311656	5.884950970286094
5.993746873436718	5.887815873441345
5.994247123561781	5.890680776596596
5.9947473736868435	5.893545679751846
5.995247623811906	5.896410582907096
5.995747873936969	5.899275486062347
5.996248124062031	5.902140389217598
5.996748374187094	5.905005292372849
5.997248624312156	5.907870195528094
5.997748874437218	5.910735098683345
5.998249124562281	5.913600001838595
5.9987493746873435	5.916464904993846
5.999249624812406	5.919329808149096
5.999749874937469	5.922194711304347
6.000250125062531	5.925059614459598
6.000750375187594	5.927924517614848
6.0012506253126565	5.930789420770099
6.001750875437719	5.933654323925349
6.002251125562782	5.9365192270806
6.0027513756878434	5.939384130235846
6.003251625812906	5.9422490333910964
6.003751875937969	5.945113936546346
6.004252126063031	5.947978839701597
6.004752376188094	5.950843742856848
6.0052526263131565	5.953708646012099
6.005752876438219	5.9565735491673495
6.006253126563282	5.959438452322599
6.006753376688344	5.96230335547785
6.007253626813407	5.965168258633101
6.0077538769384695	5.968033161788352
6.008254127063532	5.9721481886345025
6.008754377188595	5.9767790526470765
6.0092546273136564	5.9814099166596435
6.009754877438719	5.9860407806722185
6.010255127563782	5.990671644684793
6.010755377688844	5.9953025086973675
6.011255627813907	5.999933372709942
6.0117558779389695	6.004564236722517
6.012256128064032	6.009195100735092
6.012756378189095	6.013825964747667
6.013256628314157	6.018456828760241
6.01375687843922	6.023087692772816
6.014257128564282	6.027718556785383
6.014757378689344	6.032349420797957
6.015257628814407	6.036980284810532
6.0157578789394694	6.041611148823107
6.016258129064532	6.046242012835682
6.016758379189595	6.050872876848257
6.017258629314657	6.055503740860831
6.01775887943972	6.060134604873406
6.0182591295647825	6.064765468885981
6.018759379689845	6.069396332898556
6.019259629814908	6.074027196911131
6.01975987993997	6.078658060923705
6.020260130065033	6.08328892493628
6.020760380190095	6.087919788948847
6.021260630315157	6.092550652961421
6.02176088044022	6.097181516973996
6.0222611305652824	6.101812380986571
6.022761380690345	6.106443244999146
6.023261630815408	6.111074109011721
6.02376188094047	6.115704973024295
6.024262131065533	6.12033583703687
6.0247623811905955	6.124966701049445
6.025262631315658	6.12959756506202
6.025762881440721	6.134228429074595
6.026263131565782	6.138859293087161
6.026763381690845	6.143490157099736
6.027263631815908	6.148121021112311
6.02776388194097	6.152751885124885
6.028264132066033	6.15738274913746
6.0287643821910955	6.162013613150035
6.029264632316158	6.16664447716261
6.029764882441221	6.171275341175185
6.030265132566283	6.175906205187759
6.030765382691346	6.180537069200334
6.0312656328164085	6.185167933212909
6.031765882941471	6.1897987972254835
6.032266133066534	6.1944296612380585
6.032766383191595	6.199060525250625
6.033266633316658	6.2036913892631995
6.033766883441721	6.2083222532757745
6.034267133566783	6.2129531172883485
6.034767383691846	6.2175839813009235
6.0352676338169085	6.222214845313498
6.035767883941971	6.226845709326073
6.036268134067034	6.231476573338648
6.036768384192096	6.236107437351222
6.037268634317159	6.240738301363797
6.037768884442221	6.245369165376364
6.038269134567283	6.250000029388939
6.038769384692346	6.254630893401513
6.039269634817408	6.259261757414088
6.039769884942471	6.263892621426663
6.040270135067534	6.268523485439238
6.040770385192596	6.273154349451813
6.041270635317659	6.277785213464387
6.0417708854427215	6.282416077476962
6.042271135567784	6.287046941489537
6.042771385692847	6.291677805502112
6.043271635817909	6.296308669514686
6.043771885942972	6.300939533527261
6.044272136068034	6.305570397539828
6.044772386193096	6.310201261552403
6.045272636318159	6.314832125564977
6.045772886443221	6.319462989577552
6.046273136568284	6.324093853590127
6.046773386693347	6.328724717602702
6.047273636818409	6.333355581615276
6.047773886943472	6.337986445627851
6.0482741370685345	6.342617309640426
6.048774387193597	6.347248173653001
6.04927463731866	6.351879037665576
6.049774887443721	6.356509901678142
6.050275137568784	6.361140765690717
6.050775387693847	6.365771629703292
6.051275637818909	6.370402493715867
6.051775887943972	6.375033357728441
6.052276138069034	6.379664221741016
6.052776388194097	6.384295085753591
6.05327663831916	6.388925949766166
6.053776888444222	6.393556813778741
6.054277138569285	6.398187677791315
6.0547773886943475	6.40281854180389
6.05527763881941	6.407449405816465
6.055777888944473	6.41208026982904
6.056278139069534	6.416711133841606
6.056778389194597	6.421341997854181
6.05727863931966	6.4259728618667555
6.057778889444722	6.4306037258793305
6.058279139569785	6.43464999012578
6.058779389694847	6.438466557606533
6.05927963981991	6.442283125087286
6.059779889944973	6.44609969256804
6.060280140070035	6.449916260048792
6.060780390195098	6.453732827529546
6.06128064032016	6.457549395010291
6.061780890445222	6.461365962491045
6.062281140570285	6.4651825299717975
6.062781390695347	6.468999097452551
6.06328164082041	6.472815664933304
6.063781890945473	6.476632232414057
6.064282141070535	6.48044879989481
6.064782391195598	6.4842653673755635
6.06528264132066	6.488081934856316
6.065782891445723	6.49189850233707
6.066283141570786	6.495715069817822
6.066783391695848	6.499531637298576
6.067283641820911	6.5033482047793285
6.067783891945973	6.507164772260075
6.068284142071035	6.5109813397408285
6.068784392196098	6.514797907221581
6.06928464232116	6.518614474702335
6.069784892446223	6.522431042183087
6.070285142571286	6.526247609663841
6.070785392696348	6.5300641771445935
6.071285642821411	6.533880744625347
6.071785892946473	6.5376973121061
6.072286143071536	6.541513879586853
6.072786393196599	6.545330447067606
6.07328664332166	6.549147014548352
6.073786893446723	6.552963582029105
6.074287143571786	6.5567801495098585
6.074787393696848	6.560596716990611
6.075287643821911	6.564413284471365
6.075787893946973	6.568229851952117
6.076288144072036	6.572046419432871
6.076788394197099	6.575862986913624
6.077288644322161	6.579679554394377
6.077788894447224	6.58349612187513
6.078289144572286	6.587312689355883
6.078789394697349	6.591129256836636
6.079289644822412	6.5949458243173895
6.079789894947473	6.598762391798136
6.080290145072536	6.602578959278889
6.080790395197599	6.606395526759642
6.081290645322661	6.610212094240395
6.081790895447724	6.614028661721148
6.082291145572786	6.617845229201901
6.082791395697849	6.6216617966826545
6.083291645822912	6.625478364163407
6.083791895947974	6.629294931644161
6.084292146073037	6.633111499124913
6.0847923961980985	6.63692806660566
6.085292646323161	6.640744634086413
6.085792896448224	6.644561201567166
6.086293146573286	6.648377769047919
6.086793396698349	6.652194336528672
6.087293646823412	6.656010904009425
6.087793896948474	6.659827471490178
6.088294147073537	6.663644038970931
6.088794397198599	6.667460606451685
6.089294647323662	6.671277173932437
6.089794897448725	6.675093741413191
6.090295147573787	6.678910308893943
6.09079539769885	6.682726876374697
6.0912956478239115	6.686543443855443
6.091795897948974	6.690360011336196
6.092296148074037	6.69417657881695
6.092796398199099	6.697993146297702
6.093296648324162	6.701809713778456
6.093796898449225	6.7056262812592085
6.094297148574287	6.709442848739962
6.09479739869935	6.713259416220715
6.095297648824412	6.717075983701468
6.095797898949475	6.720892551182221
6.096298149074538	6.724709118662974
6.096798399199599	6.728525686143721
6.097298649324662	6.7323422536244735
6.0977988994497245	6.736158821105226
6.098299149574787	6.73997538858598
6.09879939969985	6.743791956066733
6.099299649824912	6.747608523547486
6.099799899949975	6.7514250910282385
6.100300150075038	6.755241658508992
6.1008004002001	6.759109361052114
6.101300650325163	6.763559101667699
6.101800900450225	6.768008842283284
6.102301150575288	6.772458582898869
6.102801400700351	6.776908323514454
6.103301650825412	6.781358064130031
6.103801900950475	6.785807804745616
6.1043021510755375	6.7902575453612
6.1048024012006	6.794707285976785
6.105302651325663	6.79915702659237
6.105802901450725	6.803606767207955
6.106303151575788	6.80805650782354
6.106803401700851	6.812506248439125
6.107303651825913	6.81695598905471
6.107803901950976	6.821405729670295
6.1083041520760375	6.825855470285872
6.1088044022011	6.830305210901457
6.109304652326163	6.834754951517041
6.109804902451225	6.839204692132626
6.110305152576288	6.843654432748211
6.1108054027013505	6.848104173363796
6.111305652826413	6.852553913979381
6.111805902951476	6.857003654594966
6.112306153076538	6.861453395210551
6.112806403201601	6.865903135826136
6.113306653326664	6.870352876441721
6.113806903451726	6.8748026170573056
6.114307153576789	6.879252357672891
6.1148074037018505	6.883702098288468
6.115307653826913	6.888151838904053
6.115807903951976	6.892601579519638
6.116308154077038	6.897051320135223
6.116808404202101	6.901501060750808
6.1173086543271635	6.905950801366393
6.117808904452226	6.910400541981978
6.118309154577289	6.914850282597563
6.118809404702351	6.919300023213147
6.119309654827414	6.923749763828732
6.119809904952477	6.928199504444317
6.120310155077538	6.932649245059894
6.120810405202601	6.937098985675479
6.1213106553276635	6.941548726291064
6.121810905452726	6.945998466906649
6.122311155577789	6.950448207522234
6.122811405702851	6.954897948137819
6.123311655827914	6.959347688753404
6.1238119059529765	6.963797429368988
6.124312156078039	6.968247169984573
6.124812406203102	6.972696910600158
6.125312656328164	6.977146651215743
6.125812906453227	6.981596391831328
6.12631315657829	6.986046132446913
6.126813406703351	6.99049587306249
6.127313656828414	6.994945613678075
6.1278139069534765	6.99939535429366
6.128314157078539	7.003845094909245
6.128814407203602	7.008294835524829
6.129314657328664	7.012744576140414
6.129814907453727	7.017194316755999
6.1303151575787895	7.021644057371584
6.130815407703852	7.026093797987169
6.131315657828915	7.030543538602754
6.1318159079539765	7.034993279218331
6.132316158079039	7.039443019833916
6.132816408204102	7.043892760449501
6.133316658329164	7.048342501065086
6.133816908454227	7.05279224168067
6.1343171585792895	7.057241982296255
6.134817408704352	7.06169172291184
6.135317658829415	7.066141463527425
6.135817908954477	7.07059120414301
6.13631815907954	7.075040944758595
6.1368184092046025	7.07949068537418
6.137318659329665	7.083940425989765
6.137818909454728	7.08839016660535
6.1383191595797895	7.092839907220927
6.138819409704852	7.0972896478365115
6.139319659829915	7.1017393884520965
6.139819909954977	7.1061891290676815
6.14032016008004	7.1106388696832665
6.1408204102051025	7.1150886102988515
6.141320660330165	7.1195383509144365
6.141820910455228	7.1239880915300215
6.14232116058029	7.128437832145607
6.142821410705353	7.132887572761192
6.1433216608304155	7.137337313376776
6.143821910955477	7.142514596504116
6.14432216108054	7.1488608064045955
6.1448224112056025	7.155207016305075
6.145322661330665	7.161553226205555
6.145822911455728	7.167899436106035
6.14632316158079	7.174245646006515
6.146823411705853	7.180591855906995
6.1473236618309155	7.186938065807475
6.147823911955978	7.1932842757079545
6.148324162081041	7.199630485608434
6.148824412206103	7.205976695508914
6.149324662331166	7.212322905409394
6.1498249124562285	7.218669115309874
6.15032516258129	7.225015325210343
6.150825412706353	7.231361535110823
6.1513256628314155	7.237707745011303
6.151825912956478	7.244053954911783
6.152326163081541	7.2504001648122625
6.152826413206603	7.256746374712742
6.153326663331666	7.263092584613222
6.1538269134567285	7.269438794513702
6.154327163581791	7.275785004414182
6.154827413706854	7.282131214314662
6.155327663831915	7.28847742421513
6.155827913956978	7.29482363411561
6.156328164082041	7.30116984401609
6.156828414207103	7.3075160539165696
6.157328664332166	7.313862263817049
6.1578289144572285	7.320208473717529
6.158329164582291	7.326554683618009
6.158829414707354	7.332900893518489
6.159329664832416	7.339247103418969
6.159829914957479	7.345593313319449
6.1603301650825415	7.3519395232199285
6.160830415207604	7.358285733120408
6.161330665332667	7.364631943020888
6.161830915457728	7.370978152921357
6.162331165582791	7.377324362821837
6.162831415707854	7.383670572722317
6.163331665832916	7.390016782622797
6.163831915957979	7.396362992523277
6.1643321660830415	7.402709202423757
6.164832416208104	7.4090554123242365
6.165332666333167	7.413635086348692
6.165832916458229	7.416183111179247
6.166333166583292	7.418731136009802
6.1668334167083545	7.421279160840357
6.167333666833416	7.423827185670907
6.167833916958479	7.426375210501463
6.168334167083541	7.428923235332017
6.168834417208604	7.4314712601625725
6.169334667333667	7.434019284993127
6.169834917458729	7.436567309823682
6.170335167583792	7.439115334654237
6.1708354177088545	7.441663359484792
6.171335667833917	7.444211384315347
6.17183591795898	7.446759409145902
6.172336168084042	7.449307433976457
6.172836418209105	7.451855458807012
6.1733366683341675	7.4544034836375666
6.173836918459229	7.4569515084681175
6.174337168584292	7.459499533298672
6.174837418709354	7.462047558129227
6.175337668834417	7.464595582959782
6.17583791895948	7.467143607790337
6.176338169084542	7.469691632620892
6.176838419209605	7.472239657451447
6.1773386693346675	7.474787682282002
6.17783891945973	7.477335707112557
6.178339169584793	7.4798837319431115
6.178839419709854	7.4824317567736625
6.179339669834917	7.484979781604217
6.17983991995998	7.487527806434772
6.180340170085042	7.490075831265327
6.180840420210105	7.492623856095882
6.181340670335167	7.495171880926437
6.18184092046023	7.497719905756992
6.182341170585293	7.500267930587547
6.182841420710355	7.502815955418102
6.183341670835418	7.5053639802486565
6.1838419209604805	7.507912005079212
6.184342171085543	7.510460029909767
6.184842421210606	7.513008054740322
6.185342671335667	7.515556079570872
6.18584292146073	7.518104104401427
6.186343171585793	7.520652129231982
6.186843421710855	7.519500271119491
6.187343671835918	7.516811303291906
6.18784392196098	7.514122335464322
6.188344172086043	7.511433367636736
6.188844422211106	7.508744399809151
6.189344672336168	7.506055431981567
6.189844922461231	7.503366464153982
6.1903451725862935	7.5006774963263965
6.190845422711355	7.497988528498817
6.191345672836418	7.495299560671231
6.19184592296148	7.492610592843647
6.192346173086543	7.489921625016062
6.192846423211606	7.487232657188477
6.193346673336668	7.484543689360892
6.193846923461731	7.481854721533307
6.194347173586793	7.479165753705722
6.194847423711856	7.476476785878138
6.195347673836919	7.473787818050552
6.195847923961981	7.471098850222968
6.196348174087044	7.468409882395383
6.1968484242121065	7.465720914567798
6.197348674337168	7.463031946740218
6.197848924462231	7.4603429789126325
6.198349174587293	7.457654011085048
6.198849424712356	7.454965043257463
6.199349674837419	7.452276075429878
6.199849924962481	7.4495871076022935
6.200350175087544	7.446898139774708
6.200850425212606	7.444209171947123
6.201350675337669	7.441520204119539
6.201850925462732	7.4388312362919535
6.202351175587793	7.436142268464374
6.202851425712856	7.433453300636788
6.203351675837919	7.430764332809203
6.203851925962981	7.428075364981619
6.204352176088044	7.425386397154034
6.204852426213106	7.422697429326449
6.205352676338169	7.420008461498864
6.205852926463232	7.417319493671279
6.206353176588294	7.414630525843695
6.206853426713357	7.411941558016109
6.207353676838419	7.409252590188524
6.207853926963482	7.40656362236094
6.208354177088545	7.403874654533355
6.208854427213606	7.401185686705775
6.209354677338669	7.39849671887819
6.209854927463732	7.395807751050604
6.210355177588794	7.39311878322302
6.210855427713857	7.390429815395435
6.211355677838919	7.38774084756785
6.211855927963982	7.385051879740265
6.212356178089045	7.38236291191268
6.212856428214107	7.379673944085095
6.21335667833917	7.376984976257511
6.213856928464232	7.374296008429925
6.214357178589294	7.3716070406023455
6.214857428714357	7.36891807277476
6.215357678839419	7.366229104947176
6.215857928964482	7.363540137119591
6.216358179089545	7.360851169292006
6.216858429214607	7.358162201464421
6.21735867933967	7.355473233636836
6.217858929464732	7.352784265809251
6.218359179589795	7.3500952979816665
6.218859429714858	7.347406330154081
6.21935967983992	7.344717362326496
6.219859929964983	7.342028394498912
6.220360180090045	7.3393394266713265
6.220860430215107	7.336650458843747
6.22136068034017	7.3339614910161615
6.221860930465232	7.331272523188576
6.222361180590295	7.325585775595348
6.222861430715358	7.319158741323495
6.22336168084042	7.312731707051641
6.223861930965483	7.3063046727797865
6.224362181090545	7.299877638507932
6.224862431215608	7.293450604236078
6.225362681340671	7.287023569964225
6.225862931465732	7.280596535692382
6.226363181590795	7.274169501420528
6.2268634317158575	7.267742467148674
6.22736368184092	7.2613154328768195
6.227863931965983	7.254888398604965
6.228364182091045	7.248461364333112
6.228864432216108	7.242034330061258
6.229364682341171	7.2356072957894035
6.229864932466233	7.229180261517549
6.230365182591296	7.222753227245695
6.230865432716358	7.216326192973842
6.231365682841421	7.209899158701988
6.231865932966484	7.203472124430133
6.232366183091546	7.197045090158279
6.232866433216608	7.1906180558864365
6.2333666833416705	7.184191021614582
6.233866933466733	7.177763987342729
6.234367183591796	7.171336953070875
6.234867433716858	7.164909918799021
6.235367683841921	7.158482884527166
6.235867933966984	7.152055850255312
6.236368184092046	7.145628815983458
6.236868434217109	7.139201781711605
6.237368684342171	7.1327747474397505
6.237868934467233	7.126347713167908
6.238369184592296	7.119920678896054
6.238869434717358	7.113493644624199
6.239369684842421	7.107066610352345
6.2398699349674835	7.100639576080492
6.240370185092546	7.094212541808638
6.240870435217609	7.0877855075367835
6.241370685342671	7.081358473264929
6.241870935467734	7.074931438993075
6.242371185592797	7.068504404721222
6.242871435717859	7.062077370449368
6.243371685842922	7.053448981667204
6.243871935967984	7.041819767344536
6.244372186093046	7.030190553021889
6.244872436218109	7.018561338699222
6.245372686343171	7.006932124376554
6.245872936468234	6.995302910053886
6.2463731865932965	6.983673695731219
6.246873436718359	6.972044481408552
6.247373686843422	6.960415267085884
6.247873936968484	6.948786052763216
6.248374187093547	6.937156838440549
6.24887443721861	6.925527624117882
6.249374687343671	6.913898409795235
6.249874937468734	6.902269195472567
6.2503751875937965	6.890639981149899
6.250875437718859	6.879010766827232
6.251375687843922	6.867381552504564
6.251875937968984	6.8557523381818966
6.252376188094047	6.844123123859229
6.2528764382191095	6.832493909536561
6.253376688344172	6.820864695213894
6.253876938469235	6.8092354808912265
6.254377188594297	6.797606266568558
6.25487743871936	6.785977052245891
6.255377688844423	6.774347837923224
6.255877938969485	6.762718623600556
6.256378189094547	6.751089409277909
6.2568784392196095	6.7394601949552415
6.257378689344672	6.729685926014639
6.257878939469735	6.72390421620641
6.258379189594797	6.71812250639818
6.25887943971986	6.7123407965899515
6.2593796898449225	6.706559086781723
6.259879939969985	6.700777376973494
6.260380190095048	6.694995667165265
6.26088044022011	6.689213957357036
6.261380690345172	6.683432247548818
6.261880940470235	6.677650537740589
6.262381190595297	6.671868827932359
6.26288144072036	6.66608711812413
6.2633816908454225	6.660305408315901
6.263881940970485	6.654523698507672
6.264382191095548	6.648741988699443
6.26488244122061	6.6429602788912145
6.265382691345673	6.637178569082986
6.2658829414707355	6.631396859274757
6.266383191595798	6.625615149466528
6.266883441720861	6.619833439658299
6.267383691845923	6.61405172985007
6.267883941970985	6.608270020041851
6.268384192096048	6.602488310233622
6.26888444222111	6.596706600425393
6.269384692346173	6.590924890617164
6.2698849424712355	6.585143180808935
6.270385192596298	6.5793614710007065
6.270885442721361	6.5735797611924776
6.271385692846423	6.567798051384249
6.271885942971486	6.56201634157602
6.2723861930965485	6.556234631767791
6.27288644322161	6.550452921959572
6.273386693346673	6.544671212151343
6.2738869434717355	6.538889502343114
6.274387193596798	6.533107792534885
6.274887443721861	6.527326082726656
6.275387693846923	6.521544372918427
6.275887943971986	6.515762663110198
6.2763881940970485	6.5099809533019695
6.276888444222111	6.504199243493741
6.277388694347174	6.498417533685512
6.277888944472236	6.492635823877283
6.278389194597299	6.486854114069054
6.2788894447223615	6.481072404260824
6.279389694847424	6.475290694452595
6.279889944972486	6.469508984644377
6.2803901950975485	6.463727274836148
6.280890445222611	6.457945565027919
6.281390695347674	6.45216385521969
6.281890945472736	6.446382145411461
6.282391195597799	6.4406004356032325
6.2828914457228615	6.434818725795003
6.283391695847924	6.429037015986774
6.283891945972987	6.423255306178545
6.284392196098049	6.417473596370316
6.284892446223111	6.411691886562098
6.285392696348174	6.405910176753869
6.285892946473236	6.402658180532937
6.286393196598299	6.400096984521397
6.2868934467233615	6.397535788509857
6.287393696848424	6.3949745924983175
6.287893946973487	6.392413396486777
6.288394197098549	6.389852200475237
6.288894447223612	6.387291004463697
6.2893946973486745	6.384729808452157
6.289894947473737	6.382168612440617
6.2903951975988	6.379607416429077
6.290895447723862	6.377046220417537
6.291395697848924	6.374485024406002
6.291895947973987	6.371923828394461
6.292396198099049	6.369362632382922
6.292896448224112	6.366801436371381
6.2933966983491745	6.364240240359842
6.293896948474237	6.361679044348302
6.2943971985993	6.359117848336762
6.294897448724362	6.356556652325222
6.295397698849425	6.353995456313681
6.2958979489744875	6.351434260302142
6.296398199099549	6.348873064290606
6.296898449224612	6.3463118682790665
6.2973986993496744	6.343750672267526
6.297898949474737	6.341189476255987
6.2983991995998	6.338628280244446
6.298899449724862	6.336067084232906
6.299399699849925	6.333505888221366
6.2998999499749875	6.330944692209826
6.30040020010005	6.3283834961982866
6.300900450225113	6.325822300186746
6.301400700350175	6.323261104175206
6.301900950475238	6.320699908163666
6.3024012006003005	6.318138712152126
6.302901450725363	6.3155775161405865
6.303401700850425	6.313016320129051
6.3039019509754874	6.310455124117511
6.30440220110055	6.307893928105971
6.304902451225613	6.305332732094431
6.305402701350675	6.302771536082891
6.305902951475738	6.3002103400713505
6.3064032016008005	6.297649144059811
6.306903451725863	6.295087948048271
6.307403701850926	6.292526752036731
6.307903951975988	6.289965556025191
6.30840420210105	6.287404360013656
6.308904452226113	6.284843164002115
6.309404702351175	6.282281967990575
6.309904952476238	6.2797207719790356
6.3104052026013004	6.277159575967495
6.310905452726363	6.274598379955956
6.311405702851426	6.272037183944415
6.311905952976488	6.269475987932875
6.312406203101551	6.2669147919213355
6.3129064532266135	6.264353595909795
6.313406703351676	6.261792399898256
6.313906953476739	6.259231203886715
6.314407203601801	6.256670007875176
6.314907453726863	6.25410881186364
6.315407703851926	6.2515476158521
6.315907953976988	6.24898641984056
6.316408204102051	6.24642522382902
6.3169084542271134	6.24386402781748
6.317408704352176	6.24130283180594
6.317908954477239	6.2387416357944
6.318409204602301	6.23618043978286
6.318909454727364	6.23361924377132
6.3194097048524265	6.23105804775978
6.319909954977488	6.228496851748244
6.320410205102551	6.225935655736705
6.320910455227613	6.223374459725164
6.321410705352676	6.220813263713625
6.321910955477739	6.2182520677020845
6.322411205602801	6.215690871690544
6.322911455727864	6.213129675679005
6.3234117058529264	6.210568479667464
6.323911955977989	6.208007283655925
6.324412206103052	6.205446087644384
6.324912456228114	6.202884891632845
6.325412706353177	6.200323695621305
6.3259129564782395	6.197762499609764
6.326413206603302	6.195201303598225
6.326913456728364	6.192640107586689
6.327413706853426	6.190078911575149
6.327913956978489	6.187517715563609
6.328414207103552	6.184502125322181
6.328914457228614	6.1812991839361136
6.329414707353677	6.178096242550047
6.3299149574787394	6.174893301163979
6.330415207603802	6.171690359777912
6.330915457728865	6.168487418391845
6.331415707853927	6.165284477005778
6.331915957978989	6.162081535619716
6.332416208104052	6.158878594233649
6.332916458229114	6.155675652847581
6.333416708354177	6.152472711461514
6.333916958479239	6.149269770075446
6.334417208604302	6.14606682868938
6.334917458729365	6.142863887303312
6.335417708854427	6.139660945917245
6.33591795897949	6.136458004531177
6.3364182091045524	6.13325506314511
6.336918459229615	6.130052121759043
6.337418709354678	6.126849180372975
6.33791895947974	6.123646238986908
6.338419209604802	6.120443297600847
6.338919459729865	6.117240356214779
6.339419709854927	6.1140374148287115
6.33991995997999	6.110834473442645
6.340420210105052	6.107631532056577
6.340920460230115	6.10442859067051
6.341420710355178	6.1012256492844426
6.34192096048024	6.098022707898376
6.342421210605303	6.094819766512308
6.3429214607303654	6.091616825126241
6.343421710855427	6.088413883740179
6.34392196098049	6.085210942354112
6.344422211105552	6.082008000968044
6.344922461230615	6.078805059581978
6.345422711355678	6.07560211819591
6.34592296148074	6.072399176809843
6.346423211605803	6.069196235423775
6.346923461730865	6.065993294037708
6.347423711855928	6.062790352651641
6.347923961980991	6.059587411265573
6.348424212106053	6.056384469879506
6.348924462231116	6.053181528493439
6.3494247123561784	6.049978587107372
6.349924962481241	6.046775645721304
6.350425212606303	6.043572704335243
6.350925462731365	6.040369762949175
6.351425712856428	6.037166821563108
6.351925962981491	6.0339638801770406
6.352426213106553	6.030760938790974
6.352926463231616	6.027557997404906
6.353426713356678	6.024355056018839
6.353926963481741	6.021152114632772
6.354427213606804	6.017949173246704
6.354927463731866	6.014746231860637
6.355427713856928	6.011543290474576
6.355927963981991	6.008340349088508
6.356428214107053	6.005137407702441
6.356928464232116	6.001934466316373
6.357428714357178	5.998731524930307
6.357928964482241	5.995528583544239
6.358429214607304	5.992325642158171
6.358929464732366	5.989122700772104
6.359429714857429	5.985919759386037
6.359929964982491	5.98271681799997
6.360430215107554	5.979513876613902
6.360930465232617	5.976310935227835
6.361430715357679	5.973107993841768
6.361930965482741	5.969905052455706
6.362431215607804	5.9667021110696385
6.362931465732866	5.963499169683572
6.363431715857929	5.960296228297504
6.363931965982991	5.957093286911437
6.364432216108054	5.9538903455253696
6.364932466233117	5.950687404139302
6.365432716358179	5.947484462753235
6.365932966483242	5.944281521367167
6.366433216608304	5.941078579981101
6.366933466733366	5.937875638595039
6.367433716858429	5.934672697208971
6.367933966983491	5.931469755822905
6.368434217108554	5.928266814436837
6.368934467233617	5.925063873050769
6.369434717358679	5.921860931664702
6.369934967483742	5.918657990278635
6.370435217608804	5.915455048892568
6.370935467733867	5.913848845532536
6.37143571785893	5.913026962938646
6.371935967983992	5.912205080344755
6.372436218109055	5.911383197750864
6.372936468234117	5.910561315156974
6.37343671835918	5.909739432563083
6.373936968484242	5.908917549969194
6.374437218609304	5.908095667375304
6.374937468734367	5.907273784781413
6.37543771885943	5.906451902187523
6.375937968984492	5.905630019593632
6.376438219109555	5.904808136999741
6.376938469234617	5.903986254405851
6.37743871935968	5.90316437181196
6.377938969484743	5.90234248921807
6.378439219609805	5.901520606624179
6.378939469734867	5.90069872403029
6.3794397198599295	5.8998768414364
6.379939969984992	5.899054958842509
6.380440220110055	5.898233076248618
6.380940470235117	5.897411193654728
6.38144072036018	5.896589311060837
6.381940970485243	5.8957674284669475
6.382441220610305	5.894945545873057
6.382941470735368	5.894123663279166
6.38344172086043	5.893301780685276
6.383941970985493	5.892479898091385
6.384442221110556	5.8916580154974945
6.384942471235618	5.890836132903604
6.38544272136068	5.890014250309715
6.3859429714857425	5.889192367715824
6.386443221610805	5.888370485121934
6.386943471735868	5.887548602528043
6.38744372186093	5.886726719934153
6.387943971985993	5.885904837340262
6.388444222111056	5.885082954746371
6.388944472236118	5.884261072152481
6.389444722361181	5.88343918955859
6.389944972486243	5.8826173069647
6.390445222611305	5.881795424370811
6.390945472736368	5.88097354177692
6.39144572286143	5.88015165918303
6.391945972986493	5.879329776589139
6.3924462231115555	5.878507893995248
6.392946473236618	5.877686011401358
6.393446723361681	5.876864128807467
6.393946973486743	5.876042246213577
6.394447223611806	5.875220363619686
6.394947473736869	5.874398481025796
6.395447723861931	5.873576598431906
6.395947973986994	5.872754715838015
6.396448224112056	5.8719328332441245
6.396948474237119	5.871110950650234
6.397448724362181	5.870289068056344
6.397948974487243	5.8694671854624545
6.398449224612306	5.868645302868564
6.3989494747373685	5.867823420274673
6.399449724862431	5.867001537680783
6.399949974987494	5.866179655086892
6.400450225112556	5.8653577724930015
6.400950475237619	5.864535889899111
6.401450725362682	5.86371400730522
6.401950975487744	5.86289212471133
6.402451225612806	5.862070242117441
6.4029514757378685	5.86124835952355
6.403451725862931	5.86042647692966
6.403951975987994	5.859604594335769
6.404452226113056	5.8587827117418785
6.404952476238119	5.857960829147988
6.4054527263631815	5.857138946554097
6.405952976488244	5.856317063960207
6.406453226613307	5.855495181366316
6.406953476738369	5.8546732987724255
6.407453726863432	5.853851416178535
6.407953976988495	5.853029533584645
6.408454227113557	5.852207650990755
6.408954477238619	5.851385768396865
6.4094547273636815	5.850563885802974
6.409954977488744	5.849742003209084
6.410455227613807	5.848920120615194
6.410955477738869	5.848098238021303
6.411455727863932	5.847276355427413
6.4119559779889945	5.846454472833522
6.412456228114057	5.8456325902396316
6.41295647823912	5.844810707645741
6.413456728364182	5.84398882505185
6.413956978489244	5.8431669424579615
6.414457228614307	5.842345059864071
6.414957478739369	5.84152317727018
6.415457728864432	5.84070129467629
6.4159579789894945	5.839879412082399
6.416458229114557	5.8390575294885085
6.41695847923962	5.838235646894618
6.417458729364682	5.837413764300727
6.417958979489745	5.836591881706837
6.4184592296148075	5.835769999112946
6.41895947973987	5.8349481165190555
6.419459729864933	5.834126233925165
6.419959979989995	5.833304351331274
6.420460230115058	5.83272603694594
6.42096048024012	5.83291758619259
6.421460730365182	5.833109135439241
6.421960980490245	5.833300684685891
6.4224612306153075	5.833492233932541
6.42296148074037	5.8336837831791915
6.423461730865433	5.833875332425841
6.423961980990495	5.834066881672492
6.424462231115558	5.834258430919142
6.4249624812406205	5.834449980165792
6.425462731365683	5.834641529412443
6.425962981490745	5.834833078659093
6.4264632316158075	5.835024627905743
6.42696348174087	5.835216177152393
6.427463731865933	5.835407726399044
6.427963981990995	5.835599275645694
6.428464232116058	5.835790824892345
6.4289644822411205	5.835982374138995
6.429464732366183	5.836173923385645
6.429964982491246	5.836365472632296
6.430465232616308	5.836557021878946
6.430965482741371	5.836748571125597
6.4314657328664335	5.836940120372247
6.431965982991496	5.837131669618897
6.432466233116558	5.837323218865547
6.4329664832416205	5.8375147681121975
6.433466733366683	5.8377063173588475
6.433966983491746	5.837897866605498
6.434467233616808	5.838089415852148
6.434967483741871	5.838280965098798
6.4354677338669335	5.838472514345449
6.435967983991996	5.838664063592099
6.436468234117059	5.83885561283875
6.436968484242121	5.8390471620854
6.437468734367183	5.83923871133205
6.437968984492246	5.8394302605787
6.438469234617308	5.839621809825351
6.438969484742371	5.839813359072001
6.4394697348674335	5.840004908318652
6.439969984992496	5.840196457565302
6.440470235117559	5.840388006811952
6.440970485242621	5.840579556058603
6.441470735367684	5.840771105305253
6.4419709854927465	5.8409626545519036
6.442471235617809	5.8411542037985535
6.442971485742872	5.8413457530452035
6.443471735867934	5.841537302291854
6.443971985992997	5.841728851538504
6.444472236118059	5.841920400785154
6.444972486243121	5.842111950031805
6.445472736368184	5.842303499278455
6.4459729864932465	5.842495048525105
6.446473236618309	5.842686597771756
6.446973486743372	5.842878147018406
6.447473736868434	5.843069696265057
6.447973986993497	5.843261245511707
6.4484742371185595	5.843452794758357
6.448974487243622	5.843644344005008
6.449474737368684	5.843835893251658
6.449974987493746	5.844027442498308
6.450475237618809	5.844218991744959
6.450975487743872	5.844410540991609
6.451475737868934	5.844602090238259
6.451975987993997	5.84479363948491
6.4524762381190595	5.84498518873156
6.452976488244122	5.8451767379782105
6.453476738369185	5.8453682872248605
6.453976988494247	5.8455598364715105
6.45447723861931	5.845751385718161
6.4549774887443725	5.845942934964811
6.455477738869435	5.846134484211462
6.455977988994497	5.846326033458112
6.456478239119559	5.846517582704762
6.456978489244622	5.846709131951412
6.457478739369685	5.846900681198063
6.457978989494747	5.847092230444713
6.45847923961981	5.847283779691364
6.4589794897448725	5.847475328938014
6.459479739869935	5.847666878184664
6.459979989994998	5.847858427431315
6.46048024012006	5.848049976677965
6.460980490245122	5.848241525924615
6.461480740370185	5.848433075171266
6.461980990495247	5.848624624417916
6.46248124062031	5.848816173664566
6.462981490745372	5.8490077229112165
6.463481740870435	5.8491992721578665
6.463981990995498	5.849390821404517
6.46448224112056	5.849582370651167
6.464982491245623	5.849773919897817
6.4654827413706855	5.849965469144468
6.465982991495748	5.850157018391118
6.466483241620811	5.850348567637769
6.466983491745873	5.850540116884419
6.467483741870936	5.850731666131069
6.467983991995998	5.850923215377719
6.46848424212106	5.85111476462437
6.468984492246123	5.85130631387102
6.469484742371185	5.851497863117671
6.469984992496248	5.851689412364321
6.470485242621311	5.851880961610971
6.470985492746373	5.852072510857622
6.471485742871436	5.852264060104272
6.4719859929964985	5.852455609350922
6.472486243121561	5.852647158597573
6.472986493246623	5.8528387078442226
6.473486743371685	5.8530302570908725
6.473986993496748	5.853221806337523
6.474487243621811	5.853413355584173
6.474987493746873	5.853604904830823
6.475487743871936	5.853796454077474
6.475987993996998	5.853988003324124
6.476488244122061	5.854179552570775
6.476988494247124	5.854371101817425
6.477488744372186	5.854562651064075
6.477988994497249	5.854754200310726
6.4784892446223115	5.854945749557376
6.478989494747374	5.855137298804027
6.479489744872436	5.855328848050677
6.479989994997498	5.855520397297327
6.480490245122561	5.855711946543977
6.480990495247624	5.855903495790628
6.481490745372686	5.856095045037278
6.481990995497749	5.856286594283929
6.482491245622811	5.856478143530579
6.482991495747874	5.856669692777229
6.483491745872937	5.8568612420238795
6.483991995997999	5.8570527912705295
6.484492246123061	5.8572443405171795
6.484992496248124	5.85743588976383
6.485492746373186	5.85762743901048
6.485992996498249	5.85781898825713
6.486493246623311	5.858010537503781
6.486993496748374	5.858202086750431
6.487493746873437	5.858393635997082
6.487993996998499	5.858585185243732
6.488494247123562	5.858776734490382
6.488994497248624	5.858968283737033
6.489494747373687	5.859159832983683
6.48999499749875	5.859351382230334
6.490495247623812	5.859542931476984
6.490995497748875	5.859734480723634
6.491495747873937	5.859924307381123
6.491995997998999	5.860061136514637
6.492496248124062	5.860197965648152
6.492996498249124	5.860334794781666
6.493496748374187	5.86047162391518
6.49399699849925	5.860608453048695
6.494497248624312	5.86074528218221
6.494997498749375	5.860882111315724
6.495497748874437	5.861018940449238
6.4959979989995	5.861155769582753
6.496498249124562	5.861292598716267
6.496998499249624	5.861429427849782
6.497498749374687	5.861566256983296
6.49799899949975	5.861703086116811
6.498499249624812	5.861839915250325
6.498999499749875	5.861976744383839
6.499499749874937	5.8621135735173535
6.5	5.862250402650869
