250	15.88123
251	18.25214
252	21.58075
253	25.57936
254	29.97526
255	34.52324
256	39.03518
257	43.4027
258	47.51657
259	51.37036
260	54.92586
261	58.15878
262	60.95866
263	63.44755
264	65.68048
265	67.65786
266	69.34798
267	70.81917
268	72.04918
269	73.09731
270	73.94229
271	74.58451
272	75.06776
273	75.38309
274	75.54173
275	75.56213
276	75.46444
277	75.27046
278	74.98023
279	74.59783
280	74.13562
281	73.58804
282	72.95642
283	72.24174
284	71.43324
285	70.503
286	69.40487
287	68.14236
288	66.60626
289	64.85867
290	62.88538
291	60.75787
292	58.51688
293	56.19245
294	53.80087
295	51.35815
296	48.88731
297	46.38151
298	43.8361
299	41.27143
300	38.67768
301	36.06363
302	33.43975
303	30.82662
304	28.22508
305	25.65456
306	23.12817
307	20.67168
308	18.30586
309	16.05249
310	13.93488
311	12.13797
312	10.48139
313	8.98409
314	7.66077
315	6.51981
316	5.5663
317	4.80998
318	4.25558
319	3.9022
320	3.74912
321	3.79059
322	4.02059
323	4.43318
324	5.01835
325	5.76156
326	6.64522
327	7.65855
328	8.78817
329	10.01815
330	11.33422
331	12.72351
332	14.16976
333	15.65808
334	17.17642
335	18.71825
336	20.27275
337	21.83257
338	23.38689
339	24.92355
340	26.44458
341	27.95346
342	29.43354
343	30.88612
344	32.31252
345	33.71154
346	35.0812
347	36.42311
348	37.73696
349	39.02253
350	40.2837
351	41.51654
352	42.73127
353	43.93154
354	45.11206
355	46.25283
356	47.36434
357	48.45219
358	49.51269
359	50.51899
360	51.47336
361	52.35618
362	53.16994
363	53.89516
364	54.52019
365	55.05084
366	55.47129
367	55.79795
368	56.02693
369	56.18451
370	56.25518
371	56.27015
372	56.2187
373	56.11645
374	55.95556
375	55.75
376	55.51241
377	55.23555
378	54.9489
379	54.64643
380	54.32968
381	54.00236
382	53.65732
383	53.30294
384	52.95085
385	52.57696
386	52.21319
387	51.82941
388	51.4427
389	51.0499
390	50.64116
391	50.24051
392	49.82079
393	49.40074
394	48.97196
395	48.52981
396	48.09528
397	47.64356
398	47.19147
399	46.7329
400	46.25912
401	45.78248
402	45.29007
403	44.79254
404	44.29179
405	43.77627
406	43.2593
407	42.73107
408	42.19096
409	41.64531
410	41.08628
411	40.51907
412	39.94454
413	39.35734
414	38.79407
415	38.23657
416	37.66946
417	37.10453
418	36.53115
419	35.94984
420	35.36401
421	34.76986
422	34.16917
423	33.56408
424	32.95139
425	32.33911
426	31.73138
427	31.11778
428	30.50025
429	29.87917
430	29.25316
431	28.62546
432	27.9963
433	27.36334
434	26.73741
435	26.1193
436	25.4991
437	24.86763
438	24.22259
439	23.57604
440	22.93436
441	22.30324
442	21.67228
443	21.04063
444	20.4047
445	19.77011
446	19.13813
447	18.53252
448	17.9301
449	17.33135
450	16.71804
451	16.10441
452	15.49568
453	14.90566
454	14.33379
455	13.76831
456	13.2104
457	12.66264
458	12.12253
459	11.59049
460	11.07056
461	10.56025
462	10.05913
463	9.56938
464	9.09228
465	8.62542
466	8.16914
467	7.70024
468	7.24095
469	6.79404
470	6.36799
471	5.96762
472	5.57969
473	5.20445
474	4.81282
475	4.42833
476	4.05933
477	3.71178
478	3.41078
479	3.12329
480	2.84944
481	2.58306
482	2.324
483	2.07997
484	1.85107
485	1.64071
486	1.44641
487	1.26663
488	1.10133
489	0.95143
490	0.81583
491	0.69432
492	0.58678
493	0.49221
494	0.41151
495	0.34455
496	0.29121
497	0.25338
498	0.22753
499	0.21346
500	0.21097
501	0.21999
502	0.24085
503	0.27331
504	0.31709
505	0.36901
506	0.43065
507	0.50177
508	0.58213
509	0.67753
510	0.78392
511	0.90036
512	1.02655
513	1.15748
514	1.29462
515	1.43967
516	1.59237
517	1.75371
518	1.9242
519	2.10193
520	2.2866
521	2.47784
522	2.67399
523	2.87613
524	3.08401
525	3.29734
526	3.51867
527	3.74665
528	3.97962
529	4.21733
530	4.45822
531	4.69671
532	4.93881
533	5.18428
534	5.43291
535	5.6822
536	5.93261
537	6.18546
538	6.44054
539	6.69765
540	6.96582
541	7.23636
542	7.50867
543	7.78257
544	8.05657
545	8.32737
546	8.59911
547	8.87163
548	9.14478
549	9.42555
550	9.71677
551	10.00852
552	10.30064
553	10.59299
554	10.87195
555	11.13816
556	11.40386
557	11.66898
558	11.93341
559	12.20692
560	12.48847
561	12.76924
562	13.04913
563	13.32805
564	13.60086
565	13.86631
566	14.13046
567	14.39325
568	14.65461
569	14.91701
570	15.18442
571	15.45026
572	15.71446
573	15.97699
574	16.23773
575	16.49499
576	16.75043
577	17.00398
578	17.25562
579	17.5053
580	17.7487
581	17.98779
582	18.22484
583	18.45982
584	18.69271
585	18.92447
586	19.15829
587	19.38995
588	19.61944
589	19.84673
590	20.07181
591	20.29662
592	20.52038
593	20.74188
594	20.9611
595	21.17804
596	21.39268
597	21.60522
598	21.81546
599	22.0234
600	22.22903
601	22.43234
602	22.63308
603	22.83021
604	23.02505
605	23.21759
606	23.40783
607	23.59577
608	23.78155
609	23.96544
610	24.14703
611	24.32634
612	24.50336
613	24.6781
614	24.8511
615	25.02353
616	25.19371
617	25.36165
618	25.52735
619	25.69082
620	25.85181
621	26.00289
622	26.15189
623	26.29882
624	26.44573
625	26.59062
626	26.73346
627	26.8757
628	27.0162
629	27.15468
630	27.29162
631	27.42681
632	27.56001
633	27.69128
634	27.82062
635	27.94803
636	28.07355
637	28.19729
638	28.31912
639	28.43906
640	28.55635
641	28.67173
642	28.78525
643	28.89606
644	29.00451
645	29.11116
646	29.21634
647	29.32061
648	29.42311
649	29.52387
650	29.62316
651	29.72078
652	29.8167
653	29.91173
654	30.00597
655	30.09856
656	30.18952
657	30.28002
658	30.36892
659	30.45621
660	30.54105
661	30.62354
662	30.70445
663	30.7838
664	30.8619
665	30.93845
666	31.01347
667	31.08726
668	31.1599
669	31.23106
670	31.30073
671	31.36899
672	31.4358
673	31.50117
674	31.56523
675	31.62829
676	31.68995
677	31.75023
678	31.8098
679	31.86865
680	31.92615
681	31.9823
682	32.03766
683	32.09185
684	32.14475
685	32.19637
686	32.24699
687	32.29634
688	32.34444
689	32.39124
690	32.43664
691	32.48082
692	32.52378
693	32.56551
694	32.60599
695	32.64529
696	32.68341
697	32.72017
698	32.75557
699	32.78983
700	32.82295
701	32.85529
702	32.88681
703	32.91722
704	32.94653
705	32.97481
706	33.00204
707	33.02821
708	33.05332
709	33.07679
710	33.09872
711	33.1196
712	33.13946
713	33.15939
714	33.17955
715	33.19871
716	33.21688
717	33.23463
718	33.25245
719	33.2693
720	33.28519
721	33.29998
722	33.31312
723	33.32534
724	33.33663
725	33.34701
726	33.3559
727	33.36386
728	33.37093
729	33.37711
730	33.38334
731	33.38907
732	33.39395
733	33.39797
734	33.40148
735	33.40466
736	33.40701
737	33.40854
738	33.40921
739	33.40755
740	33.40509
741	33.40183
742	33.39778
743	33.39273
744	33.38676
745	33.38002
746	33.37252
747	33.36419
748	33.3546
749	33.34427
750	33.3332
751	33.3214
752	33.30993
753	33.29841
754	33.28617
755	33.27323
756	33.25961
757	33.24647
758	33.23265
759	33.21814
760	33.20296
761	33.18732
762	33.17135
763	33.15472
764	33.13743
765	33.11949
766	33.10141
767	33.08292
768	33.0638
769	33.04404
770	33.02367
771	33.00098
772	32.97757
773	32.95356
774	32.92895
775	32.90357
776	32.87636
777	32.84857
778	32.8202
779	32.79125
780	32.76208
781	32.7334
782	32.70417
783	32.67438
784	32.64404
785	32.61306
786	32.58132
787	32.54904
788	32.51624
789	32.48291
790	32.44928
791	32.41563
792	32.38146
793	32.34679
794	32.31162
795	32.27567
796	32.23846
797	32.20076
798	32.16258
799	32.12392
800	32.08465
801	32.04393
802	32.00276
803	31.96112
804	31.91903
805	31.87649
806	31.836
807	31.79523
808	31.75402
809	31.71237
810	31.67028
811	31.62913
812	31.58823
813	31.5469
814	31.50515
815	31.46298
816	31.41973
817	31.37477
818	31.32941
819	31.28365
820	31.2375
821	31.19096
822	31.14309
823	31.09478
824	31.0461
825	30.99704
826	30.94762
827	30.8981
828	30.84848
829	30.79849
830	30.74815
831	30.69745
832	30.6464
833	30.59501
834	30.54327
835	30.4912
836	30.43879
837	30.38605
838	30.33298
839	30.27959
840	30.22587
841	30.17184
842	30.1175
843	30.06284
844	30.00787
845	29.9526
846	29.89703
847	29.84117
848	29.78501
849	29.72856
850	29.67182
851	29.6148
852	29.55749
853	29.49992
854	29.44206
855	29.38394
856	29.32554
857	29.26689
858	29.20797
859	29.14879
860	29.08936
861	29.02968
862	28.96974
863	28.90957
864	28.84915
865	28.78849
866	28.72759
867	28.66646
868	28.6051
869	28.54352
870	28.48171
871	28.41967
872	28.35742
873	28.29496
874	28.23228
875	28.16939
876	28.10629
877	28.04299
878	27.97949
879	27.9158
880	27.85191
881	27.78782
882	27.72355
883	27.65909
884	27.59444
885	27.52962
886	27.46552
887	27.40258
888	27.33947
889	27.27618
890	27.21271
891	27.14906
892	27.08525
893	27.02127
894	26.95712
895	26.89281
896	26.82834
897	26.76372
898	26.69893
899	26.634
900	26.56892
901	26.50369
902	26.43831
903	26.37279
904	26.30713
905	26.24133
906	26.1754
907	26.10933
908	26.04313
909	25.97681
910	25.91036
911	25.84379
912	25.77709
913	25.71028
914	25.64335
915	25.57631
916	25.50916
917	25.4419
918	25.37453
919	25.30706
920	25.23948
921	25.17181
922	25.10404
923	25.03617
924	24.96821
925	24.90016
926	24.83202
927	24.7638
928	24.69549
929	24.62709
930	24.55862
931	24.49008
932	24.42146
933	24.35276
934	24.28399
935	24.21516
936	24.14625
937	24.07729
938	24.00826
939	23.93917
940	23.87002
941	23.80082
942	23.73156
943	23.66225
944	23.59289
945	23.52348
946	23.45403
947	23.38453
948	23.31499
949	23.24542
950	23.1758
951	23.10615
952	23.03646
953	22.96674
954	22.89724
955	22.82827
956	22.75927
957	22.69024
958	22.62118
959	22.55209
960	22.48299
961	22.41386
962	22.34471
963	22.27554
964	22.20636
965	22.13715
966	22.06795
967	21.99872
968	21.92949
969	21.86025
970	21.79101
971	21.72176
972	21.65251
973	21.58326
974	21.514
975	21.44476
976	21.37552
977	21.30629
978	21.23705
979	21.16784
980	21.09863
981	21.02945
982	20.96026
983	20.89111
984	20.82196
985	20.75285
986	20.68375
987	20.61467
988	20.54562
989	20.47659
990	20.4076
991	20.33863
992	20.2697
993	20.20079
994	20.13193
995	20.06309
996	19.9943
997	19.92554
998	19.85683
999	19.78816
1000	19.71953
1001	19.6515
1002	19.58352
1003	19.51559
1004	19.44769
1005	19.37985
1006	19.31204
1007	19.2443
1008	19.1766
1009	19.10896
1010	19.04137
1011	18.97384
1012	18.90635
1013	18.83894
1014	18.77158
1015	18.70428
1016	18.63704
1017	18.56987
1018	18.50277
1019	18.43573
1020	18.36876
1021	18.30185
1022	18.23502
1023	18.16826
1024	18.10157
1025	18.03495
1026	17.96842
1027	17.90195
1028	17.83557
1029	17.76926
1030	17.70304
1031	17.6369
1032	17.57084
1033	17.50487
1034	17.43897
1035	17.37317
1036	17.30745
1037	17.24183
1038	17.17629
1039	17.11085
1040	17.04549
1041	16.98024
1042	16.91507
1043	16.85
1044	16.78502
1045	16.72015
1046	16.65538
1047	16.5907
1048	16.52613
1049	16.46166
1050	16.39729
1051	16.33216
1052	16.26693
1053	16.20183
1054	16.13685
1055	16.07199
1056	16.0084
1057	15.9452
1058	15.88211
1059	15.81913
1060	15.75625
1061	15.69349
1062	15.63084
1063	15.5683
1064	15.50588
1065	15.44357
1066	15.38137
1067	15.31929
1068	15.25732
1069	15.19548
1070	15.13374
1071	15.07214
1072	15.01065
1073	14.94928
1074	14.88803
1075	14.82691
1076	14.76591
1077	14.70504
1078	14.64428
1079	14.58366
1080	14.52317
1081	14.4628
1082	14.40256
1083	14.34245
1084	14.28247
1085	14.22262
1086	14.16296
1087	14.10344
1088	14.04405
1089	13.9848
1090	13.92568
1091	13.86665
1092	13.80775
1093	13.74898
1094	13.69035
1095	13.63186
1096	13.57354
1097	13.51537
1098	13.45733
1099	13.39943
1100	13.34167
