Wavelength(nm)	Response
3.000000000000000000e+02	1.082392836803731662e+01
3.010000000000000000e+02	3.540208049067015850e+01
3.020000000000000000e+02	5.203636429023004695e+01
3.030000000000000000e+02	5.444305048428931570e+01
3.040000000000000000e+02	4.780448219304123825e+01
3.050000000000000000e+02	3.291595684398751587e+01
3.060000000000000000e+02	1.385554082439371371e+01
3.070000000000000000e+02	1.328506814813207981e+01
3.080000000000000000e+02	3.338282088774445810e+01
3.090000000000000000e+02	4.657762927353615368e+01
3.100000000000000000e+02	4.889743933730394332e+01
3.110000000000000000e+02	4.362802958969585632e+01
3.120000000000000000e+02	3.235617867422087102e+01
3.130000000000000000e+02	1.769877113423201109e+01
3.140000000000000000e+02	9.745905146409524988e+00
3.150000000000000000e+02	1.873448561122814482e+01
3.160000000000000000e+02	3.379491509741448141e+01
3.170000000000000000e+02	4.246475443746412992e+01
3.180000000000000000e+02	4.357221259305464400e+01
3.190000000000000000e+02	3.887555720393549308e+01
3.200000000000000000e+02	2.977966590096938404e+01
3.210000000000000000e+02	1.848384093344776957e+01
3.220000000000000000e+02	1.044566780774880854e+01
3.230000000000000000e+02	1.255660748402334015e+01
3.240000000000000000e+02	2.334290395848620392e+01
3.250000000000000000e+02	3.391196610058963756e+01
3.260000000000000000e+02	3.921175475976073699e+01
3.270000000000000000e+02	3.896085247512763772e+01
3.280000000000000000e+02	3.421811753163600400e+01
3.290000000000000000e+02	2.624698327173167911e+01
3.300000000000000000e+02	1.711401914767027321e+01
3.310000000000000000e+02	1.062502393428501080e+01
3.320000000000000000e+02	1.107702612317151925e+01
3.330000000000000000e+02	1.862516384970797390e+01
3.340000000000000000e+02	2.820639688098158615e+01
3.350000000000000000e+02	3.491957605130502884e+01
3.360000000000000000e+02	3.700756913543180104e+01
3.370000000000000000e+02	3.469536490819380958e+01
3.380000000000000000e+02	2.889067862136153053e+01
3.390000000000000000e+02	2.101767362950858242e+01
3.400000000000000000e+02	1.349986374572451275e+01
3.410000000000000000e+02	9.779234168627052526e+00
3.420000000000000000e+02	1.236267719236248297e+01
3.430000000000000000e+02	2.003513413772515861e+01
3.440000000000000000e+02	2.860835422609127932e+01
3.450000000000000000e+02	3.449443517417651606e+01
3.460000000000000000e+02	3.626361405284826844e+01
3.470000000000000000e+02	3.396107509561522875e+01
3.480000000000000000e+02	2.833581647825387506e+01
3.490000000000000000e+02	2.075494337290222546e+01
3.500000000000000000e+02	1.352912864034664864e+01
3.510000000000000000e+02	9.750877609639690746e+00
3.520000000000000000e+02	1.166090833776145530e+01
3.530000000000000000e+02	1.855879428218217697e+01
3.540000000000000000e+02	2.713459830814575469e+01
3.550000000000000000e+02	3.402157863516154634e+01
3.560000000000000000e+02	3.739084097501969950e+01
3.570000000000000000e+02	3.676631290508288430e+01
3.580000000000000000e+02	3.244213930488313480e+01
3.590000000000000000e+02	2.535359795925020876e+01
3.600000000000000000e+02	1.732590902626276375e+01
3.610000000000000000e+02	1.118297380040693767e+01
3.620000000000000000e+02	9.826042245444540413e+00
3.630000000000000000e+02	1.418135061879041281e+01
3.640000000000000000e+02	2.224991952513796889e+01
3.650000000000000000e+02	3.071344242504481414e+01
3.660000000000000000e+02	3.697503725160272836e+01
3.670000000000000000e+02	3.977992759459520755e+01
3.680000000000000000e+02	3.884950506218655875e+01
3.690000000000000000e+02	3.445943902722422081e+01
3.700000000000000000e+02	2.739022757006152986e+01
3.710000000000000000e+02	1.920485139384239659e+01
3.720000000000000000e+02	1.240579118184680496e+01
3.730000000000000000e+02	9.689615024115820319e+00
3.740000000000000000e+02	1.222488014456399696e+01
3.750000000000000000e+02	1.874186460459470993e+01
3.760000000000000000e+02	2.663142227436325626e+01
3.770000000000000000e+02	3.358255318271351086e+01
3.780000000000000000e+02	3.825793947748124424e+01
3.790000000000000000e+02	4.012201658332595855e+01
3.800000000000000000e+02	3.907724607491235957e+01
3.810000000000000000e+02	3.528404889737107908e+01
3.820000000000000000e+02	2.921643030541041597e+01
3.830000000000000000e+02	2.189539433118079614e+01
3.840000000000000000e+02	1.506299108283831423e+01
3.850000000000000000e+02	1.083984286023538246e+01
3.860000000000000000e+02	1.070261330938278377e+01
3.870000000000000000e+02	1.455925057980575588e+01
3.880000000000000000e+02	2.089666029439152695e+01
3.890000000000000000e+02	2.780286632814486225e+01
3.900000000000000000e+02	3.381859660883766594e+01
3.910000000000000000e+02	3.813110525524406569e+01
3.920000000000000000e+02	4.038098587087885960e+01
3.930000000000000000e+02	4.044552493896114242e+01
3.940000000000000000e+02	3.833137006361973675e+01
3.950000000000000000e+02	3.418489344547544562e+01
3.960000000000000000e+02	2.840771046175784420e+01
3.970000000000000000e+02	2.183382852101816951e+01
3.980000000000000000e+02	1.580935487842394949e+01
3.990000000000000000e+02	1.192620855820497283e+01
4.000000000000000000e+02	1.135269162633335327e+01
4.010000000000000000e+02	1.418095914592756657e+01
4.020000000000000000e+02	1.941522188437237872e+01
4.030000000000000000e+02	2.561753051694369177e+01
4.040000000000000000e+02	3.155791883856757352e+01
4.050000000000000000e+02	3.645209770955013084e+01
4.060000000000000000e+02	3.989817869986720211e+01
4.070000000000000000e+02	4.173464691299965779e+01
4.080000000000000000e+02	4.191219280444089890e+01
4.090000000000000000e+02	4.042658635577282666e+01
4.100000000000000000e+02	3.732369587486252982e+01
4.110000000000000000e+02	3.277051021616794912e+01
4.120000000000000000e+02	2.716859359518175410e+01
4.130000000000000000e+02	2.126648549835921642e+01
4.140000000000000000e+02	1.615900025577456489e+01
4.150000000000000000e+02	1.303293792504340409e+01
4.160000000000000000e+02	1.268394190261293097e+01
4.170000000000000000e+02	1.511912819551213971e+01
4.180000000000000000e+02	1.959682753162518054e+01
4.190000000000000000e+02	2.504937624141150110e+01
4.200000000000000000e+02	3.051248485660699927e+01
4.210000000000000000e+02	3.532088920039304725e+01
4.220000000000000000e+02	3.910141674473596396e+01
4.230000000000000000e+02	4.167944344863386874e+01
4.240000000000000000e+02	4.298724631671890961e+01
4.250000000000000000e+02	4.300641316130274561e+01
4.260000000000000000e+02	4.174298143336373101e+01
4.270000000000000000e+02	3.922887161103600562e+01
4.280000000000000000e+02	3.555282449695031488e+01
4.290000000000000000e+02	3.092334311451592299e+01
4.300000000000000000e+02	2.575049029560164726e+01
4.310000000000000000e+02	2.069844115280498187e+01
4.320000000000000000e+02	1.663067074524455080e+01
4.330000000000000000e+02	1.437927282221888525e+01
4.340000000000000000e+02	1.441575387442867395e+01
4.350000000000000000e+02	1.665200530393011036e+01
4.360000000000000000e+02	2.052504089510068042e+01
4.370000000000000000e+02	2.526217795452665626e+01
4.380000000000000000e+02	3.013249051276213564e+01
4.390000000000000000e+02	3.458663595917842315e+01
4.400000000000000000e+02	3.829031687332138745e+01
4.410000000000000000e+02	4.108024635688205706e+01
4.420000000000000000e+02	4.289509431614794011e+01
4.430000000000000000e+02	4.371354718120346661e+01
4.440000000000000000e+02	4.352523191113939305e+01
4.450000000000000000e+02	4.232924749156877198e+01
4.460000000000000000e+02	4.014884326158849603e+01
4.470000000000000000e+02	3.705130591797745865e+01
4.480000000000000000e+02	3.316844749203062293e+01
4.490000000000000000e+02	2.874180803532161832e+01
4.500000000000000000e+02	2.417407401513303000e+01
4.510000000000000000e+02	2.005349682182350435e+01
4.520000000000000000e+02	1.705423537205616213e+01
4.530000000000000000e+02	1.572917524407586853e+01
4.540000000000000000e+02	1.630071964577398091e+01
4.550000000000000000e+02	1.859350011185040330e+01
4.560000000000000000e+02	2.213131762872497887e+01
4.570000000000000000e+02	2.631916839401841202e+01
4.580000000000000000e+02	3.060665401063950242e+01
4.590000000000000000e+02	3.458075592780151908e+01
4.600000000000000000e+02	3.797853055529430577e+01
4.610000000000000000e+02	4.065548407233059436e+01
4.620000000000000000e+02	4.254462182449707797e+01
4.630000000000000000e+02	4.362258465011849751e+01
4.640000000000000000e+02	4.388771910374654084e+01
4.650000000000000000e+02	4.334488339255559453e+01
4.660000000000000000e+02	4.199954368840589325e+01
4.670000000000000000e+02	3.986603854313821671e+01
4.680000000000000000e+02	3.699516466912353252e+01
4.690000000000000000e+02	3.350509407675893669e+01
4.700000000000000000e+02	2.960884733024450455e+01
4.710000000000000000e+02	2.561887653070809634e+01
4.720000000000000000e+02	2.193363666149380009e+01
4.730000000000000000e+02	1.901400548358752474e+01
4.740000000000000000e+02	1.730246285132546902e+01
4.750000000000000000e+02	1.709813996402834846e+01
4.760000000000000000e+02	1.841773427750389658e+01
4.770000000000000000e+02	2.098281081872838172e+01
4.780000000000000000e+02	2.434174179190907950e+01
4.790000000000000000e+02	2.804287612011515307e+01
4.800000000000000000e+02	3.171836541973048540e+01
4.810000000000000000e+02	3.510426408445830049e+01
4.820000000000000000e+02	3.802092091561381437e+01
4.830000000000000000e+02	4.035407105069680256e+01
4.840000000000000000e+02	4.204646186633428329e+01
4.850000000000000000e+02	4.307841659860483929e+01
4.860000000000000000e+02	4.345195741353516894e+01
4.870000000000000000e+02	4.317647537502026722e+01
4.880000000000000000e+02	4.226386507422663641e+01
4.890000000000000000e+02	4.073109159453150596e+01
4.900000000000000000e+02	3.860881149467496698e+01
4.910000000000000000e+02	3.595342368231587926e+01
4.920000000000000000e+02	3.286243929660855656e+01
4.930000000000000000e+02	2.949158691216211636e+01
4.940000000000000000e+02	2.606778836255472598e+01
4.950000000000000000e+02	2.288402221126276004e+01
4.960000000000000000e+02	2.026887024597805365e+01
4.970000000000000000e+02	1.852811840430896595e+01
4.980000000000000000e+02	1.787490319156063379e+01
4.990000000000000000e+02	1.837794420077392132e+01
5.000000000000000000e+02	1.994505508131985394e+01
5.010000000000000000e+02	2.235076183302560793e+01
5.020000000000000000e+02	2.529135792669634952e+01
5.030000000000000000e+02	2.845424876628706912e+01
5.040000000000000000e+02	3.157075950710975576e+01
5.050000000000000000e+02	3.444221178192638888e+01
5.060000000000000000e+02	3.694481332922476469e+01
5.070000000000000000e+02	3.900709968139625516e+01
5.080000000000000000e+02	4.059053975525584690e+01
5.090000000000000000e+02	4.167496173664962811e+01
5.100000000000000000e+02	4.224879878266144573e+01
5.110000000000000000e+02	4.231060244088300237e+01
5.120000000000000000e+02	4.186800678565994360e+01
5.130000000000000000e+02	4.093702309822489838e+01
5.140000000000000000e+02	3.954028575470567830e+01
5.150000000000000000e+02	3.770759740059789067e+01
5.160000000000000000e+02	3.548223492018260572e+01
5.170000000000000000e+02	3.292906774463098429e+01
5.180000000000000000e+02	3.014617909750996461e+01
5.190000000000000000e+02	2.727373807491338198e+01
5.200000000000000000e+02	2.449141767540083237e+01
5.210000000000000000e+02	2.200722484632871456e+01
5.220000000000000000e+02	2.003305067308501464e+01
5.230000000000000000e+02	1.875104835103619294e+01
5.240000000000000000e+02	1.828253764250374758e+01
5.250000000000000000e+02	1.866336678556440276e+01
5.260000000000000000e+02	1.983678142138968781e+01
5.270000000000000000e+02	2.166509159584771993e+01
5.280000000000000000e+02	2.395720012406607680e+01
5.290000000000000000e+02	2.650541047355779156e+01
5.300000000000000000e+02	2.911663346798880170e+01
5.310000000000000000e+02	3.163259507811400439e+01
5.320000000000000000e+02	3.393846963893656010e+01
5.330000000000000000e+02	3.595698227616985321e+01
5.340000000000000000e+02	3.764029968045775121e+01
5.350000000000000000e+02	3.896184746071519100e+01
5.360000000000000000e+02	3.990851727463211773e+01
5.370000000000000000e+02	4.047561097050706280e+01
5.380000000000000000e+02	4.066388549905214234e+01
5.390000000000000000e+02	4.047748497838779969e+01
5.400000000000000000e+02	3.992334622303458502e+01
5.410000000000000000e+02	3.901283501813511378e+01
5.420000000000000000e+02	3.776336151128624863e+01
5.430000000000000000e+02	3.620032751247570246e+01
5.440000000000000000e+02	3.435986643414398856e+01
5.450000000000000000e+02	3.229053521265687010e+01
5.460000000000000000e+02	3.005380282735056596e+01
5.470000000000000000e+02	2.772837553312415082e+01
5.480000000000000000e+02	2.541193349518230704e+01
5.490000000000000000e+02	2.321982783147320006e+01
5.500000000000000000e+02	2.128185253719708570e+01
5.510000000000000000e+02	1.972967361267840403e+01
5.520000000000000000e+02	1.867517176387885769e+01
5.530000000000000000e+02	1.819224879438639420e+01
5.540000000000000000e+02	1.830405552802647762e+01
5.550000000000000000e+02	1.898137981192805768e+01
5.560000000000000000e+02	2.015399391294771192e+01
5.570000000000000000e+02	2.172395170283361310e+01
5.580000000000000000e+02	2.357912354525594267e+01
5.590000000000000000e+02	2.560545340238901701e+01
5.600000000000000000e+02	2.769298392870274483e+01
5.610000000000000000e+02	2.974206155446436384e+01
5.620000000000000000e+02	3.167101289167513656e+01
5.630000000000000000e+02	3.341769609968613253e+01
5.640000000000000000e+02	3.493837789718357811e+01
5.650000000000000000e+02	3.620657185708024883e+01
5.660000000000000000e+02	3.720912727293837463e+01
5.670000000000000000e+02	3.794031447266092982e+01
5.680000000000000000e+02	3.839905313691414790e+01
5.690000000000000000e+02	3.858704892267540743e+01
5.700000000000000000e+02	3.850740986407362243e+01
5.710000000000000000e+02	3.816468853520406412e+01
5.720000000000000000e+02	3.756587318887466154e+01
5.730000000000000000e+02	3.672082102390547931e+01
5.740000000000000000e+02	3.564296638990873589e+01
5.750000000000000000e+02	3.435033085727494750e+01
5.760000000000000000e+02	3.286657855962900499e+01
5.770000000000000000e+02	3.122195084001804588e+01
5.780000000000000000e+02	2.945435436235440818e+01
5.790000000000000000e+02	2.761015222647982625e+01
5.800000000000000000e+02	2.574426560292750565e+01
5.810000000000000000e+02	2.391891879807069543e+01
5.820000000000000000e+02	2.220195015221995405e+01
5.830000000000000000e+02	2.066400106912125167e+01
5.840000000000000000e+02	1.937393724515818150e+01
5.850000000000000000e+02	1.839326346691501612e+01
5.860000000000000000e+02	1.777026970996843147e+01
5.870000000000000000e+02	1.753457896439911678e+01
5.880000000000000000e+02	1.769341394792922273e+01
5.890000000000000000e+02	1.823081751301154085e+01
5.900000000000000000e+02	1.910972538889325634e+01
5.910000000000000000e+02	2.027640207689870522e+01
5.920000000000000000e+02	2.166629784364429057e+01
5.930000000000000000e+02	2.321012664017722926e+01
5.940000000000000000e+02	2.483935728493275263e+01
5.950000000000000000e+02	2.649050497596068610e+01
5.960000000000000000e+02	2.810792423005354479e+01
5.970000000000000000e+02	2.964520433218309137e+01
5.980000000000000000e+02	3.106553497920119966e+01
5.990000000000000000e+02	3.234102515060605754e+01
6.000000000000000000e+02	3.345154362201837728e+01
6.010000000000000000e+02	3.438341895889151090e+01
6.020000000000000000e+02	3.512815089478202424e+01
6.030000000000000000e+02	3.568119672340945669e+01
6.040000000000000000e+02	3.604084844303885404e+01
6.050000000000000000e+02	3.620756749888732884e+01
6.060000000000000000e+02	3.618350702361940563e+01
6.070000000000000000e+02	3.597221159815804015e+01
6.080000000000000000e+02	3.557849928533433115e+01
6.090000000000000000e+02	3.500862175356027706e+01
6.100000000000000000e+02	3.427058985331028396e+01
6.110000000000000000e+02	3.337423126767020420e+01
6.120000000000000000e+02	3.233152311938457046e+01
6.130000000000000000e+02	3.115702961383538394e+01
6.140000000000000000e+02	2.986837153281890167e+01
6.150000000000000000e+02	2.848668840912654332e+01
6.160000000000000000e+02	2.703711439402615468e+01
6.170000000000000000e+02	2.554905631072101002e+01
6.180000000000000000e+02	2.405609831720997249e+01
6.190000000000000000e+02	2.259550654258966063e+01
6.200000000000000000e+02	2.120725454670537147e+01
6.210000000000000000e+02	1.993240248249383839e+01
6.220000000000000000e+02	1.881088721535941488e+01
6.230000000000000000e+02	1.787961403411347305e+01
6.240000000000000000e+02	1.717022682504840603e+01
6.250000000000000000e+02	1.670692438286385695e+01
6.260000000000000000e+02	1.650466921828233779e+01
6.270000000000000000e+02	1.656805810895509623e+01
6.280000000000000000e+02	1.689096346914429603e+01
6.290000000000000000e+02	1.745668512960592977e+01
6.300000000000000000e+02	1.823919152223187723e+01
6.310000000000000000e+02	1.920517089889099083e+01
6.320000000000000000e+02	2.031648243542554866e+01
6.330000000000000000e+02	2.153269176504453242e+01
6.340000000000000000e+02	2.281359344825853697e+01
6.350000000000000000e+02	2.412129573512810410e+01
6.360000000000000000e+02	2.542140075438500446e+01
6.370000000000000000e+02	2.668377111901169485e+01
6.380000000000000000e+02	2.788285665972948024e+01
6.390000000000000000e+02	2.899766526126481736e+01
6.400000000000000000e+02	3.001145750377251176e+01
6.410000000000000000e+02	3.091121162256151678e+01
6.420000000000000000e+02	3.168723364506732665e+01
6.430000000000000000e+02	3.233270257788731783e+01
6.440000000000000000e+02	3.284319071931118117e+01
6.450000000000000000e+02	3.321623409369099988e+01
6.460000000000000000e+02	3.345096899710054572e+01
6.470000000000000000e+02	3.354784621691852919e+01
6.480000000000000000e+02	3.350842464901420215e+01
6.490000000000000000e+02	3.333522231549569170e+01
6.500000000000000000e+02	3.303163677570891821e+01
6.510000000000000000e+02	3.260192769053071515e+01
6.520000000000000000e+02	3.205125400079340636e+01
6.530000000000000000e+02	3.138575675716804980e+01
6.540000000000000000e+02	3.061261869500586386e+01
6.550000000000000000e+02	2.974019303677009773e+01
6.560000000000000000e+02	2.877826448755876854e+01
6.570000000000000000e+02	2.773824095011279312e+01
6.580000000000000000e+02	2.663333019665131118e+01
6.590000000000000000e+02	2.547868155432435344e+01
6.600000000000000000e+02	2.429146883574048843e+01
6.610000000000000000e+02	2.309094663294985850e+01
6.620000000000000000e+02	2.189828012695825876e+01
6.630000000000000000e+02	2.073614996992702686e+01
6.640000000000000000e+02	1.962826787474322288e+01
6.650000000000000000e+02	1.859872237418706931e+01
6.660000000000000000e+02	1.767116458958220448e+01
6.670000000000000000e+02	1.686786908366332938e+01
6.680000000000000000e+02	1.620871902361880501e+01
6.690000000000000000e+02	1.571023555006355288e+01
6.700000000000000000e+02	1.538472152054684550e+01
6.710000000000000000e+02	1.523956241112399823e+01
6.720000000000000000e+02	1.527678673535715603e+01
6.730000000000000000e+02	1.549293890072820012e+01
6.740000000000000000e+02	1.587928163272978921e+01
6.750000000000000000e+02	1.642230114934469398e+01
6.760000000000000000e+02	1.710445120295236521e+01
6.770000000000000000e+02	1.790509619881942172e+01
6.780000000000000000e+02	1.880155051142988754e+01
6.790000000000000000e+02	1.977011581292650533e+01
6.800000000000000000e+02	2.078703882677419301e+01
6.810000000000000000e+02	2.182933203013870838e+01
6.820000000000000000e+02	2.287542772602360941e+01
6.830000000000000000e+02	2.390566767307905138e+01
6.840000000000000000e+02	2.490256194994628558e+01
6.850000000000000000e+02	2.585090463386037385e+01
6.860000000000000000e+02	2.673778225095051653e+01
6.870000000000000000e+02	2.755248862442332225e+01
6.880000000000000000e+02	2.828637501885129168e+01
6.890000000000000000e+02	2.893266136026736746e+01
6.900000000000000000e+02	2.948624647778455454e+01
6.910000000000000000e+02	2.994352747543128856e+01
6.920000000000000000e+02	3.030217461638191878e+01
6.930000000000000000e+02	3.056094363601333086e+01
6.940000000000000000e+02	3.071951701573251725e+01
6.950000000000000000e+02	3.077837258004105436e+01
6.960000000000000000e+02	3.073868025105358015e+01
6.970000000000000000e+02	3.060222445244853162e+01
6.980000000000000000e+02	3.037131257327828848e+01
6.990000000000000000e+02	3.004876376203815980e+01
7.000000000000000000e+02	2.963796185645071546e+01
7.010000000000000000e+02	2.914288029421552650e+01
7.020000000000000000e+02	2.856812075663896167e+01
7.030000000000000000e+02	2.791896418915498046e+01
7.040000000000000000e+02	2.720143008764414461e+01
7.050000000000000000e+02	2.642234231443180548e+01
7.060000000000000000e+02	2.558944993666003143e+01
7.070000000000000000e+02	2.471144042130112695e+01
7.080000000000000000e+02	2.379788074772150352e+01
7.090000000000000000e+02	2.285921392794382712e+01
7.100000000000000000e+02	2.190672897078518844e+01
7.110000000000000000e+02	2.095249366537701619e+01
7.120000000000000000e+02	2.000924383466119139e+01
7.130000000000000000e+02	1.909022361151398428e+01
7.140000000000000000e+02	1.820896328128960207e+01
7.150000000000000000e+02	1.737908686025664196e+01
7.160000000000000000e+02	1.661407791871708639e+01
7.170000000000000000e+02	1.592693082155111028e+01
7.180000000000000000e+02	1.532976355238866084e+01
7.190000000000000000e+02	1.483341373431875354e+01
7.200000000000000000e+02	1.444704037709732702e+01
7.210000000000000000e+02	1.417775660770109170e+01
7.220000000000000000e+02	1.403027147828577625e+01
7.230000000000000000e+02	1.400657516827853044e+01
7.240000000000000000e+02	1.410590027436780503e+01
7.250000000000000000e+02	1.432476923505133470e+01
7.260000000000000000e+02	1.465714766779751344e+01
7.270000000000000000e+02	1.509470320868005011e+01
7.280000000000000000e+02	1.562715038333990769e+01
7.290000000000000000e+02	1.624265629640142805e+01
7.300000000000000000e+02	1.692828759810672778e+01
7.310000000000000000e+02	1.767051892045880024e+01
7.320000000000000000e+02	1.845556903441649865e+01
7.330000000000000000e+02	1.926970102860586564e+01
7.340000000000000000e+02	2.009953693633944027e+01
7.350000000000000000e+02	2.093231987325621191e+01
7.360000000000000000e+02	2.175611902668905984e+01
7.370000000000000000e+02	2.255997779615527321e+01
7.380000000000000000e+02	2.333400873838683154e+01
7.390000000000000000e+02	2.406944641156714226e+01
7.400000000000000000e+02	2.475869740022857002e+01
7.410000000000000000e+02	2.539534557600498843e+01
7.420000000000000000e+02	2.597409878827778229e+01
7.430000000000000000e+02	2.649071476255075552e+01
7.440000000000000000e+02	2.694191553936759220e+01
7.450000000000000000e+02	2.732529674969936551e+01
7.460000000000000000e+02	2.763923673689792437e+01
7.470000000000000000e+02	2.788280930468125973e+01
7.480000000000000000e+02	2.805568481869695319e+01
7.490000000000000000e+02	2.815800738753072707e+01
7.500000000000000000e+02	2.819035724169715706e+01
7.510000000000000000e+02	2.815371102511072365e+01
7.520000000000000000e+02	2.804940480286061799e+01
7.530000000000000000e+02	2.787910673101271897e+01
7.540000000000000000e+02	2.764479876601611608e+01
7.550000000000000000e+02	2.734876664769495136e+01
7.560000000000000000e+02	2.699359727730774594e+01
7.570000000000000000e+02	2.658219398945452383e+01
7.580000000000000000e+02	2.611782707546853644e+01
7.590000000000000000e+02	2.560412250306242399e+01
7.600000000000000000e+02	2.504506299338282815e+01
7.610000000000000000e+02	2.444499919071805039e+01
7.620000000000000000e+02	2.380865978963178264e+01
7.630000000000000000e+02	2.314115885089424296e+01
7.640000000000000000e+02	2.244799841982014499e+01
7.650000000000000000e+02	2.173506447686131438e+01
7.660000000000000000e+02	2.100860886945735473e+01
7.670000000000000000e+02	2.027517809552285399e+01
7.680000000000000000e+02	1.954160901413369089e+01
7.690000000000000000e+02	1.881502060188599401e+01
7.700000000000000000e+02	1.810275795620265527e+01
7.710000000000000000e+02	1.741231972222907132e+01
7.720000000000000000e+02	1.675126900896479754e+01
7.730000000000000000e+02	1.612712822007671321e+01
7.740000000000000000e+02	1.554725915357286681e+01
7.750000000000000000e+02	1.501873075699125337e+01
7.760000000000000000e+02	1.454817972564952377e+01
7.770000000000000000e+02	1.414165042239509518e+01
7.780000000000000000e+02	1.380442129134171836e+01
7.790000000000000000e+02	1.354086751609138517e+01
7.800000000000000000e+02	1.335434421786092329e+01
7.810000000000000000e+02	1.324709244439261546e+01
7.820000000000000000e+02	1.322017317479530263e+01
7.830000000000000000e+02	1.327343331154178152e+01
7.840000000000000000e+02	1.340550602571478933e+01
7.850000000000000000e+02	1.361384633401040922e+01
7.860000000000000000e+02	1.389482712908911566e+01
7.870000000000000000e+02	1.424386018316823588e+01
7.880000000000000000e+02	1.465547312405833225e+01
7.890000000000000000e+02	1.512343634330141029e+01
7.900000000000000000e+02	1.564090831382463520e+01
7.910000000000000000e+02	1.620058904905761210e+01
7.920000000000000000e+02	1.679487559671690988e+01
7.930000000000000000e+02	1.741601386983640509e+01
7.940000000000000000e+02	1.805624183511855563e+01
7.950000000000000000e+02	1.870791997527813777e+01
7.960000000000000000e+02	1.936364002611206914e+01
7.970000000000000000e+02	2.001632905849249511e+01
7.980000000000000000e+02	2.065935818065621277e+01
7.990000000000000000e+02	2.128660690940288802e+01
8.000000000000000000e+02	2.189250495102365335e+01
8.010000000000000000e+02	2.247205629952784989e+01
8.020000000000000000e+02	2.302084781816568793e+01
8.030000000000000000e+02	2.353504470477031063e+01
8.040000000000000000e+02	2.401137530816704313e+01
8.050000000000000000e+02	2.444710769602291123e+01
8.060000000000000000e+02	2.484000969833190453e+01
8.070000000000000000e+02	2.518826596965074316e+01
8.080000000000000000e+02	2.549047550131286499e+01
8.090000000000000000e+02	2.574563783353351809e+01
8.100000000000000000e+02	2.595312185764120017e+01
8.110000000000000000e+02	2.611263558366893633e+01
8.120000000000000000e+02	2.622419754389006386e+01
8.130000000000000000e+02	2.628811030685464800e+01
8.140000000000000000e+02	2.630493641712815744e+01
8.150000000000000000e+02	2.627547693942998919e+01
8.160000000000000000e+02	2.620075289696801946e+01
8.170000000000000000e+02	2.608200464880548708e+01
8.180000000000000000e+02	2.592067961590331748e+01
8.190000000000000000e+02	2.571838687586238237e+01
8.200000000000000000e+02	2.547688399373635093e+01
8.210000000000000000e+02	2.519806930123712263e+01
8.220000000000000000e+02	2.488397618786358123e+01
8.230000000000000000e+02	2.453676908209108376e+01
8.240000000000000000e+02	2.415874078780555223e+01
8.250000000000000000e+02	2.375231083056396386e+01
8.260000000000000000e+02	2.332002445906448429e+01
8.270000000000000000e+02	2.286455208637677572e+01
8.280000000000000000e+02	2.238869495816616251e+01
8.290000000000000000e+02	2.189538978708387873e+01
8.300000000000000000e+02	2.138770100669319163e+01
8.310000000000000000e+02	2.086881565815188821e+01
8.320000000000000000e+02	2.034203686597151517e+01
8.330000000000000000e+02	1.981077511048937367e+01
8.340000000000000000e+02	1.927853695502833631e+01
8.350000000000000000e+02	1.874891092264165593e+01
8.360000000000000000e+02	1.822555026798492861e+01
8.370000000000000000e+02	1.771215245560909324e+01
8.380000000000000000e+02	1.721243523767700978e+01
8.390000000000000000e+02	1.673010932193968614e+01
8.400000000000000000e+02	1.626884773392423966e+01
8.410000000000000000e+02	1.583225210376841119e+01
8.420000000000000000e+02	1.542381624480598035e+01
8.430000000000000000e+02	1.504688753329735107e+01
8.440000000000000000e+02	1.470462674088467026e+01
8.450000000000000000e+02	1.439996710641597488e+01
8.460000000000000000e+02	1.413557355402143578e+01
8.470000000000000000e+02	1.391380306154383817e+01
8.480000000000000000e+02	1.373666724814139073e+01
8.490000000000000000e+02	1.360579824366344681e+01
8.500000000000000000e+02	1.352241898867920256e+01
8.510000000000000000e+02	1.348731900602733802e+01
8.520000000000000000e+02	1.350083646728272413e+01
8.530000000000000000e+02	1.356284733054510383e+01
8.540000000000000000e+02	1.367276209858769143e+01
8.550000000000000000e+02	1.382953053631877438e+01
8.560000000000000000e+02	1.403165480285710132e+01
8.570000000000000000e+02	1.427721025829139734e+01
8.580000000000000000e+02	1.456387310467502871e+01
8.590000000000000000e+02	1.488895471394191539e+01
8.600000000000000000e+02	1.524944165256208528e+01
8.610000000000000000e+02	1.564204032716772552e+01
8.620000000000000000e+02	1.606322506237284742e+01
8.630000000000000000e+02	1.650928835792398175e+01
8.640000000000000000e+02	1.697639206209112217e+01
8.650000000000000000e+02	1.746061823925685630e+01
8.660000000000000000e+02	1.795801859648121024e+01
8.670000000000000000e+02	1.846466145856331309e+01
8.680000000000000000e+02	1.897667543447960270e+01
8.690000000000000000e+02	1.949028908996643850e+01
8.700000000000000000e+02	2.000186612142678300e+01
8.710000000000000000e+02	2.050793570599142512e+01
8.720000000000000000e+02	2.100521787342177049e+01
8.730000000000000000e+02	2.149064390112271283e+01
8.740000000000000000e+02	2.196137186917837170e+01
8.750000000000000000e+02	2.241479762505909434e+01
8.760000000000000000e+02	2.284856149622853394e+01
8.770000000000000000e+02	2.326055115341919333e+01
8.780000000000000000e+02	2.364890106916932666e+01
8.790000000000000000e+02	2.401198903747014413e+01
8.800000000000000000e+02	2.434843022380348998e+01
8.810000000000000000e+02	2.465706920347107101e+01
8.820000000000000000e+02	2.493697042303170974e+01
8.830000000000000000e+02	2.518740748788442829e+01
8.840000000000000000e+02	2.540785164126987183e+01
8.850000000000000000e+02	2.559795975869660722e+01
8.860000000000000000e+02	2.575756213902742786e+01
8.870000000000000000e+02	2.588665033089846546e+01
8.880000000000000000e+02	2.598536519206563611e+01
8.890000000000000000e+02	2.605398534060674720e+01
8.900000000000000000e+02	2.609291612133138116e+01
8.910000000000000000e+02	2.610267917861956022e+01
8.920000000000000000e+02	2.608390269841356712e+01
8.930000000000000000e+02	2.603731235716349701e+01
8.940000000000000000e+02	2.596372299417585339e+01
8.950000000000000000e+02	2.586403100565671309e+01
8.960000000000000000e+02	2.573920744366060731e+01
8.970000000000000000e+02	2.559029179071697513e+01
8.980000000000000000e+02	2.541838637089598407e+01
8.990000000000000000e+02	2.522465135011754001e+01
9.000000000000000000e+02	2.501030027230747521e+01
9.010000000000000000e+02	2.477659607334859615e+01
9.020000000000000000e+02	2.452484751132488583e+01
9.030000000000000000e+02	2.425640594921370052e+01
9.040000000000000000e+02	2.397266242465676811e+01
9.050000000000000000e+02	2.367504494069030585e+01
9.060000000000000000e+02	2.336501591114368637e+01
9.070000000000000000e+02	2.304406969484959689e+01
9.080000000000000000e+02	2.271373015365504600e+01
9.090000000000000000e+02	2.237554817063725920e+01
9.100000000000000000e+02	2.203109906672863616e+01
9.110000000000000000e+02	2.168197985633027258e+01
9.120000000000000000e+02	2.132980628536589052e+01
9.130000000000000000e+02	2.097620959870810253e+01
9.140000000000000000e+02	2.062283298804287313e+01
9.150000000000000000e+02	2.027132767610955355e+01
9.160000000000000000e+02	1.992334859890896581e+01
9.170000000000000000e+02	1.958054965397075264e+01
9.180000000000000000e+02	1.924457849023408684e+01
9.190000000000000000e+02	1.891707082341120127e+01
9.200000000000000000e+02	1.859964427007906096e+01
9.210000000000000000e+02	1.829389170396882491e+01
9.220000000000000000e+02	1.800137414909748657e+01
9.230000000000000000e+02	1.772361323633603902e+01
9.240000000000000000e+02	1.746208326257976040e+01
9.250000000000000000e+02	1.721820290482262195e+01
9.260000000000000000e+02	1.699332665470060277e+01
9.270000000000000000e+02	1.678873605239925837e+01
9.280000000000000000e+02	1.660563081168830735e+01
9.290000000000000000e+02	1.644511994004965061e+01
9.300000000000000000e+02	1.630821296888678518e+01
9.310000000000000000e+02	1.619581141828526683e+01
9.320000000000000000e+02	1.610870062831456551e+01
9.330000000000000000e+02	1.604754209395937536e+01
9.340000000000000000e+02	1.601286644314377483e+01
9.350000000000000000e+02	1.600506719656354093e+01
9.360000000000000000e+02	1.602439544395889470e+01
9.370000000000000000e+02	1.607095556386897783e+01
9.380000000000000000e+02	1.614470210275386464e+01
9.390000000000000000e+02	1.624543791470386367e+01
9.400000000000000000e+02	1.637281364501187042e+01
9.410000000000000000e+02	1.652632861993878066e+01
9.420000000000000000e+02	1.670533318156819647e+01
9.430000000000000000e+02	1.690903248124887170e+01
9.440000000000000000e+02	1.713649171847645647e+01
9.450000000000000000e+02	1.738664278489100212e+01
9.460000000000000000e+02	1.765829224618020987e+01
9.470000000000000000e+02	1.795013056886461555e+01
9.480000000000000000e+02	1.826074247503132497e+01
9.490000000000000000e+02	1.858861828674669425e+01
9.500000000000000000e+02	1.893216610382086884e+01
9.510000000000000000e+02	1.928972464430233913e+01
9.520000000000000000e+02	1.965957656694754974e+01
9.530000000000000000e+02	2.003996208919000566e+01
9.540000000000000000e+02	2.042909271285708073e+01
9.550000000000000000e+02	2.082516487300669894e+01
9.560000000000000000e+02	2.122637333251121561e+01
9.570000000000000000e+02	2.163092415603771457e+01
9.580000000000000000e+02	2.203704711137320515e+01
9.590000000000000000e+02	2.244300736306175992e+01
9.600000000000000000e+02	2.284711634239560851e+01
9.610000000000000000e+02	2.324774169831295012e+01
9.620000000000000000e+02	2.364331625501463918e+01
9.630000000000000000e+02	2.403234592350139920e+01
9.640000000000000000e+02	2.441341653517108057e+01
9.650000000000000000e+02	2.478519958558167247e+01
9.660000000000000000e+02	2.514645689503785064e+01
9.670000000000000000e+02	2.549604420946987204e+01
9.680000000000000000e+02	2.583291377986755322e+01
9.690000000000000000e+02	2.615611597114631337e+01
9.700000000000000000e+02	2.646479996168615401e+01
9.710000000000000000e+02	2.675821360287797646e+01
9.720000000000000000e+02	2.703570251392019941e+01
9.730000000000000000e+02	2.729670849091432672e+01
9.740000000000000000e+02	2.754076731123133825e+01
9.750000000000000000e+02	2.776750601428380349e+01
9.760000000000000000e+02	2.797663973852916541e+01
9.770000000000000000e+02	2.816796819193146106e+01
9.780000000000000000e+02	2.834137182944361655e+01
9.790000000000000000e+02	2.849680780660455426e+01
9.800000000000000000e+02	2.863430577324717419e+01
9.810000000000000000e+02	2.875396356578644230e+01
9.820000000000000000e+02	2.885594285078221333e+01
9.830000000000000000e+02	2.894046476661627665e+01
9.840000000000000000e+02	2.900780560426143140e+01
9.850000000000000000e+02	2.905829256245313630e+01
9.860000000000000000e+02	2.909229960707601492e+01
9.870000000000000000e+02	2.911024345943605951e+01
9.880000000000000000e+02	2.911257973323684567e+01
9.890000000000000000e+02	2.909979923564736382e+01
9.900000000000000000e+02	2.907242444378534074e+01
9.910000000000000000e+02	2.903100616430855041e+01
9.920000000000000000e+02	2.897612038052495720e+01
9.930000000000000000e+02	2.890836528864023336e+01
9.940000000000000000e+02	2.882835852221884565e+01
9.950000000000000000e+02	2.873673456183563601e+01
9.960000000000000000e+02	2.863414232511088997e+01
9.970000000000000000e+02	2.852124293081376649e+01
9.980000000000000000e+02	2.839870762948448757e+01
9.990000000000000000e+02	2.826721589208620244e+01
1.000000000000000000e+03	2.812745364744050747e+01
1.001000000000000000e+03	2.798011165862303784e+01
1.002000000000000000e+03	2.782588402815327910e+01
1.003000000000000000e+03	2.766546682156162618e+01
1.004000000000000000e+03	2.749955679878632964e+01
1.005000000000000000e+03	2.732885024293848275e+01
1.006000000000000000e+03	2.715404187595810370e+01
1.007000000000000000e+03	2.697582385098650448e+01
1.008000000000000000e+03	2.679488481141290634e+01
1.009000000000000000e+03	2.661190900693995687e+01
1.010000000000000000e+03	2.642757545729189772e+01
1.011000000000000000e+03	2.624255715461469052e+01
1.012000000000000000e+03	2.605752029603098663e+01
1.013000000000000000e+03	2.587312353821245026e+01
1.014000000000000000e+03	2.569001726637618788e+01
1.015000000000000000e+03	2.550884287053490596e+01
1.016000000000000000e+03	2.533023202237649940e+01
1.017000000000000000e+03	2.515480594669715231e+01
1.018000000000000000e+03	2.498317468182306555e+01
1.019000000000000000e+03	2.481593632407918193e+01
1.020000000000000000e+03	2.465367625192558876e+01
1.021000000000000000e+03	2.449696632603022550e+01
1.022000000000000000e+03	2.434636406218406535e+01
1.023000000000000000e+03	2.420241177462305160e+01
1.024000000000000000e+03	2.406563568805979614e+01
1.025000000000000000e+03	2.393654501740425644e+01
1.026000000000000000e+03	2.381563101494688794e+01
1.027000000000000000e+03	2.370336598554088425e+01
1.028000000000000000e+03	2.360020227113099622e+01
1.029000000000000000e+03	2.350657120680068601e+01
1.030000000000000000e+03	2.342288205135920975e+01
1.031000000000000000e+03	2.334952089636647798e+01
1.032000000000000000e+03	2.328684955834762960e+01
1.033000000000000000e+03	2.323520445985265326e+01
1.034000000000000000e+03	2.319489550585375781e+01
1.035000000000000000e+03	2.316620496287620057e+01
1.036000000000000000e+03	2.314938634905834647e+01
1.037000000000000000e+03	2.314466334413325299e+01
1.038000000000000000e+03	2.315222872910808860e+01
1.039000000000000000e+03	2.317224336605400481e+01
1.040000000000000000e+03	2.320483522904617502e+01
1.041000000000000000e+03	2.325009849781987725e+01
1.042000000000000000e+03	2.330809272606413884e+01
1.043000000000000000e+03	2.337884209660385437e+01
1.044000000000000000e+03	2.346233477581191806e+01
1.045000000000000000e+03	2.355852237958999496e+01
1.046000000000000000e+03	2.366731956308440132e+01
1.047000000000000000e+03	2.378860374590104598e+01
1.048000000000000000e+03	2.392221498406671998e+01
1.049000000000000000e+03	2.406795599920983619e+01
1.050000000000000000e+03	2.422559237450886727e+01
1.051000000000000000e+03	2.439485292579840348e+01
1.052000000000000000e+03	2.457543025490948807e+01
1.053000000000000000e+03	2.476698149079452094e+01
1.054000000000000000e+03	2.496912922231276255e+01
1.055000000000000000e+03	2.518146262471040231e+01
1.056000000000000000e+03	2.540353877987093512e+01
1.057000000000000000e+03	2.563488418833625104e+01
1.058000000000000000e+03	2.587499646896870686e+01
1.059000000000000000e+03	2.612334623991679194e+01
1.060000000000000000e+03	2.637937917238433272e+01
1.061000000000000000e+03	2.664251820652667391e+01
1.062000000000000000e+03	2.691216591671062019e+01
1.063000000000000000e+03	2.718770701140927670e+01
1.064000000000000000e+03	2.746851095115618691e+01
1.065000000000000000e+03	2.775393466634631778e+01
1.066000000000000000e+03	2.804332535523852954e+01
1.067000000000000000e+03	2.833602334132657674e+01
1.068000000000000000e+03	2.863136496834001221e+01
1.069000000000000000e+03	2.892868551051350323e+01
1.070000000000000000e+03	2.922732207544319749e+01
1.071000000000000000e+03	2.952661647686014490e+01
1.072000000000000000e+03	2.982591805494593373e+01
1.073000000000000000e+03	3.012458642245571028e+01
1.074000000000000000e+03	3.042199411581219692e+01
1.075000000000000000e+03	3.071752908873526877e+01
1.076000000000000000e+03	3.101059691697929921e+01
1.077000000000000000e+03	3.130062321980572548e+01
1.078000000000000000e+03	3.158705584652840770e+01
1.079000000000000000e+03	3.186936679919282511e+01
1.080000000000000000e+03	3.214705396733160114e+01
1.081000000000000000e+03	3.241964266654541404e+01
1.082000000000000000e+03	3.268668697484250174e+01
1.083000000000000000e+03	3.294777086294591584e+01
1.084000000000000000e+03	3.320250911701759833e+01
1.085000000000000000e+03	3.345054805442202905e+01
1.086000000000000000e+03	3.369156603521538784e+01
1.087000000000000000e+03	3.392527377397531296e+01
1.088000000000000000e+03	3.415141445836491840e+01
1.089000000000000000e+03	3.436976368242961399e+01
1.090000000000000000e+03	3.458012920401804990e+01
1.091000000000000000e+03	3.478235053694947965e+01
1.092000000000000000e+03	3.497629838952906312e+01
1.093000000000000000e+03	3.516187396182164093e+01
1.094000000000000000e+03	3.533900811467893277e+01
1.095000000000000000e+03	3.550766042390024069e+01
1.096000000000000000e+03	3.566781813312114480e+01
1.097000000000000000e+03	3.581949501903373800e+01
1.098000000000000000e+03	3.596273018241251407e+01
1.099000000000000000e+03	3.609758677814286898e+01
1.100000000000000000e+03	3.622415069700574008e+01
