Wavelength(nm)	Response
2.500000000000000000e+02	5.358421305226852382e+01
2.510000000000000000e+02	2.385521973600246426e+01
2.520000000000000000e+02	2.188713757925451020e+01
2.530000000000000000e+02	4.582023181686856361e+01
2.540000000000000000e+02	3.055895836984263170e+01
2.550000000000000000e+02	8.985162816714808542e+00
2.560000000000000000e+02	3.353674184169378947e+01
2.570000000000000000e+02	3.633786814987238500e+01
2.580000000000000000e+02	1.815405543351546314e+01
2.590000000000000000e+02	1.192855529590435992e+01
2.600000000000000000e+02	3.206408978997333747e+01
2.610000000000000000e+02	3.421539108753310643e+01
2.620000000000000000e+02	1.999303728120221990e+01
2.630000000000000000e+02	8.680481522348937773e+00
2.640000000000000000e+02	2.255600806281858084e+01
2.650000000000000000e+02	3.596972285799655822e+01
2.660000000000000000e+02	3.011511369555585205e+01
2.670000000000000000e+02	1.324719025106166370e+01
2.680000000000000000e+02	9.107846403071869545e+00
2.690000000000000000e+02	2.916443883377861468e+01
2.700000000000000000e+02	4.056073657451970149e+01
2.710000000000000000e+02	3.028600047773154458e+01
2.720000000000000000e+02	1.058820453558538688e+01
2.730000000000000000e+02	1.086094992338046161e+01
2.740000000000000000e+02	3.358034984952932689e+01
2.750000000000000000e+02	4.734301225400467672e+01
2.760000000000000000e+02	4.036970416892887670e+01
2.770000000000000000e+02	1.834275695000840756e+01
2.780000000000000000e+02	6.875255788411534397e+00
2.790000000000000000e+02	2.342274888272959998e+01
2.800000000000000000e+02	4.523531430555456012e+01
2.810000000000000000e+02	5.458942243577723019e+01
2.820000000000000000e+02	4.565554452865132617e+01
2.830000000000000000e+02	1.931662268708344499e+01
2.840000000000000000e+02	7.920092047184144946e+00
2.850000000000000000e+02	2.931944682481157827e+01
2.860000000000000000e+02	5.070908438439318644e+01
2.870000000000000000e+02	5.822423720305331329e+01
2.880000000000000000e+02	4.621663888485869620e+01
2.890000000000000000e+02	1.489916153866370863e+01
2.900000000000000000e+02	1.193624937731210167e+01
2.910000000000000000e+02	3.681774252982428663e+01
2.920000000000000000e+02	5.322148517979449167e+01
2.930000000000000000e+02	5.635064877743510436e+01
2.940000000000000000e+02	4.280074441383025885e+01
2.950000000000000000e+02	1.374871533473598717e+01
2.960000000000000000e+02	1.122065446859804361e+01
2.970000000000000000e+02	3.393486113316354391e+01
2.980000000000000000e+02	4.945226097923815445e+01
2.990000000000000000e+02	5.410343978936739973e+01
3.000000000000000000e+02	4.710510304461929820e+01
3.010000000000000000e+02	2.565725860957532944e+01
3.020000000000000000e+02	7.235667405906563765e+00
3.030000000000000000e+02	2.008633390414114572e+01
3.040000000000000000e+02	3.918915690906758442e+01
3.050000000000000000e+02	4.941235950812157540e+01
3.060000000000000000e+02	5.092491474801133933e+01
3.070000000000000000e+02	4.335854277598720330e+01
3.080000000000000000e+02	2.560714357396959784e+01
3.090000000000000000e+02	9.155147517969346893e+00
3.100000000000000000e+02	1.578665569362373233e+01
3.110000000000000000e+02	3.278166014646463111e+01
3.120000000000000000e+02	4.424845146441690247e+01
3.130000000000000000e+02	4.863494959163854503e+01
3.140000000000000000e+02	4.670880092332547662e+01
3.150000000000000000e+02	3.810757525258315326e+01
3.160000000000000000e+02	2.326705454818784702e+01
3.170000000000000000e+02	1.076253948188783838e+01
3.180000000000000000e+02	1.421044352837141034e+01
3.190000000000000000e+02	2.791380568013748587e+01
3.200000000000000000e+02	3.938866172056310688e+01
3.210000000000000000e+02	4.535689014815073961e+01
3.220000000000000000e+02	4.627668885683546307e+01
3.230000000000000000e+02	4.247963527401490325e+01
3.240000000000000000e+02	3.382682267575577839e+01
3.250000000000000000e+02	2.147099365487299849e+01
3.260000000000000000e+02	1.171678813710979838e+01
3.270000000000000000e+02	1.339451227012878576e+01
3.280000000000000000e+02	2.423752831193962365e+01
3.290000000000000000e+02	3.509383701821673895e+01
3.300000000000000000e+02	4.185201028799107803e+01
3.310000000000000000e+02	4.429202488010618310e+01
3.320000000000000000e+02	4.284602785988366236e+01
3.330000000000000000e+02	3.764493364864071623e+01
3.340000000000000000e+02	2.884627175097358531e+01
3.350000000000000000e+02	1.819931064721424363e+01
3.360000000000000000e+02	1.117784377251930650e+01
3.370000000000000000e+02	1.367011528708040480e+01
3.380000000000000000e+02	2.339057675688971472e+01
3.390000000000000000e+02	3.329613481818334719e+01
3.400000000000000000e+02	3.974952485007955971e+01
3.410000000000000000e+02	4.230545303100937105e+01
3.420000000000000000e+02	4.132386115397796544e+01
3.430000000000000000e+02	3.702869867920573199e+01
3.440000000000000000e+02	2.958861916763323308e+01
3.450000000000000000e+02	2.001949571056768207e+01
3.460000000000000000e+02	1.180769802790339185e+01
3.470000000000000000e+02	1.044674536414431465e+01
3.480000000000000000e+02	1.737048166212703748e+01
3.490000000000000000e+02	2.743200475419382656e+01
3.500000000000000000e+02	3.552837713806073339e+01
3.510000000000000000e+02	3.995842041351701823e+01
3.520000000000000000e+02	4.082066761575762115e+01
3.530000000000000000e+02	3.849403547251681346e+01
3.540000000000000000e+02	3.322500990740405058e+01
3.550000000000000000e+02	2.539122255416550900e+01
3.560000000000000000e+02	1.634176173039768187e+01
3.570000000000000000e+02	9.508443272026777748e+00
3.580000000000000000e+02	9.404021770151992143e+00
3.590000000000000000e+02	1.663047210807994247e+01
3.600000000000000000e+02	2.645050410535491991e+01
3.610000000000000000e+02	3.429846012220178864e+01
3.620000000000000000e+02	3.857736260196383427e+01
3.630000000000000000e+02	3.939362375019896945e+01
3.640000000000000000e+02	3.720624524359847385e+01
3.650000000000000000e+02	3.237699424365133183e+01
3.660000000000000000e+02	2.531712107825396174e+01
3.670000000000000000e+02	1.705459569678843579e+01
3.680000000000000000e+02	9.950734031751810704e+00
3.690000000000000000e+02	7.460412675442470665e+00
3.700000000000000000e+02	1.145224068793636540e+01
3.710000000000000000e+02	1.970283059149184268e+01
3.720000000000000000e+02	2.808449868875266375e+01
3.730000000000000000e+02	3.399985825862830069e+01
3.740000000000000000e+02	3.680645618351094583e+01
3.750000000000000000e+02	3.674286287864603651e+01
3.760000000000000000e+02	3.420469870163709913e+01
3.770000000000000000e+02	2.957838543439825330e+01
3.780000000000000000e+02	2.337333491033386323e+01
3.790000000000000000e+02	1.648828831610906320e+01
3.800000000000000000e+02	1.046072888926402555e+01
3.810000000000000000e+02	7.284591171656749964e+00
3.820000000000000000e+02	8.364318575856289684e+00
3.830000000000000000e+02	1.327814914749051312e+01
3.840000000000000000e+02	1.994504623928237663e+01
3.850000000000000000e+02	2.613145363634182772e+01
3.860000000000000000e+02	3.051193370073288946e+01
3.870000000000000000e+02	3.264917051207488186e+01
3.880000000000000000e+02	3.259221861408900622e+01
3.890000000000000000e+02	3.059085925606323642e+01
3.900000000000000000e+02	2.698452862966077603e+01
3.910000000000000000e+02	2.220632243728009669e+01
3.920000000000000000e+02	1.686274518366283459e+01
3.930000000000000000e+02	1.182343521587887381e+01
3.940000000000000000e+02	8.178512561703501049e+00
3.950000000000000000e+02	6.934529467208260911e+00
3.960000000000000000e+02	8.517055116186970309e+00
3.970000000000000000e+02	1.245519220878220779e+01
3.980000000000000000e+02	1.759188046173979814e+01
3.990000000000000000e+02	2.265408595490969645e+01
4.000000000000000000e+02	2.669646915567758327e+01
4.010000000000000000e+02	2.921456347031808676e+01
4.020000000000000000e+02	3.005691983734654826e+01
4.030000000000000000e+02	2.929047071566956006e+01
4.040000000000000000e+02	2.709914967868266089e+01
4.050000000000000000e+02	2.375142585403256845e+01
4.060000000000000000e+02	1.962146006631485662e+01
4.070000000000000000e+02	1.521671076762317298e+01
4.080000000000000000e+02	1.117529665300155450e+01
4.090000000000000000e+02	8.202886953919849233e+00
4.100000000000000000e+02	6.916206261123690524e+00
4.110000000000000000e+02	7.622764806983880703e+00
4.120000000000000000e+02	1.017214180107061239e+01
4.130000000000000000e+02	1.399687127985266422e+01
4.140000000000000000e+02	1.832337471428164122e+01
4.150000000000000000e+02	2.241496090271514774e+01
4.160000000000000000e+02	2.572082937836628957e+01
4.170000000000000000e+02	2.790989779792728243e+01
4.180000000000000000e+02	2.883654011819109897e+01
4.190000000000000000e+02	2.848806405436020484e+01
4.200000000000000000e+02	2.694678362642933678e+01
4.210000000000000000e+02	2.437676868141540965e+01
4.220000000000000000e+02	2.102811736313580582e+01
4.230000000000000000e+02	1.724804642764286911e+01
4.240000000000000000e+02	1.348215241121477348e+01
4.250000000000000000e+02	1.024208420296406707e+01
4.260000000000000000e+02	8.025147837405310014e+00
4.270000000000000000e+02	7.202572219793381691e+00
4.280000000000000000e+02	7.918114341221161645e+00
4.290000000000000000e+02	1.004167849937359946e+01
4.300000000000000000e+02	1.320621920974162222e+01
4.310000000000000000e+02	1.691353481907296441e+01
4.320000000000000000e+02	2.065544158819703924e+01
4.330000000000000000e+02	2.400494241740308965e+01
4.340000000000000000e+02	2.665708955074115494e+01
4.350000000000000000e+02	2.842633204469145980e+01
4.360000000000000000e+02	2.921737840994509483e+01
4.370000000000000000e+02	2.899917718890447915e+01
4.380000000000000000e+02	2.779821686191606744e+01
4.390000000000000000e+02	2.570833282841302747e+01
4.400000000000000000e+02	2.289665052484405905e+01
4.410000000000000000e+02	1.960354052587309681e+01
4.420000000000000000e+02	1.613611051868448953e+01
4.430000000000000000e+02	1.286514542139716610e+01
4.440000000000000000e+02	1.019753877795533548e+01
4.450000000000000000e+02	8.511607336135021740e+00
4.460000000000000000e+02	8.058310297758035645e+00
4.470000000000000000e+02	8.892735376171970074e+00
4.480000000000000000e+02	1.087396239622515282e+01
4.490000000000000000e+02	1.371910218286655336e+01
4.500000000000000000e+02	1.707025383929111584e+01
4.510000000000000000e+02	2.054947288711137432e+01
4.520000000000000000e+02	2.381738192280537803e+01
4.530000000000000000e+02	2.661153453856456252e+01
4.540000000000000000e+02	2.875708677861538121e+01
4.550000000000000000e+02	3.015048315294012227e+01
4.560000000000000000e+02	3.073609548644449063e+01
4.570000000000000000e+02	3.049458002313657445e+01
4.580000000000000000e+02	2.944152993348893332e+01
4.590000000000000000e+02	2.763202802656874368e+01
4.600000000000000000e+02	2.516867863824319684e+01
4.610000000000000000e+02	2.221218985826137882e+01
4.620000000000000000e+02	1.899027338407976728e+01
4.630000000000000000e+02	1.579538090109682358e+01
4.640000000000000000e+02	1.296021375920522800e+01
4.650000000000000000e+02	1.081484293919851325e+01
4.660000000000000000e+02	9.634442716426821818e+00
4.670000000000000000e+02	9.582575241007420530e+00
4.680000000000000000e+02	1.066680016327684655e+01
4.690000000000000000e+02	1.272782583182611305e+01
4.700000000000000000e+02	1.548529312374007461e+01
4.710000000000000000e+02	1.861973420467543505e+01
4.720000000000000000e+02	2.184225243630937996e+01
4.730000000000000000e+02	2.491333803774470823e+01
4.740000000000000000e+02	2.764382280710833228e+01
4.750000000000000000e+02	2.987880682317361547e+01
4.760000000000000000e+02	3.150918545520431735e+01
4.770000000000000000e+02	3.247471175807423549e+01
4.780000000000000000e+02	3.275748926109189085e+01
4.790000000000000000e+02	3.236705799189225985e+01
4.800000000000000000e+02	3.132385522585376236e+01
4.810000000000000000e+02	2.966057246459015673e+01
4.820000000000000000e+02	2.743843097226810457e+01
4.830000000000000000e+02	2.476947113513449494e+01
4.840000000000000000e+02	2.182174204029791298e+01
4.850000000000000000e+02	1.881788622396992139e+01
4.860000000000000000e+02	1.601602593659018581e+01
4.870000000000000000e+02	1.368598417857347371e+01
4.880000000000000000e+02	1.207454232499042490e+01
4.890000000000000000e+02	1.136122191690460070e+01
4.900000000000000000e+02	1.162133357964241043e+01
4.910000000000000000e+02	1.281050480727631857e+01
4.920000000000000000e+02	1.477916832922919710e+01
4.930000000000000000e+02	1.730885223200148459e+01
4.940000000000000000e+02	2.015469647688316357e+01
4.950000000000000000e+02	2.308362780794265134e+01
4.960000000000000000e+02	2.589864915592930927e+01
4.970000000000000000e+02	2.844904632585790338e+01
4.980000000000000000e+02	3.062966356182955252e+01
4.990000000000000000e+02	3.236990603216975870e+01
5.000000000000000000e+02	3.362403984173740668e+01
5.010000000000000000e+02	3.436315926745290739e+01
5.020000000000000000e+02	3.457152620469728532e+01
5.030000000000000000e+02	3.424801140717810455e+01
5.040000000000000000e+02	3.340648431005619301e+01
5.050000000000000000e+02	3.207667481254034669e+01
5.060000000000000000e+02	3.030179690979586837e+01
5.070000000000000000e+02	2.814224816009230778e+01
5.080000000000000000e+02	2.568294835257675857e+01
5.090000000000000000e+02	2.304200220708856861e+01
5.100000000000000000e+02	2.038230706077271392e+01
5.110000000000000000e+02	1.790058425435129408e+01
5.120000000000000000e+02	1.580467275977700581e+01
5.130000000000000000e+02	1.428306709288131060e+01
5.140000000000000000e+02	1.347124932439295009e+01
5.150000000000000000e+02	1.343456256124238735e+01
5.160000000000000000e+02	1.416191657652634461e+01
5.170000000000000000e+02	1.557100410398030021e+01
5.180000000000000000e+02	1.752389326237636524e+01
5.190000000000000000e+02	1.984885453837939195e+01
5.200000000000000000e+02	2.236754716602948534e+01
5.210000000000000000e+02	2.491629486493435763e+01
5.220000000000000000e+02	2.735936115669023039e+01
5.230000000000000000e+02	2.959434805544416136e+01
5.240000000000000000e+02	3.154739698132658887e+01
5.250000000000000000e+02	3.316750026243447280e+01
5.260000000000000000e+02	3.442077537417838329e+01
5.270000000000000000e+02	3.528481148769421338e+01
5.280000000000000000e+02	3.574701814147719858e+01
5.290000000000000000e+02	3.580387037193852251e+01
5.300000000000000000e+02	3.545984461968798485e+01
5.310000000000000000e+02	3.472726475909738753e+01
5.320000000000000000e+02	3.362580134938594512e+01
5.330000000000000000e+02	3.218325416308449860e+01
5.340000000000000000e+02	3.043818857532145117e+01
5.350000000000000000e+02	2.844309418385960697e+01
5.360000000000000000e+02	2.626769782288119615e+01
5.370000000000000000e+02	2.400155855583364684e+01
5.380000000000000000e+02	2.175392213715231904e+01
5.390000000000000000e+02	1.964982967900996869e+01
5.400000000000000000e+02	1.782190835743644897e+01
5.410000000000000000e+02	1.639773736579378038e+01
5.420000000000000000e+02	1.548168807258474189e+01
5.430000000000000000e+02	1.513903647067608205e+01
5.440000000000000000e+02	1.538621411401490846e+01
5.450000000000000000e+02	1.619016914730089596e+01
5.460000000000000000e+02	1.747825842334991719e+01
5.470000000000000000e+02	1.915127555184813346e+01
5.480000000000000000e+02	2.109677704169496337e+01
5.490000000000000000e+02	2.320108161163936344e+01
5.500000000000000000e+02	2.535553766937087516e+01
5.510000000000000000e+02	2.746168267814236330e+01
5.520000000000000000e+02	2.943873512962187888e+01
5.530000000000000000e+02	3.122507920241933732e+01
5.540000000000000000e+02	3.277727095098448018e+01
5.550000000000000000e+02	3.406971644775293839e+01
5.560000000000000000e+02	3.508936969900767622e+01
5.570000000000000000e+02	3.582904990581191385e+01
5.580000000000000000e+02	3.628488281087544465e+01
5.590000000000000000e+02	3.645470300307210465e+01
5.600000000000000000e+02	3.633758315223468571e+01
5.610000000000000000e+02	3.593598698604205310e+01
5.620000000000000000e+02	3.525722897218219032e+01
5.630000000000000000e+02	3.431417718808725681e+01
5.640000000000000000e+02	3.312620064189326285e+01
5.650000000000000000e+02	3.171889918402270325e+01
5.660000000000000000e+02	3.012351791682418423e+01
5.670000000000000000e+02	2.837895068615209482e+01
5.680000000000000000e+02	2.653303790858292999e+01
5.690000000000000000e+02	2.464329577290289919e+01
5.700000000000000000e+02	2.277772464751469528e+01
5.710000000000000000e+02	2.101391371214478099e+01
5.720000000000000000e+02	1.943354349586333285e+01
5.730000000000000000e+02	1.811608813978510213e+01
5.740000000000000000e+02	1.713145502838887424e+01
5.750000000000000000e+02	1.653244402665244550e+01
5.760000000000000000e+02	1.634852836730270198e+01
5.770000000000000000e+02	1.658319490257942519e+01
5.780000000000000000e+02	1.721431097326290782e+01
5.790000000000000000e+02	1.819754918508152741e+01
5.800000000000000000e+02	1.947219958744372903e+01
5.810000000000000000e+02	2.096851622451116626e+01
5.820000000000000000e+02	2.261432194268109797e+01
5.830000000000000000e+02	2.434000234305938548e+01
5.840000000000000000e+02	2.608223306661441399e+01
5.850000000000000000e+02	2.778614627706367912e+01
5.860000000000000000e+02	2.940598322610399151e+01
5.870000000000000000e+02	3.090484802160554167e+01
5.880000000000000000e+02	3.225439198925743511e+01
5.890000000000000000e+02	3.343373559754277835e+01
5.900000000000000000e+02	3.442818887446410514e+01
5.910000000000000000e+02	3.522800074258341851e+01
5.920000000000000000e+02	3.582714822454645542e+01
5.930000000000000000e+02	3.622246976179956590e+01
5.940000000000000000e+02	3.641310122802805438e+01
5.950000000000000000e+02	3.640004872639801192e+01
5.960000000000000000e+02	3.618596754207489141e+01
5.970000000000000000e+02	3.577515884016760594e+01
5.980000000000000000e+02	3.517379478163082496e+01
5.990000000000000000e+02	3.439007457709625015e+01
6.000000000000000000e+02	3.343459353197385298e+01
6.010000000000000000e+02	3.232087024014305854e+01
6.020000000000000000e+02	3.106593774780365180e+01
6.030000000000000000e+02	2.969086557451339203e+01
6.040000000000000000e+02	2.822117798469904315e+01
6.050000000000000000e+02	2.668747400917759194e+01
6.060000000000000000e+02	2.512558836146850538e+01
6.070000000000000000e+02	2.357627020407928242e+01
6.080000000000000000e+02	2.208429582062809615e+01
6.090000000000000000e+02	2.069692280689596231e+01
6.100000000000000000e+02	1.946156962121042255e+01
6.110000000000000000e+02	1.842295854592299165e+01
6.120000000000000000e+02	1.762011147547432088e+01
6.130000000000000000e+02	1.708345477138400170e+01
6.140000000000000000e+02	1.683242675176849446e+01
6.150000000000000000e+02	1.687402606484685919e+01
6.160000000000000000e+02	1.720238317535908479e+01
6.170000000000000000e+02	1.779921136944805227e+01
6.180000000000000000e+02	1.863553155612699186e+01
6.190000000000000000e+02	1.967422763803701358e+01
6.200000000000000000e+02	2.087300954537392172e+01
6.210000000000000000e+02	2.218748485256051595e+01
6.220000000000000000e+02	2.357412851953132460e+01
6.230000000000000000e+02	2.499223681261648977e+01
6.240000000000000000e+02	2.640521057004252370e+01
6.250000000000000000e+02	2.778126812679875712e+01
6.260000000000000000e+02	2.909365757806647323e+01
6.270000000000000000e+02	3.032042700124525325e+01
6.280000000000000000e+02	3.144359049020532026e+01
6.290000000000000000e+02	3.244892766263779293e+01
6.300000000000000000e+02	3.332570221868820681e+01
6.310000000000000000e+02	3.406614205422181385e+01
6.320000000000000000e+02	3.466494497521979667e+01
6.330000000000000000e+02	3.511884537210388402e+01
6.340000000000000000e+02	3.542640050395758777e+01
6.350000000000000000e+02	3.558765132404734999e+01
6.360000000000000000e+02	3.560363338632890162e+01
6.370000000000000000e+02	3.547621405181361354e+01
6.380000000000000000e+02	3.520802693696925445e+01
6.390000000000000000e+02	3.480248033342542158e+01
6.400000000000000000e+02	3.426383248143564941e+01
6.410000000000000000e+02	3.359735099042114115e+01
6.420000000000000000e+02	3.280955903747703672e+01
6.430000000000000000e+02	3.190847976965271826e+01
6.440000000000000000e+02	3.090389712395528576e+01
6.450000000000000000e+02	2.980762546649815903e+01
6.460000000000000000e+02	2.863376404598313485e+01
6.470000000000000000e+02	2.739891335241430070e+01
6.480000000000000000e+02	2.612230828691995299e+01
6.490000000000000000e+02	2.482579930715265704e+01
6.500000000000000000e+02	2.353367902734030181e+01
6.510000000000000000e+02	2.227230492071434753e+01
6.520000000000000000e+02	2.106948861398223372e+01
6.530000000000000000e+02	1.995364393706998030e+01
6.540000000000000000e+02	1.895269694745650213e+01
6.550000000000000000e+02	1.809290463865188769e+01
6.560000000000000000e+02	1.739761552728129956e+01
6.570000000000000000e+02	1.688598157949431311e+01
6.580000000000000000e+02	1.657182993924227077e+01
6.590000000000000000e+02	1.646281375030030603e+01
6.600000000000000000e+02	1.655993912157325099e+01
6.610000000000000000e+02	1.685746813086316465e+01
6.620000000000000000e+02	1.734329243172804524e+01
6.630000000000000000e+02	1.799980168776124145e+01
6.640000000000000000e+02	1.880502372661573673e+01
6.650000000000000000e+02	1.973393177740839732e+01
6.660000000000000000e+02	2.075978729360954489e+01
6.670000000000000000e+02	2.185540131780775397e+01
6.680000000000000000e+02	2.299425593522565947e+01
6.690000000000000000e+02	2.415137609728742873e+01
6.700000000000000000e+02	2.530390046296412621e+01
6.710000000000000000e+02	2.643145435028107926e+01
6.720000000000000000e+02	2.751632267840603419e+01
6.730000000000000000e+02	2.854345882958705261e+01
6.740000000000000000e+02	2.950037115421240586e+01
6.750000000000000000e+02	3.037691030873652664e+01
6.760000000000000000e+02	3.116501034161086636e+01
6.770000000000000000e+02	3.185846650752973730e+01
6.780000000000000000e+02	3.245268170598848911e+01
6.790000000000000000e+02	3.294442191744376203e+01
6.800000000000000000e+02	3.333159614490413958e+01
6.810000000000000000e+02	3.361306680812666059e+01
6.820000000000000000e+02	3.378849081011050259e+01
6.830000000000000000e+02	3.385817404176966505e+01
6.840000000000000000e+02	3.382297928627012595e+01
6.850000000000000000e+02	3.368427816409700171e+01
6.860000000000000000e+02	3.344392874205546207e+01
6.870000000000000000e+02	3.310428153929969852e+01
6.880000000000000000e+02	3.266821161738114654e+01
6.890000000000000000e+02	3.213917427494915557e+01
6.900000000000000000e+02	3.152129968715457053e+01
6.910000000000000000e+02	3.081950342649639296e+01
6.920000000000000000e+02	3.003954672295546047e+01
6.930000000000000000e+02	2.918813734783185510e+01
6.940000000000000000e+02	2.827303665127159960e+01
6.950000000000000000e+02	2.730315843583360191e+01
6.960000000000000000e+02	2.628864972190467952e+01
6.970000000000000000e+02	2.524094200573370372e+01
6.980000000000000000e+02	2.417276815250261635e+01
6.990000000000000000e+02	2.309814257810465321e+01
7.000000000000000000e+02	2.203225435632332463e+01
7.010000000000000000e+02	2.099126798146559025e+01
7.020000000000000000e+02	1.999203359230849841e+01
7.030000000000000000e+02	1.905170536028406403e+01
7.040000000000000000e+02	1.818727458433782473e+01
7.050000000000000000e+02	1.741503130942165711e+01
7.060000000000000000e+02	1.674992757737286198e+01
7.070000000000000000e+02	1.620495329408255714e+01
7.080000000000000000e+02	1.579063472816766023e+01
7.090000000000000000e+02	1.551459244380455260e+01
7.100000000000000000e+02	1.538121797595371376e+01
7.110000000000000000e+02	1.539149925358798754e+01
7.120000000000000000e+02	1.554301029260119194e+01
7.130000000000000000e+02	1.583006835437985060e+01
7.140000000000000000e+02	1.624413547057991281e+01
7.150000000000000000e+02	1.677424962057857627e+01
7.160000000000000000e+02	1.740736736294000053e+01
7.170000000000000000e+02	1.812887544795197670e+01
7.180000000000000000e+02	1.892313173062216336e+01
7.190000000000000000e+02	1.977399220470868002e+01
7.200000000000000000e+02	2.066529551121943342e+01
7.210000000000000000e+02	2.158128365849326258e+01
7.220000000000000000e+02	2.250692444977300255e+01
7.230000000000000000e+02	2.342820389859762642e+01
7.240000000000000000e+02	2.433241905441148489e+01
7.250000000000000000e+02	2.520829447375750476e+01
7.260000000000000000e+02	2.604601530440726620e+01
7.270000000000000000e+02	2.683720321772442219e+01
7.280000000000000000e+02	2.757484950005266811e+01
7.290000000000000000e+02	2.825321857728082975e+01
7.300000000000000000e+02	2.886772625530544900e+01
7.310000000000000000e+02	2.941473083665930943e+01
7.320000000000000000e+02	2.989139032068196400e+01
7.330000000000000000e+02	3.029558472386562684e+01
7.340000000000000000e+02	3.062582141990856144e+01
7.350000000000000000e+02	3.088115110457047052e+01
7.360000000000000000e+02	3.106109599840736024e+01
7.370000000000000000e+02	3.116559081433444689e+01
7.380000000000000000e+02	3.119493657149521937e+01
7.390000000000000000e+02	3.114980207038672333e+01
7.400000000000000000e+02	3.103131806135550264e+01
7.410000000000000000e+02	3.084097475413572553e+01
7.420000000000000000e+02	3.058057797050723892e+01
7.430000000000000000e+02	3.025224666546179719e+01
7.440000000000000000e+02	2.985841893052323215e+01
7.450000000000000000e+02	2.940186527327487909e+01
7.460000000000000000e+02	2.888570783926694219e+01
7.470000000000000000e+02	2.831344406976099393e+01
7.480000000000000000e+02	2.768893947895871932e+01
7.490000000000000000e+02	2.701638830733496022e+01
7.500000000000000000e+02	2.630042670194775312e+01
7.510000000000000000e+02	2.554618550951031963e+01
7.520000000000000000e+02	2.475932003220661315e+01
7.530000000000000000e+02	2.394603194202662522e+01
7.540000000000000000e+02	2.311308016963912593e+01
7.550000000000000000e+02	2.226777739841596215e+01
7.560000000000000000e+02	2.141796874741751111e+01
7.570000000000000000e+02	2.057200590440787735e+01
7.580000000000000000e+02	1.973872523386058120e+01
7.590000000000000000e+02	1.892729168843228749e+01
7.600000000000000000e+02	1.814705067927577886e+01
7.610000000000000000e+02	1.740737080394873004e+01
7.620000000000000000e+02	1.671746298705239653e+01
7.630000000000000000e+02	1.608618084564221462e+01
7.640000000000000000e+02	1.552180909008805898e+01
7.650000000000000000e+02	1.503184857049952328e+01
7.660000000000000000e+02	1.462280726779118467e+01
7.670000000000000000e+02	1.430001252695405611e+01
7.680000000000000000e+02	1.406747991908008366e+01
7.690000000000000000e+02	1.392779861396157060e+01
7.700000000000000000e+02	1.388204639653708838e+01
7.710000000000000000e+02	1.392975191259987788e+01
7.720000000000000000e+02	1.406890701241635000e+01
7.730000000000000000e+02	1.429602887572044523e+01
7.740000000000000000e+02	1.460626853494350641e+01
7.750000000000000000e+02	1.499355964253409823e+01
7.760000000000000000e+02	1.545077638409187060e+01
7.770000000000000000e+02	1.596989218900797525e+01
7.780000000000000000e+02	1.654225837341072491e+01
7.790000000000000000e+02	1.715884657268940572e+01
7.800000000000000000e+02	1.781046912898358059e+01
7.810000000000000000e+02	1.848798128993473355e+01
7.820000000000000000e+02	1.918245910751080174e+01
7.830000000000000000e+02	1.988534914129073172e+01
7.840000000000000000e+02	2.058858817792776463e+01
7.850000000000000000e+02	2.128469321317806617e+01
7.860000000000000000e+02	2.196683364773405600e+01
7.870000000000000000e+02	2.262885463042458056e+01
7.880000000000000000e+02	2.326525382783800566e+01
7.890000000000000000e+02	2.387117374714422269e+01
7.900000000000000000e+02	2.444238378146064150e+01
7.910000000000000000e+02	2.497525221458053934e+01
7.920000000000000000e+02	2.546671110827087858e+01
7.930000000000000000e+02	2.591421665344272895e+01
7.940000000000000000e+02	2.631570718808135467e+01
7.950000000000000000e+02	2.666956078295391919e+01
7.960000000000000000e+02	2.697457279164513366e+01
7.970000000000000000e+02	2.722995057322883738e+01
7.980000000000000000e+02	2.743524987519583291e+01
7.990000000000000000e+02	2.759033235542777618e+01
8.000000000000000000e+02	2.769533150335348637e+01
8.010000000000000000e+02	2.775062257121729559e+01
8.020000000000000000e+02	2.775679659645175335e+01
8.030000000000000000e+02	2.771463846860190472e+01
8.040000000000000000e+02	2.762510889855874296e+01
8.050000000000000000e+02	2.748933007788783556e+01
8.060000000000000000e+02	2.730856397418611436e+01
8.070000000000000000e+02	2.708415973198133742e+01
8.080000000000000000e+02	2.681759472722564652e+01
8.090000000000000000e+02	2.651049604263735304e+01
8.100000000000000000e+02	2.616464343369637646e+01
8.110000000000000000e+02	2.578197383262591558e+01
8.120000000000000000e+02	2.536458700200404692e+01
8.130000000000000000e+02	2.491475190059904676e+01
8.140000000000000000e+02	2.443491328694725695e+01
8.150000000000000000e+02	2.392769804684832025e+01
8.160000000000000000e+02	2.339592064165104190e+01
8.170000000000000000e+02	2.284258145869237211e+01
8.180000000000000000e+02	2.227085449737561262e+01
8.190000000000000000e+02	2.168408636034204306e+01
8.200000000000000000e+02	2.108579445026961352e+01
8.210000000000000000e+02	2.047966161986008871e+01
8.220000000000000000e+02	1.986952703347049010e+01
8.230000000000000000e+02	1.925937272316493676e+01
8.240000000000000000e+02	1.865330538634004753e+01
8.250000000000000000e+02	1.805553306439917804e+01
8.260000000000000000e+02	1.747033646463642853e+01
8.270000000000000000e+02	1.690203516317114918e+01
8.280000000000000000e+02	1.635496030894822539e+01
8.290000000000000000e+02	1.583341317062096110e+01
8.300000000000000000e+02	1.534159872680709924e+01
8.310000000000000000e+02	1.488356910303031100e+01
8.320000000000000000e+02	1.446316544726755815e+01
8.330000000000000000e+02	1.408395856539600288e+01
8.340000000000000000e+02	1.374918992763858050e+01
8.350000000000000000e+02	1.346171481561141015e+01
8.360000000000000000e+02	1.322394946674997129e+01
8.370000000000000000e+02	1.303782407474306559e+01
8.380000000000000000e+02	1.290474341199517738e+01
8.390000000000000000e+02	1.282555665026849212e+01
8.400000000000000000e+02	1.280053767299234835e+01
8.410000000000000000e+02	1.282937680931607716e+01
8.420000000000000000e+02	1.291118449492013731e+01
8.430000000000000000e+02	1.304450690262738988e+01
8.440000000000000000e+02	1.322735311542145631e+01
8.450000000000000000e+02	1.345723296506385580e+01
8.460000000000000000e+02	1.373120425908975051e+01
8.470000000000000000e+02	1.404592779138072167e+01
8.480000000000000000e+02	1.439772829312756564e+01
8.490000000000000000e+02	1.478265931978477710e+01
8.500000000000000000e+02	1.519657013807433188e+01
8.510000000000000000e+02	1.563517264712834631e+01
8.520000000000000000e+02	1.609410646418764301e+01
8.530000000000000000e+02	1.656900063562078884e+01
8.540000000000000000e+02	1.705553066557616759e+01
8.550000000000000000e+02	1.754946992740677558e+01
8.560000000000000000e+02	1.804673562632683925e+01
8.570000000000000000e+02	1.854342664159073450e+01
8.580000000000000000e+02	1.903585380568647167e+01
8.590000000000000000e+02	1.952056409182137031e+01
8.600000000000000000e+02	1.999435830441096584e+01
8.610000000000000000e+02	2.045430271861873806e+01
8.620000000000000000e+02	2.089773524628840207e+01
8.630000000000000000e+02	2.132226677783361168e+01
8.640000000000000000e+02	2.172577838564047781e+01
8.650000000000000000e+02	2.210641507969884501e+01
8.660000000000000000e+02	2.246257678642133016e+01
8.670000000000000000e+02	2.279290718275981220e+01
8.680000000000000000e+02	2.309628096540638964e+01
8.690000000000000000e+02	2.337179007395927499e+01
8.700000000000000000e+02	2.361872932167759842e+01
8.710000000000000000e+02	2.383658182125898861e+01
8.720000000000000000e+02	2.402500452860160962e+01
8.730000000000000000e+02	2.418381416667100936e+01
8.740000000000000000e+02	2.431297373569842435e+01
8.750000000000000000e+02	2.441257976571747434e+01
8.760000000000000000e+02	2.448285042327681893e+01
8.770000000000000000e+02	2.452411454599536356e+01
8.780000000000000000e+02	2.453680164625228599e+01
8.790000000000000000e+02	2.452143289828086026e+01
8.800000000000000000e+02	2.447861310077035313e+01
8.810000000000000000e+02	2.440902358917951886e+01
8.820000000000000000e+02	2.431341605775399728e+01
8.830000000000000000e+02	2.419260724016919539e+01
8.840000000000000000e+02	2.404747438917487301e+01
8.850000000000000000e+02	2.387895148921843713e+01
8.860000000000000000e+02	2.368802613121538414e+01
8.870000000000000000e+02	2.347573697512245516e+01
8.880000000000000000e+02	2.324317172341012849e+01
8.890000000000000000e+02	2.299146552661943588e+01
8.900000000000000000e+02	2.272179974079265108e+01
8.910000000000000000e+02	2.243540095548091529e+01
8.920000000000000000e+02	2.213354021020814244e+01
8.930000000000000000e+02	2.181753231654474590e+01
8.940000000000000000e+02	2.148873520251506974e+01
8.950000000000000000e+02	2.114854919571483904e+01
8.960000000000000000e+02	2.079841616155016482e+01
8.970000000000000000e+02	2.043981841336156080e+01
8.980000000000000000e+02	2.007427731214196243e+01
8.990000000000000000e+02	1.970335147518438745e+01
9.000000000000000000e+02	1.932863451549888367e+01
9.010000000000000000e+02	1.895175223750299054e+01
9.020000000000000000e+02	1.857435921940833978e+01
9.030000000000000000e+02	1.819813471925261084e+01
9.040000000000000000e+02	1.782477784972725132e+01
9.050000000000000000e+02	1.745600197711539892e+01
9.060000000000000000e+02	1.709352831182580346e+01
9.070000000000000000e+02	1.673907867237342373e+01
9.080000000000000000e+02	1.639436742107906753e+01
9.090000000000000000e+02	1.606109258834426967e+01
9.100000000000000000e+02	1.574092622273485631e+01
9.110000000000000000e+02	1.543550402615912276e+01
9.120000000000000000e+02	1.514641435661555491e+01
9.130000000000000000e+02	1.487518670484164574e+01
9.140000000000000000e+02	1.462327977503762710e+01
9.150000000000000000e+02	1.439206932291896734e+01
9.160000000000000000e+02	1.418283592580121599e+01
9.170000000000000000e+02	1.399675287830881310e+01
9.180000000000000000e+02	1.383487442276757307e+01
9.190000000000000000e+02	1.369812453433161181e+01
9.200000000000000000e+02	1.358728648674322770e+01
9.210000000000000000e+02	1.350299342444364470e+01
9.220000000000000000e+02	1.344572016013985660e+01
9.230000000000000000e+02	1.341577640349991007e+01
9.240000000000000000e+02	1.341330160635619961e+01
9.250000000000000000e+02	1.343826158298125861e+01
9.260000000000000000e+02	1.349044703107897014e+01
9.270000000000000000e+02	1.356947404113039468e+01
9.280000000000000000e+02	1.367478663963935581e+01
9.290000000000000000e+02	1.380566136712584679e+01
9.300000000000000000e+02	1.396121384586650649e+01
9.310000000000000000e+02	1.414040724706399743e+01
9.320000000000000000e+02	1.434206252396778680e+01
9.330000000000000000e+02	1.456487023802246128e+01
9.340000000000000000e+02	1.480740377082158687e+01
9.350000000000000000e+02	1.506813368664716890e+01
9.360000000000000000e+02	1.534544298957322539e+01
9.370000000000000000e+02	1.563764300606456814e+01
9.380000000000000000e+02	1.594298961891731636e+01
9.390000000000000000e+02	1.625969958110808378e+01
9.400000000000000000e+02	1.658596664821489597e+01
9.410000000000000000e+02	1.691997728476966145e+01
9.420000000000000000e+02	1.725992572224835797e+01
9.430000000000000000e+02	1.760402817326385261e+01
9.440000000000000000e+02	1.795053603667172126e+01
9.450000000000000000e+02	1.829774796047583152e+01
9.460000000000000000e+02	1.864402066242002931e+01
9.470000000000000000e+02	1.898777844082028921e+01
9.480000000000000000e+02	1.932752133957838936e+01
9.490000000000000000e+02	1.966183196051900595e+01
9.500000000000000000e+02	1.998938094261105647e+01
9.510000000000000000e+02	2.030893115076143829e+01
9.520000000000000000e+02	2.061934063640840975e+01
9.530000000000000000e+02	2.091956444800496229e+01
9.540000000000000000e+02	2.120865538162910013e+01
9.550000000000000000e+02	2.148576377058729747e+01
9.560000000000000000e+02	2.175013641821844601e+01
9.570000000000000000e+02	2.200111478044848567e+01
9.580000000000000000e+02	2.223813250439748401e+01
9.590000000000000000e+02	2.246071242687676772e+01
9.600000000000000000e+02	2.266846313230518817e+01
9.610000000000000000e+02	2.286107516387022187e+01
9.620000000000000000e+02	2.303831697495162345e+01
9.630000000000000000e+02	2.320003070032234760e+01
9.640000000000000000e+02	2.334612781867675224e+01
9.650000000000000000e+02	2.347658476992809895e+01
9.660000000000000000e+02	2.359143858260971172e+01
9.670000000000000000e+02	2.369078255885743189e+01
9.680000000000000000e+02	2.377476205693366040e+01
9.690000000000000000e+02	2.384357040418580809e+01
9.700000000000000000e+02	2.389744496679495001e+01
9.710000000000000000e+02	2.393666339669481147e+01
9.720000000000000000e+02	2.396154007068123093e+01
9.730000000000000000e+02	2.397242273190315842e+01
9.740000000000000000e+02	2.396968933976695126e+01
9.750000000000000000e+02	2.395374513057450727e+01
9.760000000000000000e+02	2.392501988811360292e+01
9.770000000000000000e+02	2.388396542076490547e+01
9.780000000000000000e+02	2.383105323945179421e+01
9.790000000000000000e+02	2.376677242896726838e+01
9.800000000000000000e+02	2.369162770375094951e+01
9.810000000000000000e+02	2.360613763803057452e+01
9.820000000000000000e+02	2.351083305936740686e+01
9.830000000000000000e+02	2.340625559402656819e+01
9.840000000000000000e+02	2.329295635211230220e+01
9.850000000000000000e+02	2.317149474018368949e+01
9.860000000000000000e+02	2.304243738888396820e+01
9.870000000000000000e+02	2.290635718315072467e+01
9.880000000000000000e+02	2.276383238261201569e+01
9.890000000000000000e+02	2.261544581996038872e+01
9.900000000000000000e+02	2.246178416529379618e+01
9.910000000000000000e+02	2.230343724470704103e+01
9.920000000000000000e+02	2.214099740167499419e+01
9.930000000000000000e+02	2.197505889019789294e+01
9.940000000000000000e+02	2.180621728896568001e+01
9.950000000000000000e+02	2.163506892623339439e+01
9.960000000000000000e+02	2.146221030554324471e+01
9.970000000000000000e+02	2.128823752285763504e+01
9.980000000000000000e+02	2.111374566612887449e+01
9.990000000000000000e+02	2.093932818887969205e+01
1.000000000000000000e+03	2.076557624990245543e+01
1.001000000000000000e+03	2.059307801174136543e+01
1.002000000000000000e+03	2.042241789130003937e+01
1.003000000000000000e+03	2.025417575657490943e+01
1.004000000000000000e+03	2.008892606422429949e+01
1.005000000000000000e+03	1.992723693357157799e+01
1.006000000000000000e+03	1.976966915338051933e+01
1.007000000000000000e+03	1.961677511881286762e+01
1.008000000000000000e+03	1.946909769686853764e+01
1.009000000000000000e+03	1.932716901978395541e+01
1.010000000000000000e+03	1.919150920695469864e+01
1.011000000000000000e+03	1.906262501721810310e+01
1.012000000000000000e+03	1.894100843462518924e+01
1.013000000000000000e+03	1.882713519214136255e+01
1.014000000000000000e+03	1.872146323919275090e+01
1.015000000000000000e+03	1.862443116034950208e+01
1.016000000000000000e+03	1.853645655393312097e+01
1.017000000000000000e+03	1.845793438081032534e+01
1.018000000000000000e+03	1.838923529504291210e+01
1.019000000000000000e+03	1.833070396950721204e+01
1.020000000000000000e+03	1.828265743089412965e+01
1.021000000000000000e+03	1.824538341975461364e+01
1.022000000000000000e+03	1.821913879234546485e+01
1.023000000000000000e+03	1.820414798195596973e+01
1.024000000000000000e+03	1.820060153817009763e+01
1.025000000000000000e+03	1.820865476299227836e+01
1.026000000000000000e+03	1.822842646306006031e+01
1.027000000000000000e+03	1.825999783712921953e+01
1.028000000000000000e+03	1.830341151769394870e+01
1.029000000000000000e+03	1.835867078495128979e+01
1.030000000000000000e+03	1.842573897033102526e+01
1.031000000000000000e+03	1.850453906549598670e+01
1.032000000000000000e+03	1.859495355103365455e+01
1.033000000000000000e+03	1.869682445708539831e+01
1.034000000000000000e+03	1.880995366582879669e+01
1.035000000000000000e+03	1.893410346317570969e+01
1.036000000000000000e+03	1.906899734419435077e+01
1.037000000000000000e+03	1.921432107373281184e+01
1.038000000000000000e+03	1.936972400057062060e+01
1.039000000000000000e+03	1.953482062012216147e+01
1.040000000000000000e+03	1.970919237743920505e+01
1.041000000000000000e+03	1.989238969901244758e+01
1.042000000000000000e+03	2.008393423869415528e+01
1.043000000000000000e+03	2.028332132012281974e+01
1.044000000000000000e+03	2.049002255526569982e+01
1.045000000000000000e+03	2.070348861626134962e+01
1.046000000000000000e+03	2.092315213566651266e+01
1.047000000000000000e+03	2.114843070848919737e+01
1.048000000000000000e+03	2.137872996814823168e+01
1.049000000000000000e+03	2.161344670767133636e+01
1.050000000000000000e+03	2.185197201711270054e+01
1.051000000000000000e+03	2.209369440828771758e+01
1.052000000000000000e+03	2.233800289851913234e+01
1.053000000000000000e+03	2.258429002611323000e+01
1.054000000000000000e+03	2.283195477172243315e+01
1.055000000000000000e+03	2.308040536155603917e+01
1.056000000000000000e+03	2.332906193053056398e+01
1.057000000000000000e+03	2.357735902584396825e+01
1.058000000000000000e+03	2.382474793407742908e+01
1.059000000000000000e+03	2.407069881766555142e+01
1.060000000000000000e+03	2.431470264945335558e+01
1.061000000000000000e+03	2.455627293692339919e+01
1.062000000000000000e+03	2.479494723053683103e+01
1.063000000000000000e+03	2.503028841342917232e+01
1.064000000000000000e+03	2.526188577234618293e+01
1.065000000000000000e+03	2.548935585221204647e+01
1.066000000000000000e+03	2.571234309902318316e+01
1.067000000000000000e+03	2.593052029782930745e+01
1.068000000000000000e+03	2.614358881440109528e+01
1.069000000000000000e+03	2.635127865076274745e+01
1.070000000000000000e+03	2.655334832605977269e+01
1.071000000000000000e+03	2.674958459531194066e+01
1.072000000000000000e+03	2.693980201935402974e+01
1.073000000000000000e+03	2.712384239985043877e+01
1.074000000000000000e+03	2.730157409353868303e+01
1.075000000000000000e+03	2.747289119770000099e+01
1.076000000000000000e+03	2.763771257193460329e+01
1.077000000000000000e+03	2.779598098237488557e+01
1.078000000000000000e+03	2.794766212467111899e+01
1.079000000000000000e+03	2.809274354481573965e+01
1.080000000000000000e+03	2.823123351946625448e+01
1.081000000000000000e+03	2.836315990737282533e+01
1.082000000000000000e+03	2.848856898266353710e+01
1.083000000000000000e+03	2.860752425989454650e+01
1.084000000000000000e+03	2.872010531987348969e+01
1.085000000000000000e+03	2.882640664439674438e+01
1.086000000000000000e+03	2.892653646714382631e+01
1.087000000000000000e+03	2.902061564709431707e+01
1.088000000000000000e+03	2.910877656999112517e+01
1.089000000000000000e+03	2.919116208257462119e+01
1.090000000000000000e+03	2.926792446350423660e+01
1.091000000000000000e+03	2.933922443420557968e+01
1.092000000000000000e+03	2.940523021216108290e+01
1.093000000000000000e+03	2.946611660856603265e+01
1.094000000000000000e+03	2.952206417169104569e+01
1.095000000000000000e+03	2.957325837676812341e+01
1.096000000000000000e+03	2.961988886277173449e+01
1.097000000000000000e+03	2.966214871602826619e+01
1.098000000000000000e+03	2.970023380023674520e+01
1.099000000000000000e+03	2.973434213218699540e+01
1.100000000000000000e+03	2.976467330212881279e+01
