Wavelength(nm)	Response
2.500000000000000000e+02	4.471416691639345942e+01
2.510000000000000000e+02	8.821053904153512093e+00
2.520000000000000000e+02	3.389482290940240716e+01
2.530000000000000000e+02	4.165229233894587679e+01
2.540000000000000000e+02	1.736599329093876420e+01
2.550000000000000000e+02	1.198895039489721093e+01
2.560000000000000000e+02	3.597148832011360753e+01
2.570000000000000000e+02	2.764221081549244019e+01
2.580000000000000000e+02	8.677417903761078577e+00
2.590000000000000000e+02	1.773021688563827780e+01
2.600000000000000000e+02	3.351541349215823118e+01
2.610000000000000000e+02	2.635116705851738317e+01
2.620000000000000000e+02	9.939428983203754342e+00
2.630000000000000000e+02	1.132411070113151297e+01
2.640000000000000000e+02	2.941984173560167903e+01
2.650000000000000000e+02	3.399079336705475640e+01
2.660000000000000000e+02	2.013448099590338813e+01
2.670000000000000000e+02	6.246175922836701311e+00
2.680000000000000000e+02	1.751606864837514621e+01
2.690000000000000000e+02	3.686748011962831839e+01
2.700000000000000000e+02	3.815781839317438084e+01
2.710000000000000000e+02	1.918484248638659651e+01
2.720000000000000000e+02	5.553070000034869835e+00
2.730000000000000000e+02	2.245681087528861042e+01
2.740000000000000000e+02	4.318077119675144360e+01
2.750000000000000000e+02	4.756675997777200138e+01
2.760000000000000000e+02	3.115342787618580189e+01
2.770000000000000000e+02	7.413525163995450917e+00
2.780000000000000000e+02	1.377003190020517920e+01
2.790000000000000000e+02	3.733420211509837827e+01
2.800000000000000000e+02	5.267316932009338615e+01
2.810000000000000000e+02	5.417924766451953644e+01
2.820000000000000000e+02	3.659290230535400923e+01
2.830000000000000000e+02	7.913309134790264210e+00
2.840000000000000000e+02	1.688329397999818937e+01
2.850000000000000000e+02	4.266550292918709886e+01
2.860000000000000000e+02	5.690336360437385821e+01
2.870000000000000000e+02	5.724568548651988209e+01
2.880000000000000000e+02	3.668496921337104766e+01
2.890000000000000000e+02	6.074206925659026979e+00
2.900000000000000000e+02	2.382892250434496617e+01
2.910000000000000000e+02	4.748622647913978057e+01
2.920000000000000000e+02	5.720336915171728975e+01
2.930000000000000000e+02	5.431074288789766058e+01
2.940000000000000000e+02	3.346900191514595235e+01
2.950000000000000000e+02	5.961362022702447305e+00
2.960000000000000000e+02	2.121818613998207326e+01
2.970000000000000000e+02	4.365197029989040090e+01
2.980000000000000000e+02	5.363235327064086277e+01
2.990000000000000000e+02	5.330072554423163211e+01
3.000000000000000000e+02	4.089351818425236473e+01
3.010000000000000000e+02	1.538137260704455045e+01
3.020000000000000000e+02	8.411284778312747790e+00
3.030000000000000000e+02	2.970612537270562115e+01
3.040000000000000000e+02	4.556930056714003996e+01
3.050000000000000000e+02	5.132461733471409104e+01
3.060000000000000000e+02	4.879586867167733288e+01
3.070000000000000000e+02	3.693100511666244046e+01
3.080000000000000000e+02	1.650398981504389440e+01
3.090000000000000000e+02	7.697901021894546503e+00
3.100000000000000000e+02	2.291782955662029053e+01
3.110000000000000000e+02	3.887689088032173856e+01
3.120000000000000000e+02	4.677128427077998651e+01
3.130000000000000000e+02	4.781171167962794044e+01
3.140000000000000000e+02	4.268315393294130899e+01
3.150000000000000000e+02	3.091729159462985876e+01
3.160000000000000000e+02	1.512786987242795256e+01
3.170000000000000000e+02	8.531219293485728272e+00
3.180000000000000000e+02	1.897629696058135096e+01
3.190000000000000000e+02	3.308564801347446149e+01
3.200000000000000000e+02	4.193066816677472275e+01
3.210000000000000000e+02	4.505427352799238605e+01
3.220000000000000000e+02	4.332683809188542057e+01
3.230000000000000000e+02	3.695283095878329505e+01
3.240000000000000000e+02	2.612379044916605864e+01
3.250000000000000000e+02	1.389746139405066749e+01
3.260000000000000000e+02	8.963906734427871115e+00
3.270000000000000000e+02	1.633746034962077687e+01
3.280000000000000000e+02	2.833322672163986766e+01
3.290000000000000000e+02	3.731830870909703179e+01
3.300000000000000000e+02	4.160979392178547442e+01
3.310000000000000000e+02	4.169366379696144520e+01
3.320000000000000000e+02	3.801270035711741713e+01
3.330000000000000000e+02	3.075063937967071581e+01
3.340000000000000000e+02	2.071403296616067990e+01
3.350000000000000000e+02	1.133837083898323783e+01
3.360000000000000000e+02	9.010414526939863222e+00
3.370000000000000000e+02	1.604579819629423554e+01
3.380000000000000000e+02	2.658720461283012781e+01
3.390000000000000000e+02	3.479208513570691252e+01
3.400000000000000000e+02	3.894288915538670892e+01
3.410000000000000000e+02	3.926401855121072515e+01
3.420000000000000000e+02	3.618232141077190533e+01
3.430000000000000000e+02	2.998033651973557312e+01
3.440000000000000000e+02	2.128378175280252549e+01
3.450000000000000000e+02	1.230434619954564646e+01
3.460000000000000000e+02	7.693091979498284161e+00
3.470000000000000000e+02	1.122413133852229805e+01
3.480000000000000000e+02	2.045751519258039153e+01
3.490000000000000000e+02	2.965762572057660407e+01
3.500000000000000000e+02	3.558568322650711480e+01
3.510000000000000000e+02	3.771293518512067777e+01
3.520000000000000000e+02	3.642059451336780285e+01
3.530000000000000000e+02	3.211542675282344561e+01
3.540000000000000000e+02	2.522021000557245429e+01
3.550000000000000000e+02	1.673559088194934219e+01
3.560000000000000000e+02	9.156212627333067289e+00
3.570000000000000000e+02	6.487620175888213936e+00
3.580000000000000000e+02	1.108117275789675560e+01
3.590000000000000000e+02	2.020951593378340050e+01
3.600000000000000000e+02	2.893776874029247637e+01
3.610000000000000000e+02	3.448132148673020225e+01
3.620000000000000000e+02	3.635645648696051069e+01
3.630000000000000000e+02	3.495890915877770766e+01
3.640000000000000000e+02	3.078745180460116870e+01
3.650000000000000000e+02	2.436011722273563151e+01
3.660000000000000000e+02	1.659211216369567765e+01
3.670000000000000000e+02	9.405734215913636120e+00
3.680000000000000000e+02	5.769997326580898367e+00
3.690000000000000000e+02	7.964449773230967367e+00
3.700000000000000000e+02	1.505999732508682598e+01
3.710000000000000000e+02	2.347396820352145141e+01
3.720000000000000000e+02	3.009247551323613834e+01
3.730000000000000000e+02	3.366670611678991776e+01
3.740000000000000000e+02	3.418622599917698324e+01
3.750000000000000000e+02	3.204698600918010243e+01
3.760000000000000000e+02	2.770937301336442005e+01
3.770000000000000000e+02	2.174887997290625208e+01
3.780000000000000000e+02	1.508489542725351207e+01
3.790000000000000000e+02	9.172833504706161989e+00
3.800000000000000000e+02	5.838574959916135398e+00
3.810000000000000000e+02	6.439252536958142592e+00
3.820000000000000000e+02	1.080097523089756884e+01
3.830000000000000000e+02	1.717541221304378496e+01
3.840000000000000000e+02	2.340966179537382175e+01
3.850000000000000000e+02	2.803025797741295122e+01
3.860000000000000000e+02	3.043666885227170837e+01
3.870000000000000000e+02	3.057814145238167924e+01
3.880000000000000000e+02	2.866448999351237603e+01
3.890000000000000000e+02	2.504951153716840651e+01
3.900000000000000000e+02	2.023080382659236420e+01
3.910000000000000000e+02	1.489980962288160526e+01
3.920000000000000000e+02	9.983797670385875733e+00
3.930000000000000000e+02	6.567460399803704441e+00
3.940000000000000000e+02	5.580106998055483380e+00
3.950000000000000000e+02	7.348288941493336779e+00
3.960000000000000000e+02	1.136188165564606578e+01
3.970000000000000000e+02	1.650338811550014029e+01
3.980000000000000000e+02	2.155861211538874755e+01
3.990000000000000000e+02	2.561170713035587454e+01
4.000000000000000000e+02	2.814842985283248566e+01
4.010000000000000000e+02	2.897917756700077518e+01
4.020000000000000000e+02	2.813631885202749316e+01
4.030000000000000000e+02	2.579826051811297560e+01
4.040000000000000000e+02	2.225607979011468274e+01
4.050000000000000000e+02	1.792898420904651857e+01
4.060000000000000000e+02	1.339479588319689185e+01
4.070000000000000000e+02	9.369970521796547658e+00
4.080000000000000000e+02	6.602672256386304284e+00
4.090000000000000000e+02	5.682663968698088652e+00
4.100000000000000000e+02	6.828436599729010403e+00
4.110000000000000000e+02	9.780500150998751252e+00
4.120000000000000000e+02	1.389742069396346302e+01
4.130000000000000000e+02	1.839118200958368021e+01
4.140000000000000000e+02	2.255116797707763254e+01
4.150000000000000000e+02	2.586226901539715328e+01
4.160000000000000000e+02	2.801666332798595249e+01
4.170000000000000000e+02	2.887351200970786635e+01
4.180000000000000000e+02	2.841332262437902045e+01
4.190000000000000000e+02	2.670853016609073904e+01
4.200000000000000000e+02	2.391882413490266401e+01
4.210000000000000000e+02	2.030698164722764787e+01
4.220000000000000000e+02	1.625702730289807363e+01
4.230000000000000000e+02	1.227437181612496531e+01
4.240000000000000000e+02	8.940995483487066409e+00
4.250000000000000000e+02	6.808207560850797258e+00
4.260000000000000000e+02	6.251408861895795255e+00
4.270000000000000000e+02	7.357604788361955528e+00
4.280000000000000000e+02	9.906224369628864324e+00
4.290000000000000000e+02	1.344818952626726904e+01
4.300000000000000000e+02	1.743860827940878266e+01
4.310000000000000000e+02	2.136212956073147495e+01
4.320000000000000000e+02	2.480761357912032139e+01
4.330000000000000000e+02	2.749167910104271328e+01
4.340000000000000000e+02	2.924651614632435326e+01
4.350000000000000000e+02	2.999122189959027907e+01
4.360000000000000000e+02	2.970139721910783237e+01
4.370000000000000000e+02	2.839672989807261416e+01
4.380000000000000000e+02	2.615268283180096631e+01
4.390000000000000000e+02	2.312623032480990304e+01
4.400000000000000000e+02	1.956952974887289898e+01
4.410000000000000000e+02	1.582825124268163997e+01
4.420000000000000000e+02	1.231977540961929662e+01
4.430000000000000000e+02	9.498426716988900509e+00
4.440000000000000000e+02	7.780694432206008315e+00
4.450000000000000000e+02	7.440175400874775136e+00
4.460000000000000000e+02	8.515970100509434815e+00
4.470000000000000000e+02	1.080792613430828197e+01
4.480000000000000000e+02	1.396168479378715510e+01
4.490000000000000000e+02	1.756998895142636030e+01
4.500000000000000000e+02	2.124571132583744060e+01
4.510000000000000000e+02	2.465445080979242221e+01
4.520000000000000000e+02	2.754189274336837912e+01
4.530000000000000000e+02	2.973959791025935573e+01
4.540000000000000000e+02	3.115311000109920059e+01
4.550000000000000000e+02	3.173746797421649291e+01
4.560000000000000000e+02	3.147761233035322448e+01
4.570000000000000000e+02	3.038453951396014929e+01
4.580000000000000000e+02	2.850333659953783894e+01
4.590000000000000000e+02	2.592577175361000741e+01
4.600000000000000000e+02	2.280568357425966042e+01
4.610000000000000000e+02	1.937289034105815233e+01
4.620000000000000000e+02	1.593662491112551294e+01
4.630000000000000000e+02	1.286521101555354818e+01
4.640000000000000000e+02	1.053269175337572960e+01
4.650000000000000000e+02	9.247934151888983934e+00
4.660000000000000000e+02	9.189080733222720454e+00
4.670000000000000000e+02	1.036024578912245531e+01
4.680000000000000000e+02	1.258521827545061456e+01
4.690000000000000000e+02	1.555216117209192639e+01
4.700000000000000000e+02	1.889739672694303607e+01
4.710000000000000000e+02	2.229180039531516400e+01
4.720000000000000000e+02	2.548550872501704845e+01
4.730000000000000000e+02	2.829733597913939747e+01
4.740000000000000000e+02	3.059786411937633943e+01
4.750000000000000000e+02	3.228694962890052977e+01
4.760000000000000000e+02	3.330158246864765204e+01
4.770000000000000000e+02	3.361679226521565766e+01
4.780000000000000000e+02	3.323966023920283419e+01
4.790000000000000000e+02	3.219528864236335153e+01
4.800000000000000000e+02	3.051845148914943451e+01
4.810000000000000000e+02	2.826120804983071366e+01
4.820000000000000000e+02	2.551579616055362010e+01
4.830000000000000000e+02	2.243959742116062728e+01
4.840000000000000000e+02	1.925573178343374536e+01
4.850000000000000000e+02	1.624210982972602935e+01
4.860000000000000000e+02	1.369662259263329851e+01
4.870000000000000000e+02	1.189596128754223514e+01
4.880000000000000000e+02	1.104706694522339028e+01
4.890000000000000000e+02	1.124235163533967707e+01
4.900000000000000000e+02	1.243961966697752075e+01
4.910000000000000000e+02	1.447628917568521167e+01
4.920000000000000000e+02	1.711219600538823116e+01
4.930000000000000000e+02	2.008087369955923407e+01
4.940000000000000000e+02	2.313125310079310992e+01
4.950000000000000000e+02	2.605461891701551735e+01
4.960000000000000000e+02	2.869409393800280128e+01
4.970000000000000000e+02	3.094232998896983844e+01
4.980000000000000000e+02	3.273265241866317865e+01
4.990000000000000000e+02	3.402496822626508788e+01
5.000000000000000000e+02	3.479602714007022968e+01
5.010000000000000000e+02	3.503311268537723322e+01
5.020000000000000000e+02	3.473311800369034330e+01
5.030000000000000000e+02	3.390554845370239434e+01
5.040000000000000000e+02	3.257501628483763767e+01
5.050000000000000000e+02	3.078397297788355758e+01
5.060000000000000000e+02	2.859139850605561151e+01
5.070000000000000000e+02	2.607926782744871019e+01
5.080000000000000000e+02	2.336093314015159450e+01
5.090000000000000000e+02	2.058855823126086193e+01
5.100000000000000000e+02	1.795960089470002075e+01
5.110000000000000000e+02	1.569511588561844739e+01
5.120000000000000000e+02	1.400567635733532512e+01
5.130000000000000000e+02	1.305314280991848008e+01
5.140000000000000000e+02	1.291888276144185532e+01
5.150000000000000000e+02	1.359644263683757437e+01
5.160000000000000000e+02	1.499933422608973999e+01
5.170000000000000000e+02	1.698115130795418182e+01
5.180000000000000000e+02	1.936097437778972719e+01
5.190000000000000000e+02	2.194887560175320829e+01
5.200000000000000000e+02	2.457073035510276071e+01
5.210000000000000000e+02	2.708227290296602519e+01
5.220000000000000000e+02	2.937445678227383183e+01
5.230000000000000000e+02	3.137232239392449884e+01
5.240000000000000000e+02	3.302638191451949012e+01
5.250000000000000000e+02	3.430544760962932571e+01
5.260000000000000000e+02	3.519080507784625667e+01
5.270000000000000000e+02	3.567155535076958017e+01
5.280000000000000000e+02	3.574391744673202709e+01
5.290000000000000000e+02	3.541126799146807969e+01
5.300000000000000000e+02	3.468416267527872066e+01
5.310000000000000000e+02	3.358110944324626956e+01
5.320000000000000000e+02	3.212877625336822973e+01
5.330000000000000000e+02	3.036407330096353974e+01
5.340000000000000000e+02	2.833758427669386037e+01
5.350000000000000000e+02	2.611700620393807526e+01
5.360000000000000000e+02	2.379011992186281077e+01
5.370000000000000000e+02	2.146579677533450337e+01
5.380000000000000000e+02	1.927084304688008842e+01
5.390000000000000000e+02	1.734199423880841096e+01
5.400000000000000000e+02	1.581308608612658162e+01
5.410000000000000000e+02	1.479840848480788829e+01
5.420000000000000000e+02	1.437372040450901700e+01
5.430000000000000000e+02	1.456362961230806796e+01
5.440000000000000000e+02	1.533851202109514134e+01
5.450000000000000000e+02	1.662226161932068536e+01
5.460000000000000000e+02	1.830910038858851152e+01
5.470000000000000000e+02	2.027928782633545168e+01
5.480000000000000000e+02	2.241257753771669314e+01
5.490000000000000000e+02	2.459811908152227033e+01
5.500000000000000000e+02	2.673752891379906060e+01
5.510000000000000000e+02	2.874722680183563028e+01
5.520000000000000000e+02	3.056317469826300481e+01
5.530000000000000000e+02	3.214000723741288823e+01
5.540000000000000000e+02	3.344862159287045955e+01
5.550000000000000000e+02	3.447480697676103034e+01
5.560000000000000000e+02	3.521378020316797830e+01
5.570000000000000000e+02	3.566432649279379774e+01
5.580000000000000000e+02	3.582686305917967218e+01
5.590000000000000000e+02	3.570244560440831094e+01
5.600000000000000000e+02	3.529329011482283107e+01
5.610000000000000000e+02	3.460542912986389297e+01
5.620000000000000000e+02	3.365016072119585999e+01
5.630000000000000000e+02	3.244511186918870749e+01
5.640000000000000000e+02	3.101548012452320080e+01
5.650000000000000000e+02	2.939369943531678331e+01
5.660000000000000000e+02	2.761889499426892769e+01
5.670000000000000000e+02	2.573909779676966281e+01
5.680000000000000000e+02	2.381212231449553229e+01
5.690000000000000000e+02	2.190545981329670155e+01
5.700000000000000000e+02	2.009581741258100607e+01
5.710000000000000000e+02	1.846634759502263989e+01
5.720000000000000000e+02	1.709912297388440905e+01
5.730000000000000000e+02	1.606735799653394992e+01
5.740000000000000000e+02	1.542749649943710288e+01
5.750000000000000000e+02	1.521244349248568639e+01
5.760000000000000000e+02	1.542755228714186266e+01
5.770000000000000000e+02	1.605100502023675091e+01
5.780000000000000000e+02	1.703737312210172306e+01
5.790000000000000000e+02	1.832368876398506785e+01
5.800000000000000000e+02	1.983682524308516548e+01
5.810000000000000000e+02	2.150117338369997100e+01
5.820000000000000000e+02	2.324444507911684354e+01
5.830000000000000000e+02	2.500130480575197822e+01
5.840000000000000000e+02	2.671558691540579389e+01
5.850000000000000000e+02	2.834105709952908825e+01
5.860000000000000000e+02	2.984096380833895523e+01
5.870000000000000000e+02	3.118705170967385243e+01
5.880000000000000000e+02	3.235873346419588614e+01
5.890000000000000000e+02	3.334177032628903703e+01
5.900000000000000000e+02	3.412695098965211571e+01
5.910000000000000000e+02	3.470892642339969569e+01
5.920000000000000000e+02	3.508515852087201381e+01
5.930000000000000000e+02	3.525525601080520488e+01
5.940000000000000000e+02	3.522061957090913609e+01
5.950000000000000000e+02	3.498421814214464121e+01
5.960000000000000000e+02	3.455056357752044249e+01
5.970000000000000000e+02	3.392588864310878449e+01
5.980000000000000000e+02	3.311852524412787346e+01
5.990000000000000000e+02	3.213921626841533907e+01
6.000000000000000000e+02	3.100161438420739302e+01
