Wavelength(nm)	Response
3.500000000000000000e+02	3.320364950109821223e+01
3.510000000000000000e+02	3.969754878438187973e+01
3.520000000000000000e+02	4.254627166504225499e+01
3.530000000000000000e+02	4.206641730481322838e+01
3.540000000000000000e+02	3.851801888029918075e+01
3.550000000000000000e+02	3.205571682380855236e+01
3.560000000000000000e+02	2.325293996414784914e+01
3.570000000000000000e+02	1.428752992212352169e+01
3.580000000000000000e+02	9.732689748799121077e+00
3.590000000000000000e+02	1.327688468571647817e+01
3.600000000000000000e+02	2.255703591384001072e+01
3.610000000000000000e+02	3.199339546512958776e+01
3.620000000000000000e+02	3.839262154500542579e+01
3.630000000000000000e+02	4.121848075042410642e+01
3.640000000000000000e+02	4.085139424683259790e+01
3.650000000000000000e+02	3.766748638857860954e+01
3.660000000000000000e+02	3.191874656326210058e+01
3.670000000000000000e+02	2.408665488424288625e+01
3.680000000000000000e+02	1.560356624582970753e+01
3.690000000000000000e+02	9.535600803097915801e+00
3.700000000000000000e+02	9.439584457429262443e+00
3.710000000000000000e+02	1.570289172805314415e+01
3.720000000000000000e+02	2.463147697245321766e+01
3.730000000000000000e+02	3.233349369892162173e+01
3.740000000000000000e+02	3.713944448151467270e+01
3.750000000000000000e+02	3.893243358812117094e+01
3.760000000000000000e+02	3.805734182583719161e+01
3.770000000000000000e+02	3.486860699662369001e+01
3.780000000000000000e+02	2.971282053432223336e+01
3.790000000000000000e+02	2.311666074197746923e+01
3.800000000000000000e+02	1.610510775333925793e+01
3.810000000000000000e+02	1.044356680769175760e+01
3.820000000000000000e+02	8.234103165441959860e+00
3.830000000000000000e+02	1.055086142703147445e+01
3.840000000000000000e+02	1.633527918275839141e+01
3.850000000000000000e+02	2.317835324433448108e+01
3.860000000000000000e+02	2.901721599884780645e+01
3.870000000000000000e+02	3.283829894688449258e+01
3.880000000000000000e+02	3.441728917300338253e+01
3.890000000000000000e+02	3.390182155010630538e+01
3.900000000000000000e+02	3.156503762983111372e+01
3.910000000000000000e+02	2.772526295872334146e+01
3.920000000000000000e+02	2.278635586347068909e+01
3.930000000000000000e+02	1.735330823363913311e+01
3.940000000000000000e+02	1.232861905573381200e+01
3.950000000000000000e+02	8.848124179184837956e+00
3.960000000000000000e+02	7.923802742580923208e+00
3.970000000000000000e+02	9.895866667498141922e+00
3.980000000000000000e+02	1.414449114659244522e+01
3.990000000000000000e+02	1.940560098237017428e+01
4.000000000000000000e+02	2.439753611813681999e+01
4.010000000000000000e+02	2.823765737489030059e+01
4.020000000000000000e+02	3.050864046512480243e+01
4.030000000000000000e+02	3.112995791358917330e+01
4.040000000000000000e+02	3.020078091663104658e+01
4.050000000000000000e+02	2.791012967206114936e+01
4.060000000000000000e+02	2.452168953523259987e+01
4.070000000000000000e+02	2.039493738581144555e+01
4.080000000000000000e+02	1.601167178632792343e+01
4.090000000000000000e+02	1.198804817241386189e+01
4.100000000000000000e+02	9.022703166365435123e+00
4.110000000000000000e+02	7.734711213185175183e+00
4.120000000000000000e+02	8.436826358118056035e+00
4.130000000000000000e+02	1.097799734920922177e+01
4.140000000000000000e+02	1.478087529074606188e+01
4.150000000000000000e+02	1.906066501779750411e+01
4.160000000000000000e+02	2.307648083546647300e+01
4.170000000000000000e+02	2.628443904323675540e+01
4.180000000000000000e+02	2.837010868739895741e+01
4.190000000000000000e+02	2.920704368219184133e+01
4.200000000000000000e+02	2.879977833085989758e+01
4.210000000000000000e+02	2.724399748342411343e+01
4.220000000000000000e+02	2.470978320748936596e+01
4.230000000000000000e+02	2.144289216426821199e+01
4.240000000000000000e+02	1.777489650223177620e+01
4.250000000000000000e+02	1.412409198627085516e+01
4.260000000000000000e+02	1.096646506257847520e+01
4.270000000000000000e+02	8.768901679860631404e+00
4.280000000000000000e+02	7.893598119605218066e+00
4.290000000000000000e+02	8.498564025029390123e+00
4.300000000000000000e+02	1.048076935765906548e+01
4.310000000000000000e+02	1.349962556467285779e+01
4.320000000000000000e+02	1.707255094502492199e+01
4.330000000000000000e+02	2.069714316105845953e+01
4.340000000000000000e+02	2.394795804342005852e+01
4.350000000000000000e+02	2.652134138470362146e+01
4.360000000000000000e+02	2.822891892809979453e+01
4.370000000000000000e+02	2.897171761927729250e+01
4.380000000000000000e+02	2.872245816064739898e+01
4.390000000000000000e+02	2.752283628856264741e+01
4.400000000000000000e+02	2.548107362540308785e+01
4.410000000000000000e+02	2.276693085607710287e+01
4.420000000000000000e+02	1.960639392692952043e+01
4.430000000000000000e+02	1.628885081874210528e+01
4.440000000000000000e+02	1.316570258599792709e+01
4.450000000000000000e+02	1.062292234416289638e+01
4.460000000000000000e+02	9.007200876264285228e+00
4.470000000000000000e+02	8.545912126078642146e+00
4.480000000000000000e+02	9.296883794661228606e+00
4.490000000000000000e+02	1.114949666337581391e+01
4.500000000000000000e+02	1.385406533035724053e+01
4.510000000000000000e+02	1.706554192065049591e+01
4.520000000000000000e+02	2.041134875524081238e+01
4.530000000000000000e+02	2.355748676177822531e+01
4.540000000000000000e+02	2.624913156134168091e+01
4.550000000000000000e+02	2.831360836517461266e+01
4.560000000000000000e+02	2.964207565036569392e+01
4.570000000000000000e+02	3.017517431916076731e+01
4.580000000000000000e+02	2.989528941127785799e+01
4.590000000000000000e+02	2.882482322569934396e+01
4.600000000000000000e+02	2.702753912602017294e+01
4.610000000000000000e+02	2.461416461435157643e+01
4.620000000000000000e+02	2.175089285197145017e+01
4.630000000000000000e+02	1.866428359487651534e+01
4.640000000000000000e+02	1.563289538001336609e+01
4.650000000000000000e+02	1.296540696634563083e+01
4.660000000000000000e+02	1.096793751035937348e+01
4.670000000000000000e+02	9.895727239535826669e+00
4.680000000000000000e+02	9.898245482015521901e+00
4.690000000000000000e+02	1.097052523987029460e+01
4.700000000000000000e+02	1.295455988390667557e+01
4.710000000000000000e+02	1.559355935593206155e+01
4.720000000000000000e+02	1.860482598101513219e+01
4.730000000000000000e+02	2.171945072310478864e+01
4.740000000000000000e+02	2.470172677755721935e+01
4.750000000000000000e+02	2.734444618459123433e+01
4.760000000000000000e+02	2.948796234858618703e+01
4.770000000000000000e+02	3.102936634797439552e+01
4.780000000000000000e+02	3.191857515771150844e+01
4.790000000000000000e+02	3.214438187989668450e+01
4.800000000000000000e+02	3.171110684186842121e+01
4.810000000000000000e+02	3.063429123089420614e+01
4.820000000000000000e+02	2.895066815150025619e+01
4.830000000000000000e+02	2.673700192880526672e+01
4.840000000000000000e+02	2.411721951639852790e+01
4.850000000000000000e+02	2.126547413685512211e+01
4.860000000000000000e+02	1.839649348140817864e+01
4.870000000000000000e+02	1.575424795296489755e+01
4.880000000000000000e+02	1.359127893831049683e+01
4.890000000000000000e+02	1.213352015924341210e+01
4.900000000000000000e+02	1.154064257711570818e+01
4.910000000000000000e+02	1.187337116341694099e+01
4.920000000000000000e+02	1.308288884638848337e+01
4.930000000000000000e+02	1.502525186497967802e+01
4.940000000000000000e+02	1.749323499625005951e+01
4.950000000000000000e+02	2.025596896928858470e+01
4.960000000000000000e+02	2.309342182535118937e+01
4.970000000000000000e+02	2.581918546518261337e+01
4.980000000000000000e+02	2.829041814551761291e+01
4.990000000000000000e+02	3.040306969055971464e+01
5.000000000000000000e+02	3.208453878272226234e+01
5.010000000000000000e+02	3.328539130277411573e+01
5.020000000000000000e+02	3.397378162521781064e+01
5.030000000000000000e+02	3.413570441197065719e+01
5.040000000000000000e+02	3.377355980275284253e+01
5.050000000000000000e+02	3.290530340046830560e+01
5.060000000000000000e+02	3.156107360038006604e+01
5.070000000000000000e+02	2.978401203672640918e+01
5.080000000000000000e+02	2.763594251329951135e+01
5.090000000000000000e+02	2.520581234173282326e+01
5.100000000000000000e+02	2.262363490239813757e+01
5.110000000000000000e+02	2.005711970505853259e+01
5.120000000000000000e+02	1.769837153482409775e+01
5.130000000000000000e+02	1.574223727882394641e+01
5.140000000000000000e+02	1.435583557103525010e+01
5.150000000000000000e+02	1.365821276255269012e+01
5.160000000000000000e+02	1.370545716418414983e+01
5.170000000000000000e+02	1.448304570229460353e+01
5.180000000000000000e+02	1.590939827375635218e+01
5.190000000000000000e+02	1.784908948219016978e+01
5.200000000000000000e+02	2.013696175092907481e+01
5.210000000000000000e+02	2.260302141121414721e+01
5.220000000000000000e+02	2.509247497682106243e+01
5.230000000000000000e+02	2.747832293106608859e+01
5.240000000000000000e+02	2.966197700269663073e+01
5.250000000000000000e+02	3.157052812542533360e+01
5.260000000000000000e+02	3.315221546200025671e+01
5.270000000000000000e+02	3.437049353262833762e+01
5.280000000000000000e+02	3.520177882664095392e+01
5.290000000000000000e+02	3.563408194456542333e+01
5.300000000000000000e+02	3.566496249260054441e+01
5.310000000000000000e+02	3.530048598774162372e+01
5.320000000000000000e+02	3.455402470201472198e+01
5.330000000000000000e+02	3.344572303621366416e+01
5.340000000000000000e+02	3.200421890081733522e+01
5.350000000000000000e+02	3.026924306378130325e+01
5.360000000000000000e+02	2.829475318131737893e+01
5.370000000000000000e+02	2.615227843481179093e+01
5.380000000000000000e+02	2.393270742711016652e+01
5.390000000000000000e+02	2.174546273695396792e+01
5.400000000000000000e+02	1.971434784435893306e+01
5.410000000000000000e+02	1.796938755927751430e+01
5.420000000000000000e+02	1.663147719289947446e+01
5.430000000000000000e+02	1.579618145829512876e+01
5.440000000000000000e+02	1.552014344607654550e+01
5.450000000000000000e+02	1.581353497918395767e+01
5.460000000000000000e+02	1.664246474790412123e+01
5.470000000000000000e+02	1.793734345369379213e+01
5.480000000000000000e+02	1.960366426864653988e+01
5.490000000000000000e+02	2.153403414983864650e+01
5.500000000000000000e+02	2.361649990877466720e+01
5.510000000000000000e+02	2.574212588327476681e+01
5.520000000000000000e+02	2.781531382824777765e+01
5.530000000000000000e+02	2.975825505065691701e+01
5.540000000000000000e+02	3.151207021767796590e+01
5.550000000000000000e+02	3.303811125401682602e+01
5.560000000000000000e+02	3.431331839582283294e+01
5.570000000000000000e+02	3.532302717313038443e+01
5.580000000000000000e+02	3.605789082449393135e+01
5.590000000000000000e+02	3.651171567916561145e+01
5.600000000000000000e+02	3.668001050938700303e+01
5.610000000000000000e+02	3.656161300883929499e+01
5.620000000000000000e+02	3.616013887850709096e+01
5.630000000000000000e+02	3.548430511799746512e+01
5.640000000000000000e+02	3.454853560275654445e+01
5.650000000000000000e+02	3.337268360972176851e+01
5.660000000000000000e+02	3.198130471357553617e+01
5.670000000000000000e+02	3.040525330246688895e+01
5.680000000000000000e+02	2.868312251049551165e+01
5.690000000000000000e+02	2.686245491324192258e+01
5.700000000000000000e+02	2.500139529171579866e+01
5.710000000000000000e+02	2.316928341314716278e+01
5.720000000000000000e+02	2.144310143739257057e+01
5.730000000000000000e+02	1.990293500386649939e+01
5.740000000000000000e+02	1.862588624946991089e+01
5.750000000000000000e+02	1.767884268805801184e+01
5.760000000000000000e+02	1.711122471076082263e+01
5.770000000000000000e+02	1.695012658997051957e+01
5.780000000000000000e+02	1.719777571060754795e+01
5.790000000000000000e+02	1.783195987792392501e+01
5.800000000000000000e+02	1.880942833451385354e+01
5.810000000000000000e+02	2.007185571326183648e+01
5.820000000000000000e+02	2.155233697422570316e+01
5.830000000000000000e+02	2.318115262182167413e+01
5.840000000000000000e+02	2.489074261424498857e+01
5.850000000000000000e+02	2.661929738402997714e+01
5.860000000000000000e+02	2.831271460152386865e+01
5.870000000000000000e+02	2.992536776223967721e+01
5.880000000000000000e+02	3.142056679815321374e+01
5.890000000000000000e+02	3.276995801647457540e+01
5.900000000000000000e+02	3.395246576208293732e+01
5.910000000000000000e+02	3.495307797273708417e+01
5.920000000000000000e+02	3.576155133286489729e+01
5.930000000000000000e+02	3.637138050357829400e+01
5.940000000000000000e+02	3.677904038931493602e+01
5.950000000000000000e+02	3.698335889457226244e+01
5.960000000000000000e+02	3.698509645469694362e+01
5.970000000000000000e+02	3.678675327325684918e+01
5.980000000000000000e+02	3.639262865227070165e+01
5.990000000000000000e+02	3.580880694682153376e+01
6.000000000000000000e+02	3.504337384896046359e+01
6.010000000000000000e+02	3.410682110716098236e+01
6.020000000000000000e+02	3.301255422337953860e+01
6.030000000000000000e+02	3.177738301918515162e+01
6.040000000000000000e+02	3.042197089243162011e+01
6.050000000000000000e+02	2.897160261053810615e+01
6.060000000000000000e+02	2.745662649696053847e+01
6.070000000000000000e+02	2.591255701145788848e+01
6.080000000000000000e+02	2.437974836005032486e+01
6.090000000000000000e+02	2.290252757265267292e+01
6.100000000000000000e+02	2.152758014612537352e+01
6.110000000000000000e+02	2.030163342550982364e+01
6.120000000000000000e+02	1.926878530289282310e+01
6.130000000000000000e+02	1.846760285673812874e+01
6.140000000000000000e+02	1.792831558645433887e+01
6.150000000000000000e+02	1.767057302077242298e+01
6.160000000000000000e+02	1.770196600629472528e+01
6.170000000000000000e+02	1.801726091718963119e+01
6.180000000000000000e+02	1.859898313343477838e+01
6.190000000000000000e+02	1.941909812472059116e+01
6.200000000000000000e+02	2.044147905390948949e+01
6.210000000000000000e+02	2.162486234912805472e+01
6.220000000000000000e+02	2.292604836804567725e+01
6.230000000000000000e+02	2.430244378942242989e+01
6.240000000000000000e+02	2.571397067062306974e+01
6.250000000000000000e+02	2.712438364156291115e+01
6.260000000000000000e+02	2.850201051073403136e+01
6.270000000000000000e+02	2.981993919506953716e+01
6.280000000000000000e+02	3.105546828894561529e+01
6.290000000000000000e+02	3.219006002536102073e+01
6.300000000000000000e+02	3.320915697120258869e+01
6.310000000000000000e+02	3.410169973959504830e+01
6.320000000000000000e+02	3.485961829548998026e+01
6.330000000000000000e+02	3.547734993224102595e+01
6.340000000000000000e+02	3.595157477245849975e+01
6.350000000000000000e+02	3.628081037103162032e+01
6.360000000000000000e+02	3.646481801433216674e+01
6.370000000000000000e+02	3.650435086125681039e+01
6.380000000000000000e+02	3.640100488017284164e+01
6.390000000000000000e+02	3.615714884748159363e+01
6.400000000000000000e+02	3.577592380331159916e+01
6.410000000000000000e+02	3.526132234309891089e+01
6.420000000000000000e+02	3.461838609271705991e+01
6.430000000000000000e+02	3.385340797787664258e+01
6.440000000000000000e+02	3.297415992379821859e+01
6.450000000000000000e+02	3.199014870442665526e+01
6.460000000000000000e+02	3.091288243804907054e+01
6.470000000000000000e+02	2.975613241371696560e+01
6.480000000000000000e+02	2.853615318154230707e+01
6.490000000000000000e+02	2.727179631210753996e+01
6.500000000000000000e+02	2.598451751152271783e+01
6.510000000000000000e+02	2.469822462894752135e+01
6.520000000000000000e+02	2.343892554534478023e+01
6.530000000000000000e+02	2.223414695775474570e+01
6.540000000000000000e+02	2.111208679219229367e+01
6.550000000000000000e+02	2.010062551349644622e+01
6.560000000000000000e+02	1.922621021518688877e+01
6.570000000000000000e+02	1.851255700653853253e+01
6.580000000000000000e+02	1.797937011235748628e+01
6.590000000000000000e+02	1.764119811566516205e+01
6.600000000000000000e+02	1.750654883237350035e+01
6.610000000000000000e+02	1.757731618991554257e+01
6.620000000000000000e+02	1.784864347470981016e+01
6.630000000000000000e+02	1.830932191748465954e+01
6.640000000000000000e+02	1.894257940690220465e+01
6.650000000000000000e+02	1.972717419373849168e+01
6.660000000000000000e+02	2.063867020539696995e+01
6.670000000000000000e+02	2.165076338769397779e+01
6.680000000000000000e+02	2.273657114466236351e+01
6.690000000000000000e+02	2.386974177065774327e+01
6.700000000000000000e+02	2.502528912478215162e+01
6.710000000000000000e+02	2.618022203837634265e+01
6.720000000000000000e+02	2.731394732334142006e+01
6.730000000000000000e+02	2.840846928757466472e+01
6.740000000000000000e+02	2.944842234094339872e+01
6.750000000000000000e+02	3.042095992403066873e+01
6.760000000000000000e+02	3.131555680601149660e+01
6.770000000000000000e+02	3.212381903138613382e+01
6.780000000000000000e+02	3.283923786245786403e+01
6.790000000000000000e+02	3.345693423012386347e+01
6.800000000000000000e+02	3.397341512490918092e+01
6.810000000000000000e+02	3.438635255907726673e+01
6.820000000000000000e+02	3.469438958128674244e+01
6.830000000000000000e+02	3.489696142128524059e+01
6.840000000000000000e+02	3.499416186413992591e+01
6.850000000000000000e+02	3.498665577710200836e+01
6.860000000000000000e+02	3.487562153267084142e+01
6.870000000000000000e+02	3.466272396191872218e+01
6.880000000000000000e+02	3.435011583247243294e+01
6.890000000000000000e+02	3.394046574413101780e+01
6.900000000000000000e+02	3.343702915150642241e+01
6.910000000000000000e+02	3.284374087580452795e+01
6.920000000000000000e+02	3.216526013683441221e+01
6.930000000000000000e+02	3.140706276983684830e+01
6.940000000000000000e+02	3.057554791829886653e+01
6.950000000000000000e+02	2.967814666236759891e+01
6.960000000000000000e+02	2.872342466938223282e+01
6.970000000000000000e+02	2.772116912346660911e+01
6.980000000000000000e+02	2.668245097623393036e+01
6.990000000000000000e+02	2.561967341020924138e+01
7.000000000000000000e+02	2.454655674806289056e+01
7.010000000000000000e+02	2.347803954783604752e+01
7.020000000000000000e+02	2.243009831965840206e+01
7.030000000000000000e+02	2.141947770784810956e+01
7.040000000000000000e+02	2.046332817651445879e+01
7.050000000000000000e+02	1.957875424520164032e+01
7.060000000000000000e+02	1.878224280151608028e+01
7.070000000000000000e+02	1.808904504059562868e+01
7.080000000000000000e+02	1.751262163386052251e+01
7.090000000000000000e+02	1.706410880589172763e+01
7.100000000000000000e+02	1.675185663685524418e+01
7.110000000000000000e+02	1.658107865240288703e+01
7.120000000000000000e+02	1.655364284374500983e+01
7.130000000000000000e+02	1.666802509771327934e+01
7.140000000000000000e+02	1.691952489003459803e+01
7.150000000000000000e+02	1.730055209902444346e+01
7.160000000000000000e+02	1.780085296923142124e+01
7.170000000000000000e+02	1.840794289662350280e+01
7.180000000000000000e+02	1.910761561779936812e+01
7.190000000000000000e+02	1.988448296775786162e+01
7.200000000000000000e+02	2.072250969261351372e+01
7.210000000000000000e+02	2.160551255264203263e+01
7.220000000000000000e+02	2.251756655735811918e+01
7.230000000000000000e+02	2.344338414772352763e+01
7.240000000000000000e+02	2.436873640902607008e+01
7.250000000000000000e+02	2.528067393306578126e+01
7.260000000000000000e+02	2.616764684174720301e+01
7.270000000000000000e+02	2.701955124908703709e+01
7.280000000000000000e+02	2.782771608139364261e+01
7.290000000000000000e+02	2.858484452261003028e+01
7.300000000000000000e+02	2.928491812484943324e+01
7.310000000000000000e+02	2.992301640003505625e+01
7.320000000000000000e+02	3.049516406548885072e+01
7.330000000000000000e+02	3.099823591390881106e+01
7.340000000000000000e+02	3.142985259439567969e+01
7.350000000000000000e+02	3.178828411086600880e+01
7.360000000000000000e+02	3.207236363083437425e+01
7.370000000000000000e+02	3.228141300654391443e+01
7.380000000000000000e+02	3.241518074075408151e+01
7.390000000000000000e+02	3.247382544956958839e+01
7.400000000000000000e+02	3.245799035124969123e+01
7.410000000000000000e+02	3.236869709929288774e+01
7.420000000000000000e+02	3.220729127802836445e+01
7.430000000000000000e+02	3.197542757346931808e+01
7.440000000000000000e+02	3.167506472159453068e+01
7.450000000000000000e+02	3.130846920131231670e+01
7.460000000000000000e+02	3.087822653123077288e+01
7.470000000000000000e+02	3.038725889024161475e+01
7.480000000000000000e+02	2.983881442225649749e+01
7.490000000000000000e+02	2.923642493296723899e+01
7.500000000000000000e+02	2.858401569358931127e+01
7.510000000000000000e+02	2.788596146601593517e+01
7.520000000000000000e+02	2.714712369574986184e+01
7.530000000000000000e+02	2.637288393596605474e+01
7.540000000000000000e+02	2.556917069333077208e+01
7.550000000000000000e+02	2.474247657754244756e+01
7.560000000000000000e+02	2.389986239406189483e+01
7.570000000000000000e+02	2.304896192057892534e+01
7.580000000000000000e+02	2.219799814691251783e+01
7.590000000000000000e+02	2.135566577729403903e+01
7.600000000000000000e+02	2.053102120487928062e+01
7.610000000000000000e+02	1.973336246969119756e+01
7.620000000000000000e+02	1.897208208565841758e+01
7.630000000000000000e+02	1.825649482033229987e+01
7.640000000000000000e+02	1.759564447015147692e+01
7.650000000000000000e+02	1.699809570246925006e+01
7.660000000000000000e+02	1.647171730072582463e+01
7.670000000000000000e+02	1.602346376655970772e+01
7.680000000000000000e+02	1.565921212514880700e+01
7.690000000000000000e+02	1.538360513509604566e+01
7.700000000000000000e+02	1.519990742814565188e+01
7.710000000000000000e+02	1.510990040482652574e+01
7.720000000000000000e+02	1.511382272704449825e+01
7.730000000000000000e+02	1.521036045213705279e+01
7.740000000000000000e+02	1.539668782623712318e+01
7.750000000000000000e+02	1.566855659414912694e+01
7.760000000000000000e+02	1.602040610637630280e+01
7.770000000000000000e+02	1.644548445656970515e+01
7.780000000000000000e+02	1.693610261083239976e+01
7.790000000000000000e+02	1.748387272385645730e+01
7.800000000000000000e+02	1.807993906802280293e+01
7.810000000000000000e+02	1.871520249102687217e+01
7.820000000000000000e+02	1.938052949709863526e+01
7.830000000000000000e+02	2.006693907325083259e+01
7.840000000000000000e+02	2.076576258576479006e+01
7.850000000000000000e+02	2.146877449293991447e+01
7.860000000000000000e+02	2.216830914048010115e+01
7.870000000000000000e+02	2.285732442987048074e+01
7.880000000000000000e+02	2.352940105609147992e+01
7.890000000000000000e+02	2.417875915067538273e+01
7.900000000000000000e+02	2.480026081155722650e+01
7.910000000000000000e+02	2.538939801557540221e+01
7.920000000000000000e+02	2.594226915338084183e+01
7.930000000000000000e+02	2.645554721437390455e+01
7.940000000000000000e+02	2.692644234004087522e+01
7.950000000000000000e+02	2.735266116762885957e+01
7.960000000000000000e+02	2.773238079019821356e+01
7.970000000000000000e+02	2.806423861226855720e+01
7.980000000000000000e+02	2.834727279797556321e+01
7.990000000000000000e+02	2.858087651146521324e+01
8.000000000000000000e+02	2.876475879788954515e+01
8.010000000000000000e+02	2.889890906831118045e+01
8.020000000000000000e+02	2.898356550306121449e+01
8.030000000000000000e+02	2.901918750946732928e+01
8.040000000000000000e+02	2.900643223132797743e+01
8.050000000000000000e+02	2.894613500295641373e+01
8.060000000000000000e+02	2.883928243240496769e+01
8.070000000000000000e+02	2.868695309939839788e+01
8.080000000000000000e+02	2.849035431041019351e+01
8.090000000000000000e+02	2.825084046890926714e+01
8.100000000000000000e+02	2.796991312037139821e+01
8.110000000000000000e+02	2.764922309287369373e+01
8.120000000000000000e+02	2.729057439631557358e+01
8.130000000000000000e+02	2.689592949881713579e+01
8.140000000000000000e+02	2.646741556653789829e+01
8.150000000000000000e+02	2.600733121739797227e+01
8.160000000000000000e+02	2.551815329088604756e+01
8.170000000000000000e+02	2.500254038697769587e+01
8.180000000000000000e+02	2.446332547409676295e+01
8.190000000000000000e+02	2.390351374343119772e+01
8.200000000000000000e+02	2.332628489042835440e+01
8.210000000000000000e+02	2.273499332793397798e+01
8.220000000000000000e+02	2.213316555706793309e+01
8.230000000000000000e+02	2.152449412094486547e+01
8.240000000000000000e+02	2.091282758975147615e+01
8.250000000000000000e+02	2.030215607094928387e+01
8.260000000000000000e+02	1.969659180945219745e+01
8.270000000000000000e+02	1.910034486175622703e+01
8.280000000000000000e+02	1.851770526862977562e+01
8.290000000000000000e+02	1.795301156020977729e+01
8.300000000000000000e+02	1.741059317014147467e+01
8.310000000000000000e+02	1.689472073757372783e+01
8.320000000000000000e+02	1.640955301839527891e+01
8.330000000000000000e+02	1.595908033100394796e+01
8.340000000000000000e+02	1.554706577840399362e+01
8.350000000000000000e+02	1.517698572829046455e+01
8.360000000000000000e+02	1.485197122989311325e+01
8.370000000000000000e+02	1.457475218245846094e+01
8.380000000000000000e+02	1.434760612904085697e+01
8.390000000000000000e+02	1.417231351828148256e+01
8.400000000000000000e+02	1.405012114903764342e+01
8.410000000000000000e+02	1.398171528789147366e+01
8.420000000000000000e+02	1.396720563507660806e+01
8.430000000000000000e+02	1.400612092505006245e+01
8.440000000000000000e+02	1.409741650539028335e+01
8.450000000000000000e+02	1.423949376841782666e+01
8.460000000000000000e+02	1.443023084323465355e+01
8.470000000000000000e+02	1.466702352110615593e+01
8.480000000000000000e+02	1.494683500943757437e+01
8.490000000000000000e+02	1.526625278262820018e+01
8.500000000000000000e+02	1.562155071739099732e+01
8.510000000000000000e+02	1.600875450361775165e+01
8.520000000000000000e+02	1.642370825114555544e+01
8.530000000000000000e+02	1.686214044145444291e+01
8.540000000000000000e+02	1.731972751008346734e+01
8.550000000000000000e+02	1.779215365662550141e+01
8.560000000000000000e+02	1.827516653906072719e+01
8.570000000000000000e+02	1.876462583023768715e+01
8.580000000000000000e+02	1.925654460106716925e+01
8.590000000000000000e+02	1.974712455549286005e+01
8.600000000000000000e+02	2.023278442525957388e+01
8.610000000000000000e+02	2.071018169285363086e+01
8.620000000000000000e+02	2.117622801011843592e+01
8.630000000000000000e+02	2.162809881857425864e+01
8.640000000000000000e+02	2.206323777387475360e+01
8.650000000000000000e+02	2.247935663444778953e+01
8.660000000000000000e+02	2.287443129799321184e+01
8.670000000000000000e+02	2.324669466471159041e+01
8.680000000000000000e+02	2.359462697887871130e+01
8.690000000000000000e+02	2.391694425636787713e+01
8.700000000000000000e+02	2.421258535027827108e+01
8.710000000000000000e+02	2.448069814456746940e+01
8.720000000000000000e+02	2.472062530041101880e+01
8.730000000000000000e+02	2.493188991498359286e+01
8.740000000000000000e+02	2.511418138984147674e+01
8.750000000000000000e+02	2.526734174770777130e+01
8.760000000000000000e+02	2.539135258332472844e+01
8.770000000000000000e+02	2.548632278667821538e+01
8.780000000000000000e+02	2.555247713554193467e+01
8.790000000000000000e+02	2.559014581880481387e+01
8.800000000000000000e+02	2.559975492213895976e+01
8.810000000000000000e+02	2.558181788276479196e+01
8.820000000000000000e+02	2.553692789984472356e+01
8.830000000000000000e+02	2.546575127083878343e+01
8.840000000000000000e+02	2.536902161133503597e+01
8.850000000000000000e+02	2.524753490597190009e+01
8.860000000000000000e+02	2.510214533047683361e+01
8.870000000000000000e+02	2.493376177916224634e+01
8.880000000000000000e+02	2.474334502801340108e+01
8.890000000000000000e+02	2.453190546037897235e+01
8.900000000000000000e+02	2.430050128000018006e+01
8.910000000000000000e+02	2.405023713440283473e+01
8.920000000000000000e+02	2.378226307038551823e+01
8.930000000000000000e+02	2.349777374223129200e+01
8.940000000000000000e+02	2.319800779245764488e+01
8.950000000000000000e+02	2.288424732412191887e+01
8.960000000000000000e+02	2.255781738314055218e+01
8.970000000000000000e+02	2.222008536863540940e+01
8.980000000000000000e+02	2.187246028919928875e+01
8.990000000000000000e+02	2.151639178321851631e+01
9.000000000000000000e+02	2.115336882214987213e+01
9.010000000000000000e+02	2.078491801717323284e+01
9.020000000000000000e+02	2.041260145200828191e+01
9.030000000000000000e+02	2.003801396824155034e+01
9.040000000000000000e+02	1.966277983433956678e+01
9.050000000000000000e+02	1.928854873596496233e+01
9.060000000000000000e+02	1.891699103336286925e+01
9.070000000000000000e+02	1.854979224173104058e+01
9.080000000000000000e+02	1.818864670262554739e+01
9.090000000000000000e+02	1.783525042882533285e+01
9.100000000000000000e+02	1.749129312152022209e+01
9.110000000000000000e+02	1.715844937726933850e+01
9.120000000000000000e+02	1.683836912260152729e+01
9.130000000000000000e+02	1.653266733615178907e+01
9.140000000000000000e+02	1.624291314140830877e+01
9.150000000000000000e+02	1.597061837695189190e+01
9.160000000000000000e+02	1.571722577481583016e+01
9.170000000000000000e+02	1.548409690049780707e+01
9.180000000000000000e+02	1.527250002942705720e+01
9.190000000000000000e+02	1.508359815326673292e+01
9.200000000000000000e+02	1.491843732455863858e+01
9.210000000000000000e+02	1.477793555880965570e+01
9.220000000000000000e+02	1.466287251848198636e+01
9.230000000000000000e+02	1.457388020270248674e+01
9.240000000000000000e+02	1.451143485933584465e+01
9.250000000000000000e+02	1.447585032218083079e+01
9.260000000000000000e+02	1.446727295528098267e+01
9.270000000000000000e+02	1.448567835915298474e+01
9.280000000000000000e+02	1.453086996056410385e+01
9.290000000000000000e+02	1.460247956935592129e+01
9.300000000000000000e+02	1.469996994378409383e+01
9.310000000000000000e+02	1.482263936136393134e+01
9.320000000000000000e+02	1.496962814680994569e+01
9.330000000000000000e+02	1.513992706394324728e+01
9.340000000000000000e+02	1.533238743607934929e+01
9.350000000000000000e+02	1.554573282090354347e+01
9.360000000000000000e+02	1.577857203258018259e+01
9.370000000000000000e+02	1.602941327695851470e+01
9.380000000000000000e+02	1.629667914606277535e+01
9.390000000000000000e+02	1.657872220608155445e+01
9.400000000000000000e+02	1.687384090898168409e+01
9.410000000000000000e+02	1.718029556145171455e+01
9.420000000000000000e+02	1.749632409565053237e+01
9.430000000000000000e+02	1.782015740341387300e+01
9.440000000000000000e+02	1.815003401817558881e+01
9.450000000000000000e+02	1.848421395575222803e+01
9.460000000000000000e+02	1.882099155510424282e+01
9.470000000000000000e+02	1.915870719196997740e+01
9.480000000000000000e+02	1.949575777072428195e+01
9.490000000000000000e+02	1.983060593177652464e+01
9.500000000000000000e+02	2.016178794239711891e+01
9.510000000000000000e+02	2.048792026721180548e+01
9.520000000000000000e+02	2.080770484010159294e+01
9.530000000000000000e+02	2.111993308150124093e+01
9.540000000000000000e+02	2.142348872376609847e+01
9.550000000000000000e+02	2.171734952234093896e+01
9.560000000000000000e+02	2.200058794192545975e+01
9.570000000000000000e+02	2.227237091484063214e+01
9.580000000000000000e+02	2.253195877363070565e+01
9.590000000000000000e+02	2.277870346191269846e+01
9.600000000000000000e+02	2.301204612692971097e+01
9.610000000000000000e+02	2.323151419463201250e+01
9.620000000000000000e+02	2.343671802371419588e+01
9.630000000000000000e+02	2.362734722932453124e+01
9.640000000000000000e+02	2.380316676043240776e+01
9.650000000000000000e+02	2.396401280746604456e+01
9.660000000000000000e+02	2.410978860903913912e+01
9.670000000000000000e+02	2.424046021868056044e+01
9.680000000000000000e+02	2.435605228463435523e+01
9.690000000000000000e+02	2.445664388817136370e+01
9.700000000000000000e+02	2.454236447859507919e+01
9.710000000000000000e+02	2.461338993631033745e+01
9.720000000000000000e+02	2.466993878905217485e+01
9.730000000000000000e+02	2.471226860060126640e+01
9.740000000000000000e+02	2.474067254620111811e+01
9.750000000000000000e+02	2.475547618425455809e+01
9.760000000000000000e+02	2.475703442988229597e+01
9.770000000000000000e+02	2.474572873243123894e+01
9.780000000000000000e+02	2.472196445600374304e+01
9.790000000000000000e+02	2.468616845957101091e+01
9.800000000000000000e+02	2.463878687112612909e+01
9.810000000000000000e+02	2.458028304859528390e+01
9.820000000000000000e+02	2.451113571883827902e+01
9.830000000000000000e+02	2.443183728500130059e+01
9.840000000000000000e+02	2.434289229161425183e+01
9.850000000000000000e+02	2.424481603626316684e+01
9.860000000000000000e+02	2.413813331619950375e+01
9.870000000000000000e+02	2.402337729803706878e+01
9.880000000000000000e+02	2.390108849851925399e+01
9.890000000000000000e+02	2.377181386435114163e+01
9.900000000000000000e+02	2.363610593914365410e+01
9.910000000000000000e+02	2.349452210568262700e+01
9.920000000000000000e+02	2.334762389189052101e+01
9.930000000000000000e+02	2.319597632917860253e+01
9.940000000000000000e+02	2.304014735209139531e+01
9.950000000000000000e+02	2.288070722849916194e+01
9.960000000000000000e+02	2.271822800995794012e+01
9.970000000000000000e+02	2.255328299220661137e+01
9.980000000000000000e+02	2.238644617614847476e+01
9.990000000000000000e+02	2.221829172012242282e+01
1.000000000000000000e+03	2.204939337470619876e+01
