# Fresnel Simulation Metadata
# ---------------------------
# Layer 0: Air (Espesor Infinito)
# Layer 1: GaN (cubico) v2 | Input: 440.00 nm | Optimized: 442.21 nm
# Layer 2: SiC | Input: 1550.00 nm | Optimized: 1524.73 nm
# Layer 3: Si (Espesor Infinito)
# 
# Wavelength(nm)	Response
4.000000000000000000e+02	1.048850789124067440e+01
4.010000000000000000e+02	1.529319374864872394e+01
4.020000000000000000e+02	2.137768421151885434e+01
4.030000000000000000e+02	2.661673826183583458e+01
4.040000000000000000e+02	2.971973694091180818e+01
4.050000000000000000e+02	3.014881062892132491e+01
4.060000000000000000e+02	2.775350732477971860e+01
4.070000000000000000e+02	2.271263576032423970e+01
4.080000000000000000e+02	1.578330465158392748e+01
4.090000000000000000e+02	8.471289921224641972e+00
4.100000000000000000e+02	3.238097571554026999e+00
4.110000000000000000e+02	2.478544328376175443e+00
4.120000000000000000e+02	6.550743094282431400e+00
4.130000000000000000e+02	1.340083269836758539e+01
4.140000000000000000e+02	2.040478033660443913e+01
4.150000000000000000e+02	2.585772767058779920e+01
4.160000000000000000e+02	2.904981137145192349e+01
4.170000000000000000e+02	2.982029310658446519e+01
4.180000000000000000e+02	2.820019283791595655e+01
4.190000000000000000e+02	2.429733945368457171e+01
4.200000000000000000e+02	1.842647836499629221e+01
4.210000000000000000e+02	1.140119009948482720e+01
4.220000000000000000e+02	4.816580077308238117e+00
4.230000000000000000e+02	8.992786066729205885e-01
4.240000000000000000e+02	1.319752691434085357e+00
4.250000000000000000e+02	5.914125240035778219e+00
4.260000000000000000e+02	1.285538491876488898e+01
4.270000000000000000e+02	2.001425396587723071e+01
4.280000000000000000e+02	2.601780981535090120e+01
4.290000000000000000e+02	3.023602960673472495e+01
4.300000000000000000e+02	3.248553180827768472e+01
4.310000000000000000e+02	3.274221812737046378e+01
4.320000000000000000e+02	3.102055669809976024e+01
4.330000000000000000e+02	2.736361677049807639e+01
4.340000000000000000e+02	2.194069604489628489e+01
4.350000000000000000e+02	1.524389088450877772e+01
4.360000000000000000e+02	8.367579588045945371e+00
4.370000000000000000e+02	3.082755852723551904e+00
4.380000000000000000e+02	1.286550864193586996e+00
4.390000000000000000e+02	3.761265102590956033e+00
4.400000000000000000e+02	9.556448103201701016e+00
4.410000000000000000e+02	1.675007126899802756e+01
4.420000000000000000e+02	2.366483040351582190e+01
4.430000000000000000e+02	2.934464302008660752e+01
4.440000000000000000e+02	3.339878634820201597e+01
4.450000000000000000e+02	3.573869844940521290e+01
4.460000000000000000e+02	3.638172542438395141e+01
4.470000000000000000e+02	3.537250975888004945e+01
4.480000000000000000e+02	3.272806262431207358e+01
4.490000000000000000e+02	2.846429736695310453e+01
4.500000000000000000e+02	2.270586091224477343e+01
4.510000000000000000e+02	1.589410571519194626e+01
4.520000000000000000e+02	9.003941688255270748e+00
4.530000000000000000e+02	3.544688368795609890e+00
4.540000000000000000e+02	1.072679433365973267e+00
4.550000000000000000e+02	2.338316247584176111e+00
4.560000000000000000e+02	6.790705459965309387e+00
4.570000000000000000e+02	1.298571274026118694e+01
4.580000000000000000e+02	1.942605949756693917e+01
4.590000000000000000e+02	2.510327963790636829e+01
4.600000000000000000e+02	2.950877230945528140e+01
4.610000000000000000e+02	3.246851078869489982e+01
4.620000000000000000e+02	3.396923767542800476e+01
4.630000000000000000e+02	3.403527330523171202e+01
4.640000000000000000e+02	3.270203042415042205e+01
4.650000000000000000e+02	2.998354198429665018e+01
4.660000000000000000e+02	2.591956453142655192e+01
4.670000000000000000e+02	2.063829054313513467e+01
4.680000000000000000e+02	1.449162467334144999e+01
4.690000000000000000e+02	8.192728373908790829e+00
4.700000000000000000e+02	2.787601009388523288e+00
4.710000000000000000e+02	-5.849732423068187970e-01
4.720000000000000000e+02	-1.150269221379734752e+00
4.730000000000000000e+02	1.123764523327221099e+00
4.740000000000000000e+02	5.526813225047051858e+00
4.750000000000000000e+02	1.096432701666621412e+01
4.760000000000000000e+02	1.639427927745028768e+01
4.770000000000000000e+02	2.111678878481802712e+01
4.780000000000000000e+02	2.477317227660302734e+01
4.790000000000000000e+02	2.723749232267577014e+01
4.800000000000000000e+02	2.849947306612165931e+01
4.810000000000000000e+02	2.857029607065624077e+01
4.820000000000000000e+02	2.746164999647544391e+01
4.830000000000000000e+02	2.520192044346412530e+01
4.840000000000000000e+02	2.185850101097801002e+01
4.850000000000000000e+02	1.759260487435076925e+01
4.860000000000000000e+02	1.267764940451648137e+01
4.870000000000000000e+02	7.582663538059204456e+00
4.880000000000000000e+02	2.967763292150393362e+00
4.890000000000000000e+02	-3.932978347960709442e-01
4.900000000000000000e+02	-1.842031308113982746e+00
4.910000000000000000e+02	-1.087644758149039603e+00
4.920000000000000000e+02	1.668675518694755944e+00
4.930000000000000000e+02	5.825772451787850414e+00
4.940000000000000000e+02	1.063942833578388125e+01
4.950000000000000000e+02	1.544991167530560894e+01
4.960000000000000000e+02	1.977827570008855673e+01
4.970000000000000000e+02	2.335086095194426292e+01
4.980000000000000000e+02	2.603556629618713458e+01
4.990000000000000000e+02	2.777999659361920237e+01
5.000000000000000000e+02	2.857891276856820184e+01
5.010000000000000000e+02	2.843906034058546339e+01
5.020000000000000000e+02	2.737993886336631988e+01
5.030000000000000000e+02	2.543176922444310151e+01
5.040000000000000000e+02	2.266044123315268877e+01
5.050000000000000000e+02	1.918173476771859498e+01
5.060000000000000000e+02	1.517546548858791589e+01
5.070000000000000000e+02	1.092570975758770402e+01
5.080000000000000000e+02	6.835647509019374013e+00
5.090000000000000000e+02	3.420483519298111119e+00
5.100000000000000000e+02	1.207005555253576112e+00
5.110000000000000000e+02	5.993970655640223910e-01
5.120000000000000000e+02	1.716232126548481673e+00
5.130000000000000000e+02	4.346394326979982736e+00
5.140000000000000000e+02	8.051012912054202886e+00
5.150000000000000000e+02	1.231527763218672966e+01
5.160000000000000000e+02	1.667034998249962996e+01
5.170000000000000000e+02	2.075586295513488722e+01
5.180000000000000000e+02	2.433612465942984926e+01
5.190000000000000000e+02	2.727546785709596833e+01
5.200000000000000000e+02	2.950248382929677149e+01
5.210000000000000000e+02	3.099602289612798955e+01
5.220000000000000000e+02	3.175935022247296757e+01
5.230000000000000000e+02	3.180389362901772898e+01
5.240000000000000000e+02	3.114251572031822946e+01
5.250000000000000000e+02	2.979149643313278517e+01
5.260000000000000000e+02	2.776834751323999484e+01
5.270000000000000000e+02	2.512057734489979310e+01
5.280000000000000000e+02	2.193231531358518538e+01
5.290000000000000000e+02	1.832944505460309870e+01
5.300000000000000000e+02	1.453206688952215053e+01
5.310000000000000000e+02	1.082035061767489026e+01
5.320000000000000000e+02	7.542410391997325547e+00
5.330000000000000000e+02	5.048229123167194743e+00
5.340000000000000000e+02	3.648137927083661580e+00
5.350000000000000000e+02	3.515293313565498678e+00
5.360000000000000000e+02	4.646469099131977032e+00
5.370000000000000000e+02	6.867737086024458648e+00
5.380000000000000000e+02	9.878993174673968980e+00
5.390000000000000000e+02	1.333951360371433204e+01
5.400000000000000000e+02	1.692725209540853371e+01
5.410000000000000000e+02	2.037400512755883142e+01
5.420000000000000000e+02	2.348797823806764029e+01
5.430000000000000000e+02	2.615268685520898373e+01
5.440000000000000000e+02	2.829543960193242924e+01
5.450000000000000000e+02	2.988545784489367207e+01
5.460000000000000000e+02	3.091792386480985755e+01
5.470000000000000000e+02	3.139305884380384981e+01
5.480000000000000000e+02	3.131550734849700035e+01
5.490000000000000000e+02	3.069160962868384956e+01
5.500000000000000000e+02	2.952901798186032067e+01
5.510000000000000000e+02	2.784493346546207704e+01
5.520000000000000000e+02	2.567032763993332622e+01
5.530000000000000000e+02	2.306308581203923325e+01
5.540000000000000000e+02	2.010252036133424269e+01
5.550000000000000000e+02	1.690359097665340471e+01
5.560000000000000000e+02	1.361572058702631516e+01
5.570000000000000000e+02	1.042665880174982185e+01
5.580000000000000000e+02	7.552702317485744388e+00
5.590000000000000000e+02	5.217883800560096930e+00
5.600000000000000000e+02	3.631728692967678640e+00
5.610000000000000000e+02	2.937494662658326483e+00
5.620000000000000000e+02	3.182513942044755240e+00
5.630000000000000000e+02	4.302655365897688711e+00
5.640000000000000000e+02	6.143715671310728155e+00
5.650000000000000000e+02	8.501416320494026735e+00
5.660000000000000000e+02	1.114975236895615929e+01
5.670000000000000000e+02	1.389264060742287121e+01
5.680000000000000000e+02	1.656136842560466249e+01
5.690000000000000000e+02	1.902413357578877395e+01
5.700000000000000000e+02	2.119374731662136924e+01
5.710000000000000000e+02	2.300482886097935165e+01
5.720000000000000000e+02	2.441747370189492017e+01
5.730000000000000000e+02	2.540728504518573061e+01
5.740000000000000000e+02	2.596576032706985160e+01
5.750000000000000000e+02	2.609122624930862600e+01
5.760000000000000000e+02	2.578815457492049035e+01
5.770000000000000000e+02	2.506578666334416283e+01
5.780000000000000000e+02	2.393999147704504082e+01
5.790000000000000000e+02	2.243163288211474082e+01
5.800000000000000000e+02	2.057452346524041786e+01
5.810000000000000000e+02	1.841035694829241720e+01
5.820000000000000000e+02	1.599565729556922200e+01
5.830000000000000000e+02	1.341556942391062002e+01
5.840000000000000000e+02	1.076662388923212177e+01
5.850000000000000000e+02	8.166656219681311057e+00
5.860000000000000000e+02	5.757353098913085887e+00
5.870000000000000000e+02	3.679717845393950526e+00
5.880000000000000000e+02	2.065049703185188434e+00
5.890000000000000000e+02	1.022944101994609056e+00
5.900000000000000000e+02	6.143301327780648080e-01
5.910000000000000000e+02	8.522248615244567560e-01
5.920000000000000000e+02	1.696543499076933692e+00
5.930000000000000000e+02	3.058629859248698679e+00
5.940000000000000000e+02	4.826304670344343961e+00
5.950000000000000000e+02	6.859329392167520467e+00
5.960000000000000000e+02	9.033931826163282608e+00
5.970000000000000000e+02	1.122709324435927591e+01
5.980000000000000000e+02	1.334241386994446010e+01
5.990000000000000000e+02	1.529658751175702314e+01
6.000000000000000000e+02	1.703068400521378578e+01
6.010000000000000000e+02	1.849922593384237501e+01
6.020000000000000000e+02	1.967504337424847449e+01
6.030000000000000000e+02	2.054226607299087703e+01
6.040000000000000000e+02	2.109014657917054336e+01
6.050000000000000000e+02	2.131603049097915914e+01
6.060000000000000000e+02	2.122135898774685359e+01
6.070000000000000000e+02	2.081154572554844151e+01
6.080000000000000000e+02	2.009771872556876815e+01
6.090000000000000000e+02	1.909242822637276049e+01
6.100000000000000000e+02	1.781882690215354614e+01
6.110000000000000000e+02	1.630343259668909184e+01
6.120000000000000000e+02	1.458413498405528408e+01
6.130000000000000000e+02	1.270959887306868019e+01
6.140000000000000000e+02	1.073548770402344132e+01
6.150000000000000000e+02	8.732366667338103738e+00
6.160000000000000000e+02	6.778668214288908089e+00
6.170000000000000000e+02	4.964037813318656234e+00
6.180000000000000000e+02	3.375649647959127364e+00
6.190000000000000000e+02	2.097232183870310962e+00
6.200000000000000000e+02	1.201801516912070156e+00
6.210000000000000000e+02	7.379764249967664114e-01
6.220000000000000000e+02	7.317017708372990370e-01
6.230000000000000000e+02	1.178532022984958516e+00
6.240000000000000000e+02	2.047256973550480197e+00
6.250000000000000000e+02	3.284927994718518818e+00
6.260000000000000000e+02	4.818490434933314859e+00
6.270000000000000000e+02	6.572132957843660250e+00
6.280000000000000000e+02	8.461009268188682597e+00
6.290000000000000000e+02	1.040647547116891580e+01
6.300000000000000000e+02	1.234213714400017103e+01
6.310000000000000000e+02	1.420281283427506658e+01
6.320000000000000000e+02	1.593831765381839638e+01
6.330000000000000000e+02	1.751535782163002608e+01
6.340000000000000000e+02	1.890163866330088638e+01
6.350000000000000000e+02	2.007803812125134613e+01
6.360000000000000000e+02	2.103012320488232234e+01
6.370000000000000000e+02	2.175218493362624628e+01
6.380000000000000000e+02	2.223871562918777300e+01
6.390000000000000000e+02	2.248902643427252457e+01
6.400000000000000000e+02	2.250497973722868039e+01
6.410000000000000000e+02	2.229083493687535622e+01
6.420000000000000000e+02	2.185237031854831002e+01
6.430000000000000000e+02	2.120029451081856564e+01
6.440000000000000000e+02	2.034448405665472137e+01
6.450000000000000000e+02	1.929989358233833485e+01
6.460000000000000000e+02	1.808816240781469986e+01
6.470000000000000000e+02	1.673022737350051159e+01
6.480000000000000000e+02	1.525761691033680556e+01
6.490000000000000000e+02	1.370619289162968890e+01
6.500000000000000000e+02	1.211190571707126828e+01
6.510000000000000000e+02	1.052932214932698862e+01
6.520000000000000000e+02	9.007761405402012755e+00
6.530000000000000000e+02	7.595230527747935056e+00
6.540000000000000000e+02	6.352497282545435553e+00
6.550000000000000000e+02	5.327119206081841085e+00
6.560000000000000000e+02	4.565805553781858706e+00
6.570000000000000000e+02	4.099901278623930168e+00
6.580000000000000000e+02	3.953751790695733348e+00
6.590000000000000000e+02	4.134166990705290701e+00
6.600000000000000000e+02	4.633091163662177436e+00
6.610000000000000000e+02	5.429088927288276523e+00
6.620000000000000000e+02	6.487778978503275340e+00
6.630000000000000000e+02	7.765023692711364944e+00
6.640000000000000000e+02	9.212393567070412459e+00
6.650000000000000000e+02	1.077942335296295440e+01
6.660000000000000000e+02	1.241678913133196893e+01
6.670000000000000000e+02	1.407814321704577587e+01
6.680000000000000000e+02	1.572276646362109709e+01
6.690000000000000000e+02	1.731250688175767749e+01
6.700000000000000000e+02	1.881719620275244154e+01
6.710000000000000000e+02	2.021355650848362018e+01
6.720000000000000000e+02	2.148272903118869692e+01
6.730000000000000000e+02	2.260859311743283939e+01
6.740000000000000000e+02	2.358272491171011609e+01
6.750000000000000000e+02	2.439743583856648002e+01
6.760000000000000000e+02	2.504780142085528638e+01
6.770000000000000000e+02	2.553024198560770230e+01
6.780000000000000000e+02	2.584471736299254729e+01
6.790000000000000000e+02	2.599154568841056090e+01
6.800000000000000000e+02	2.597192330052870801e+01
6.810000000000000000e+02	2.578901157661646693e+01
6.820000000000000000e+02	2.544656160774894005e+01
6.830000000000000000e+02	2.494897400347204552e+01
6.840000000000000000e+02	2.430205400077157663e+01
6.850000000000000000e+02	2.351424815717774663e+01
6.860000000000000000e+02	2.259511808452546688e+01
6.870000000000000000e+02	2.155477987054246114e+01
6.880000000000000000e+02	2.040796286075945432e+01
6.890000000000000000e+02	1.917201530450284253e+01
6.900000000000000000e+02	1.786395471857248651e+01
6.910000000000000000e+02	1.650642463121445758e+01
6.920000000000000000e+02	1.512454742815059028e+01
6.930000000000000000e+02	1.374734462161952031e+01
6.940000000000000000e+02	1.240618303260131761e+01
6.950000000000000000e+02	1.113099440722401212e+01
6.960000000000000000e+02	9.957151669836727947e+00
6.970000000000000000e+02	8.910219150410966904e+00
6.980000000000000000e+02	8.025123977094819949e+00
6.990000000000000000e+02	7.324768392158947705e+00
7.000000000000000000e+02	6.831446661200915926e+00
7.010000000000000000e+02	6.556996336618105659e+00
7.020000000000000000e+02	6.509591799485395569e+00
7.030000000000000000e+02	6.688073998145599219e+00
7.040000000000000000e+02	7.083611816152393104e+00
7.050000000000000000e+02	7.681535035409373435e+00
7.060000000000000000e+02	8.461230691198274201e+00
7.070000000000000000e+02	9.394470902684590286e+00
7.080000000000000000e+02	1.045478889364440889e+01
7.090000000000000000e+02	1.161355104701787333e+01
7.100000000000000000e+02	1.283838290369494395e+01
7.110000000000000000e+02	1.410298605607978395e+01
7.120000000000000000e+02	1.538001518942845713e+01
7.130000000000000000e+02	1.664361495179609562e+01
7.140000000000000000e+02	1.787768790821634468e+01
7.150000000000000000e+02	1.905742496549211040e+01
7.160000000000000000e+02	2.016882536519538860e+01
7.170000000000000000e+02	2.120297470082552138e+01
7.180000000000000000e+02	2.214486770626140100e+01
7.190000000000000000e+02	2.298807365507981615e+01
7.200000000000000000e+02	2.372417503401873518e+01
7.210000000000000000e+02	2.435094962506887128e+01
7.220000000000000000e+02	2.486245579889725121e+01
7.230000000000000000e+02	2.525686877916612616e+01
7.240000000000000000e+02	2.553268290693666387e+01
7.250000000000000000e+02	2.569023677762665159e+01
7.260000000000000000e+02	2.572938274959201976e+01
7.270000000000000000e+02	2.565109651007448122e+01
7.280000000000000000e+02	2.545742663046803500e+01
7.290000000000000000e+02	2.514978756439688112e+01
7.300000000000000000e+02	2.473169211233621212e+01
7.310000000000000000e+02	2.420595732047868154e+01
7.320000000000000000e+02	2.357657258180682192e+01
7.330000000000000000e+02	2.284857904165887277e+01
7.340000000000000000e+02	2.202505741310544352e+01
7.350000000000000000e+02	2.111613722214438837e+01
7.360000000000000000e+02	2.012970851736496058e+01
7.370000000000000000e+02	1.906984729072351570e+01
7.380000000000000000e+02	1.795199790856173649e+01
7.390000000000000000e+02	1.678703369198237283e+01
7.400000000000000000e+02	1.558672454550279163e+01
7.410000000000000000e+02	1.437062003237759633e+01
7.420000000000000000e+02	1.315207558605400529e+01
7.430000000000000000e+02	1.194896201528116997e+01
7.440000000000000000e+02	1.078283727156665606e+01
7.450000000000000000e+02	9.668312363060204362e+00
7.460000000000000000e+02	8.626659486153878120e+00
7.470000000000000000e+02	7.676469470154945185e+00
7.480000000000000000e+02	6.834979745242005578e+00
7.490000000000000000e+02	6.116335634758403472e+00
7.500000000000000000e+02	5.532939299970045965e+00
7.510000000000000000e+02	5.097318942885882720e+00
7.520000000000000000e+02	4.814236548059561471e+00
7.530000000000000000e+02	4.686668866231723740e+00
7.540000000000000000e+02	4.715025042105933650e+00
7.550000000000000000e+02	4.894978902823698519e+00
7.560000000000000000e+02	5.219561890808870785e+00
7.570000000000000000e+02	5.677530241988485216e+00
7.580000000000000000e+02	6.256919547529216530e+00
7.590000000000000000e+02	6.943077890236104110e+00
7.600000000000000000e+02	7.720165901137628239e+00
7.610000000000000000e+02	8.568967283749628905e+00
7.620000000000000000e+02	9.476690616872511796e+00
7.630000000000000000e+02	1.042030467657104076e+01
7.640000000000000000e+02	1.138849772300578245e+01
7.650000000000000000e+02	1.236371217667939071e+01
7.660000000000000000e+02	1.333191431101764657e+01
7.670000000000000000e+02	1.428175900808538223e+01
7.680000000000000000e+02	1.520139636728021948e+01
7.690000000000000000e+02	1.607952371716171314e+01
7.700000000000000000e+02	1.690734471607946432e+01
7.710000000000000000e+02	1.767925631456013491e+01
7.720000000000000000e+02	1.838732626429886352e+01
7.730000000000000000e+02	1.902679754769201992e+01
7.740000000000000000e+02	1.959502398596636397e+01
7.750000000000000000e+02	2.008531614602117088e+01
7.760000000000000000e+02	2.049640223091300584e+01
7.770000000000000000e+02	2.082786452404922528e+01
7.780000000000000000e+02	2.107636584498266785e+01
7.790000000000000000e+02	2.124173135698903536e+01
7.800000000000000000e+02	2.132360621234796838e+01
7.810000000000000000e+02	2.132213135341763888e+01
7.820000000000000000e+02	2.123741942144855699e+01
7.830000000000000000e+02	2.107108024744048436e+01
7.840000000000000000e+02	2.082331338676257104e+01
7.850000000000000000e+02	2.049673560716997400e+01
7.860000000000000000e+02	2.009331771395201116e+01
7.870000000000000000e+02	1.961394318132116865e+01
7.880000000000000000e+02	1.906198350101517747e+01
7.890000000000000000e+02	1.844151387773699469e+01
7.900000000000000000e+02	1.775578064156331237e+01
7.910000000000000000e+02	1.700780161908228649e+01
7.920000000000000000e+02	1.620432003449656833e+01
7.930000000000000000e+02	1.535008179760623825e+01
7.940000000000000000e+02	1.444823763441753606e+01
7.950000000000000000e+02	1.351100296150940316e+01
7.960000000000000000e+02	1.254442157255700430e+01
7.970000000000000000e+02	1.155317941098358681e+01
7.980000000000000000e+02	1.055212238720208084e+01
7.990000000000000000e+02	9.546706575583751686e+00
8.000000000000000000e+02	8.549885588569869910e+00
