# Fresnel Simulation Metadata
# ---------------------------
# Layer 0: Air (Espesor Infinito)
# Layer 1: GaN (cubico) v2 | Input: 394.00 nm | Optimized: 394.62 nm
# Layer 2: SiC | Input: 1480.00 nm | Optimized: 1479.85 nm
# Layer 3: Si (Espesor Infinito)
# 
# Wavelength(nm)	Response
4.000000000000000000e+02	2.462211913702255472e+01
4.010000000000000000e+02	3.006544226863681502e+01
4.020000000000000000e+02	3.397618948766999125e+01
4.030000000000000000e+02	3.557949742535571858e+01
4.040000000000000000e+02	3.455575588160007783e+01
4.050000000000000000e+02	3.084379072870850891e+01
4.060000000000000000e+02	2.474237454626472399e+01
4.070000000000000000e+02	1.739429552635049347e+01
4.080000000000000000e+02	1.101058111501943770e+01
4.090000000000000000e+02	8.232790936416979122e+00
4.100000000000000000e+02	1.044967078705445473e+01
4.110000000000000000e+02	1.655002676291472596e+01
4.120000000000000000e+02	2.399482367845189756e+01
4.130000000000000000e+02	3.066686351027401614e+01
4.140000000000000000e+02	3.551679538595044505e+01
4.150000000000000000e+02	3.822826863287532717e+01
4.160000000000000000e+02	3.877654523770451789e+01
4.170000000000000000e+02	3.720436120964298965e+01
4.180000000000000000e+02	3.355990552731964982e+01
4.190000000000000000e+02	2.798525002295929198e+01
4.200000000000000000e+02	2.097871537420564891e+01
4.210000000000000000e+02	1.372926272002535342e+01
4.220000000000000000e+02	8.189437737396364270e+00
4.230000000000000000e+02	6.391987407095347962e+00
4.240000000000000000e+02	9.021548554670912878e+00
4.250000000000000000e+02	1.485833937671493032e+01
4.260000000000000000e+02	2.181629751959022911e+01
4.270000000000000000e+02	2.817356075897662393e+01
4.280000000000000000e+02	3.305672429665074930e+01
4.290000000000000000e+02	3.614724654083414634e+01
4.300000000000000000e+02	3.739486277642066625e+01
4.310000000000000000e+02	3.682235515959499850e+01
4.320000000000000000e+02	3.446206109689822483e+01
4.330000000000000000e+02	3.037333263802137040e+01
4.340000000000000000e+02	2.474440806716330243e+01
4.350000000000000000e+02	1.805516776547586133e+01
4.360000000000000000e+02	1.128595612261556447e+01
4.370000000000000000e+02	5.949466226041653094e+00
4.380000000000000000e+02	3.665045722569024278e+00
4.390000000000000000e+02	5.206153745316263404e+00
4.400000000000000000e+02	9.942846527572079651e+00
4.410000000000000000e+02	1.630366005591782752e+01
4.420000000000000000e+02	2.273812331256394614e+01
4.430000000000000000e+02	2.823143416477201839e+01
4.440000000000000000e+02	3.227968458519558936e+01
4.450000000000000000e+02	3.470615215701792522e+01
4.460000000000000000e+02	3.548094456463655888e+01
4.470000000000000000e+02	3.464129019462644266e+01
4.480000000000000000e+02	3.222944809167152869e+01
4.490000000000000000e+02	2.830719009980475676e+01
4.500000000000000000e+02	2.304377688651680955e+01
4.510000000000000000e+02	1.687951853035765737e+01
4.520000000000000000e+02	1.067508659871869092e+01
4.530000000000000000e+02	5.690557368814863182e+00
4.540000000000000000e+02	3.231124548108458505e+00
4.550000000000000000e+02	4.036306414021622047e+00
4.560000000000000000e+02	7.849617767820454617e+00
4.570000000000000000e+02	1.358946391987758062e+01
4.580000000000000000e+02	1.994160922745670916e+01
4.590000000000000000e+02	2.588469870223512004e+01
4.600000000000000000e+02	3.081298289863308071e+01
4.610000000000000000e+02	3.445706591621701165e+01
4.620000000000000000e+02	3.674818699307033398e+01
4.630000000000000000e+02	3.769006891510939994e+01
4.640000000000000000e+02	3.731626029897810071e+01
4.650000000000000000e+02	3.564666879533267263e+01
4.660000000000000000e+02	3.270697711418056031e+01
4.670000000000000000e+02	2.856017314962862130e+01
4.680000000000000000e+02	2.340151397800238087e+01
4.690000000000000000e+02	1.767678771318318809e+01
4.700000000000000000e+02	1.212610497204739701e+01
4.710000000000000000e+02	7.727697163862217167e+00
4.720000000000000000e+02	5.446718371547182080e+00
4.730000000000000000e+02	5.868824031720225598e+00
4.740000000000000000e+02	8.909030286367595863e+00
4.750000000000000000e+02	1.383538672678769110e+01
4.760000000000000000e+02	1.960122486549828835e+01
4.770000000000000000e+02	2.528716317821680448e+01
4.780000000000000000e+02	3.029770670018264056e+01
4.790000000000000000e+02	3.434600881954372653e+01
4.800000000000000000e+02	3.734671873736705550e+01
4.810000000000000000e+02	3.929151897555040307e+01
4.820000000000000000e+02	4.018633973388801905e+01
4.830000000000000000e+02	4.004775941887061208e+01
4.840000000000000000e+02	3.889172459357409650e+01
4.850000000000000000e+02	3.674381891617910867e+01
4.860000000000000000e+02	3.363808363885596719e+01
4.870000000000000000e+02	2.965395059594305849e+01
4.880000000000000000e+02	2.495679753454977501e+01
4.890000000000000000e+02	1.986346987914664552e+01
4.900000000000000000e+02	1.486536740814739588e+01
4.910000000000000000e+02	1.061715677267217828e+01
4.920000000000000000e+02	7.810456479409361386e+00
4.930000000000000000e+02	6.956307758391646168e+00
4.940000000000000000e+02	8.177117239317698960e+00
4.950000000000000000e+02	1.116454905082400018e+01
4.960000000000000000e+02	1.531155732113391110e+01
4.970000000000000000e+02	1.995530184449855327e+01
4.980000000000000000e+02	2.454201302827380715e+01
4.990000000000000000e+02	2.867988397680842994e+01
5.000000000000000000e+02	3.215330731997714508e+01
5.010000000000000000e+02	3.485202108375861485e+01
5.020000000000000000e+02	3.672653783817031581e+01
5.030000000000000000e+02	3.777282087679808598e+01
5.040000000000000000e+02	3.800630117753838988e+01
5.050000000000000000e+02	3.744481862775227654e+01
5.060000000000000000e+02	3.611256047130143543e+01
5.070000000000000000e+02	3.403056051599602938e+01
5.080000000000000000e+02	3.122179359688222533e+01
5.090000000000000000e+02	2.774998444451729540e+01
5.100000000000000000e+02	2.373427334261852906e+01
5.110000000000000000e+02	1.938987471923219630e+01
5.120000000000000000e+02	1.503868439410483937e+01
5.130000000000000000e+02	1.110050642662396747e+01
5.140000000000000000e+02	8.008873136341168930e+00
5.150000000000000000e+02	6.143915229663823752e+00
5.160000000000000000e+02	5.732592111178405503e+00
5.170000000000000000e+02	6.778381032579910759e+00
5.180000000000000000e+02	9.063481617479620667e+00
5.190000000000000000e+02	1.222155550852891714e+01
5.200000000000000000e+02	1.582896707335304498e+01
5.210000000000000000e+02	1.950290248524279946e+01
5.220000000000000000e+02	2.295279615608647106e+01
5.230000000000000000e+02	2.598148053790142598e+01
5.240000000000000000e+02	2.846786210257169358e+01
5.250000000000000000e+02	3.034644225527533123e+01
5.260000000000000000e+02	3.159139706063756137e+01
5.270000000000000000e+02	3.218559895125430614e+01
5.280000000000000000e+02	3.213499737711958915e+01
5.290000000000000000e+02	3.144819796569311521e+01
5.300000000000000000e+02	3.014553826395563974e+01
5.310000000000000000e+02	2.825588690363471756e+01
5.320000000000000000e+02	2.583128726981843215e+01
5.330000000000000000e+02	2.293813345841167006e+01
5.340000000000000000e+02	1.968873514551969706e+01
5.350000000000000000e+02	1.624113795445859765e+01
5.360000000000000000e+02	1.279044162679534580e+01
5.370000000000000000e+02	9.590838219685668520e+00
5.380000000000000000e+02	6.919063684887823307e+00
5.390000000000000000e+02	5.029788008137732191e+00
5.400000000000000000e+02	4.115560092651413093e+00
5.410000000000000000e+02	4.259756941894029758e+00
5.420000000000000000e+02	5.410999513932829963e+00
5.430000000000000000e+02	7.404935496927775418e+00
5.440000000000000000e+02	9.998343027313428166e+00
5.450000000000000000e+02	1.292539112561713921e+01
5.460000000000000000e+02	1.595033034760514568e+01
5.470000000000000000e+02	1.887273410654793793e+01
5.480000000000000000e+02	2.154347923789385888e+01
5.490000000000000000e+02	2.385314120452463982e+01
5.500000000000000000e+02	2.573547703603394865e+01
5.510000000000000000e+02	2.714372050798467129e+01
5.520000000000000000e+02	2.805565655193622376e+01
5.530000000000000000e+02	2.846403310053444713e+01
5.540000000000000000e+02	2.837624035768829955e+01
5.550000000000000000e+02	2.780724048728886899e+01
5.560000000000000000e+02	2.677687807460636904e+01
5.570000000000000000e+02	2.531001684021000742e+01
5.580000000000000000e+02	2.344117637027725820e+01
5.590000000000000000e+02	2.121654674276458508e+01
5.600000000000000000e+02	1.870991001001750931e+01
5.610000000000000000e+02	1.602381712274164727e+01
5.620000000000000000e+02	1.329155113504049623e+01
5.630000000000000000e+02	1.068292928332683900e+01
5.640000000000000000e+02	8.373302506072525020e+00
5.650000000000000000e+02	6.536312580842444930e+00
5.660000000000000000e+02	5.325198571563246830e+00
5.670000000000000000e+02	4.838472328905132791e+00
5.680000000000000000e+02	5.116525580881302382e+00
5.690000000000000000e+02	6.128277725070278237e+00
5.700000000000000000e+02	7.783253500537859360e+00
5.710000000000000000e+02	9.941071510554927215e+00
5.720000000000000000e+02	1.243681449932454797e+01
5.730000000000000000e+02	1.510184927676457889e+01
5.740000000000000000e+02	1.778499859163303753e+01
5.750000000000000000e+02	2.036122018999544281e+01
5.760000000000000000e+02	2.273271502523116538e+01
5.770000000000000000e+02	2.482879875629379995e+01
5.780000000000000000e+02	2.660366839215735268e+01
5.790000000000000000e+02	2.803064090543079345e+01
5.800000000000000000e+02	2.909268591077668376e+01
5.810000000000000000e+02	2.978554367249920531e+01
5.820000000000000000e+02	3.010893770509401790e+01
5.830000000000000000e+02	3.006633150058814508e+01
5.840000000000000000e+02	2.966552069773258893e+01
5.850000000000000000e+02	2.891586152378587826e+01
5.860000000000000000e+02	2.783403578898533226e+01
5.870000000000000000e+02	2.644057770484122827e+01
5.880000000000000000e+02	2.476475339644190754e+01
5.890000000000000000e+02	2.285137229910541024e+01
5.900000000000000000e+02	2.075132723763769960e+01
5.910000000000000000e+02	1.853474415984687340e+01
5.920000000000000000e+02	1.628751450950928259e+01
5.930000000000000000e+02	1.411575264233142590e+01
5.940000000000000000e+02	1.212312754273447446e+01
5.950000000000000000e+02	1.043272321730281682e+01
5.960000000000000000e+02	9.146901167340292460e+00
5.970000000000000000e+02	8.338097914716254166e+00
5.980000000000000000e+02	8.082386750721550328e+00
5.990000000000000000e+02	8.397800942361731913e+00
6.000000000000000000e+02	9.251362693130564807e+00
6.010000000000000000e+02	1.058425731568673989e+01
6.020000000000000000e+02	1.230781001719768142e+01
6.030000000000000000e+02	1.432062168576366901e+01
6.040000000000000000e+02	1.651260886657949811e+01
6.050000000000000000e+02	1.878328066996722967e+01
6.060000000000000000e+02	2.104566459508809828e+01
6.070000000000000000e+02	2.321656758498273376e+01
6.080000000000000000e+02	2.523861671496429082e+01
6.090000000000000000e+02	2.707161856327224925e+01
6.100000000000000000e+02	2.867765355789050830e+01
6.110000000000000000e+02	3.003821722001123362e+01
6.120000000000000000e+02	3.113881860462635132e+01
6.130000000000000000e+02	3.197149048539238336e+01
6.140000000000000000e+02	3.253485936940587919e+01
6.150000000000000000e+02	3.282845262123920094e+01
6.160000000000000000e+02	3.285437637807261524e+01
6.170000000000000000e+02	3.261688567961883933e+01
6.180000000000000000e+02	3.212215995147253977e+01
6.190000000000000000e+02	3.137785694844162876e+01
6.200000000000000000e+02	3.039684206220189111e+01
6.210000000000000000e+02	2.919170271403622863e+01
6.220000000000000000e+02	2.778132462120623103e+01
6.230000000000000000e+02	2.619514751303099231e+01
6.240000000000000000e+02	2.446014898950912908e+01
6.250000000000000000e+02	2.261378796745709252e+01
6.260000000000000000e+02	2.070683129103178288e+01
6.270000000000000000e+02	1.878906354825203806e+01
6.280000000000000000e+02	1.692612985838449902e+01
6.290000000000000000e+02	1.518594687876209370e+01
6.300000000000000000e+02	1.363356346132431085e+01
6.310000000000000000e+02	1.234053585161110611e+01
6.320000000000000000e+02	1.136402863696645760e+01
6.330000000000000000e+02	1.074490206437524442e+01
6.340000000000000000e+02	1.051184894291089478e+01
6.350000000000000000e+02	1.066951689403097525e+01
6.360000000000000000e+02	1.120225042941935101e+01
6.370000000000000000e+02	1.207791168858153519e+01
6.380000000000000000e+02	1.324749657049587093e+01
6.390000000000000000e+02	1.465315882738480369e+01
6.400000000000000000e+02	1.622944017781729897e+01
6.410000000000000000e+02	1.791767002106264783e+01
6.420000000000000000e+02	1.965687924376883089e+01
6.430000000000000000e+02	2.138806567821747606e+01
6.440000000000000000e+02	2.307076703563194897e+01
6.450000000000000000e+02	2.466576633150638287e+01
6.460000000000000000e+02	2.613895545922298425e+01
6.470000000000000000e+02	2.747032299426781421e+01
6.480000000000000000e+02	2.863983918131071249e+01
6.490000000000000000e+02	2.963484446964663732e+01
6.500000000000000000e+02	3.044953448826391806e+01
6.510000000000000000e+02	3.107467329109160303e+01
6.520000000000000000e+02	3.150912358295745364e+01
6.530000000000000000e+02	3.175331749156218208e+01
6.540000000000000000e+02	3.180656743801921138e+01
6.550000000000000000e+02	3.167126498668515566e+01
6.560000000000000000e+02	3.135108436235541873e+01
6.570000000000000000e+02	3.084906677579392209e+01
6.580000000000000000e+02	3.017166501316717131e+01
6.590000000000000000e+02	2.932552422221477784e+01
6.600000000000000000e+02	2.832098041691838475e+01
6.610000000000000000e+02	2.716759709632713538e+01
6.620000000000000000e+02	2.588090404303070002e+01
6.630000000000000000e+02	2.447958981888541174e+01
6.640000000000000000e+02	2.298466219280405909e+01
6.650000000000000000e+02	2.142124331582522245e+01
6.660000000000000000e+02	1.981777185460739332e+01
6.670000000000000000e+02	1.820722948600558411e+01
6.680000000000000000e+02	1.662492096626751348e+01
6.690000000000000000e+02	1.511141694621880838e+01
6.700000000000000000e+02	1.370646170021929677e+01
6.710000000000000000e+02	1.244737739000641952e+01
6.720000000000000000e+02	1.137011763859888092e+01
6.730000000000000000e+02	1.050723080000665988e+01
6.740000000000000000e+02	9.881208503896608875e+00
6.750000000000000000e+02	9.508620588639685067e+00
6.760000000000000000e+02	9.396595075346825254e+00
6.770000000000000000e+02	9.542084593561911632e+00
6.780000000000000000e+02	9.932584710425098606e+00
6.790000000000000000e+02	1.054785696262830896e+01
6.800000000000000000e+02	1.136091006518219260e+01
6.810000000000000000e+02	1.233817301222812901e+01
6.820000000000000000e+02	1.344516947475969459e+01
6.830000000000000000e+02	1.464729467302977817e+01
6.840000000000000000e+02	1.590958877367401847e+01
6.850000000000000000e+02	1.719720298934956304e+01
6.860000000000000000e+02	1.847980350417224216e+01
6.870000000000000000e+02	1.973259318883729918e+01
6.880000000000000000e+02	2.093075715593628416e+01
6.890000000000000000e+02	2.205401443800727890e+01
6.900000000000000000e+02	2.308843345670339886e+01
6.910000000000000000e+02	2.402045578842009377e+01
6.920000000000000000e+02	2.483996802755023126e+01
6.930000000000000000e+02	2.553876832174966083e+01
6.940000000000000000e+02	2.610998419351947675e+01
6.950000000000000000e+02	2.655119736638204131e+01
6.960000000000000000e+02	2.685914435075106255e+01
6.970000000000000000e+02	2.703383670070553890e+01
6.980000000000000000e+02	2.707406763382546089e+01
6.990000000000000000e+02	2.698039141703425514e+01
7.000000000000000000e+02	2.675505854717867393e+01
7.010000000000000000e+02	2.640013943626975390e+01
7.020000000000000000e+02	2.591899900276841251e+01
7.030000000000000000e+02	2.531604871851865823e+01
7.040000000000000000e+02	2.459739055084738979e+01
7.050000000000000000e+02	2.376867370518598932e+01
7.060000000000000000e+02	2.283793299972182211e+01
7.070000000000000000e+02	2.181766719203672622e+01
7.080000000000000000e+02	2.071761443568245653e+01
7.090000000000000000e+02	1.954986187477814141e+01
7.100000000000000000e+02	1.833164359973180879e+01
7.110000000000000000e+02	1.707811633729431833e+01
7.120000000000000000e+02	1.580785839174535568e+01
7.130000000000000000e+02	1.454318986902929467e+01
7.140000000000000000e+02	1.329973511999785707e+01
7.150000000000000000e+02	1.210627629856053744e+01
7.160000000000000000e+02	1.098311587468495176e+01
7.170000000000000000e+02	9.948570073709053219e+00
7.180000000000000000e+02	9.027604370177597204e+00
7.190000000000000000e+02	8.237504304217745599e+00
7.200000000000000000e+02	7.596131092261160234e+00
7.210000000000000000e+02	7.114539443691228371e+00
7.220000000000000000e+02	6.803410555332326304e+00
7.230000000000000000e+02	6.667246235248919461e+00
7.240000000000000000e+02	6.705113977921271839e+00
7.250000000000000000e+02	6.912741592018578629e+00
7.260000000000000000e+02	7.281370848542059626e+00
7.270000000000000000e+02	7.796620692097489425e+00
7.280000000000000000e+02	8.444302723500996422e+00
7.290000000000000000e+02	9.207052771176984507e+00
7.300000000000000000e+02	1.006346578121417323e+01
7.310000000000000000e+02	1.099550914245353539e+01
7.320000000000000000e+02	1.198200809475020812e+01
7.330000000000000000e+02	1.300299444553535366e+01
7.340000000000000000e+02	1.404332908394065527e+01
7.350000000000000000e+02	1.508068124230744189e+01
7.360000000000000000e+02	1.610008797939966385e+01
7.370000000000000000e+02	1.709184110440073212e+01
7.380000000000000000e+02	1.803849877451492745e+01
7.390000000000000000e+02	1.893110035901140620e+01
7.400000000000000000e+02	1.976091097867446322e+01
7.410000000000000000e+02	2.051786702339494894e+01
7.420000000000000000e+02	2.119734514416949267e+01
7.430000000000000000e+02	2.179477354458559546e+01
7.440000000000000000e+02	2.230451521686290306e+01
7.450000000000000000e+02	2.272585197060429252e+01
7.460000000000000000e+02	2.305556967630937493e+01
7.470000000000000000e+02	2.329237186664097692e+01
7.480000000000000000e+02	2.343575924820396494e+01
7.490000000000000000e+02	2.348614701551750983e+01
7.500000000000000000e+02	2.344392343753401065e+01
7.510000000000000000e+02	2.331020629000882138e+01
7.520000000000000000e+02	2.308681568548088947e+01
7.530000000000000000e+02	2.277495736971078344e+01
7.540000000000000000e+02	2.237850355906846289e+01
7.550000000000000000e+02	2.189909810905842491e+01
7.560000000000000000e+02	2.134168377107102899e+01
7.570000000000000000e+02	2.071032667907453018e+01
7.580000000000000000e+02	2.001064030042807929e+01
7.590000000000000000e+02	1.924786637455265392e+01
7.600000000000000000e+02	1.842865228697906943e+01
7.610000000000000000e+02	1.756264809364593305e+01
7.620000000000000000e+02	1.665486009249576682e+01
7.630000000000000000e+02	1.571989955697502062e+01
7.640000000000000000e+02	1.476401658272829032e+01
7.650000000000000000e+02	1.380103599170058359e+01
7.660000000000000000e+02	1.284202271731807166e+01
7.670000000000000000e+02	1.189814289828450455e+01
7.680000000000000000e+02	1.098379291342013531e+01
7.690000000000000000e+02	1.011241627878813887e+01
7.700000000000000000e+02	9.297264347394182948e+00
7.710000000000000000e+02	8.550207983559879210e+00
7.720000000000000000e+02	7.884184305609578836e+00
7.730000000000000000e+02	7.309807381444347385e+00
7.740000000000000000e+02	6.835896704885903397e+00
7.750000000000000000e+02	6.473571303194947113e+00
7.760000000000000000e+02	6.227577270865261916e+00
7.770000000000000000e+02	6.101860555202263114e+00
7.780000000000000000e+02	6.099194963996803942e+00
7.790000000000000000e+02	6.218894960274118588e+00
7.800000000000000000e+02	6.458823775336595574e+00
7.810000000000000000e+02	6.813483990428567338e+00
7.820000000000000000e+02	7.277068546850248509e+00
7.830000000000000000e+02	7.841102378462261768e+00
7.840000000000000000e+02	8.496755834374708272e+00
7.850000000000000000e+02	9.231431166165124935e+00
7.860000000000000000e+02	1.003440034273753945e+01
7.870000000000000000e+02	1.089534762394167799e+01
7.880000000000000000e+02	1.180193899337120023e+01
7.890000000000000000e+02	1.274073859521229757e+01
7.900000000000000000e+02	1.370072384678594446e+01
7.910000000000000000e+02	1.467285655232512731e+01
7.920000000000000000e+02	1.564442983275671217e+01
7.930000000000000000e+02	1.660694283605435473e+01
7.940000000000000000e+02	1.755438799645127190e+01
7.950000000000000000e+02	1.847356276372041251e+01
7.960000000000000000e+02	1.935955858591306011e+01
7.970000000000000000e+02	2.020920188078895308e+01
7.980000000000000000e+02	2.101256534970518075e+01
7.990000000000000000e+02	2.176820343557267279e+01
8.000000000000000000e+02	2.247085486068463567e+01
8.010000000000000000e+02	2.311540134289145243e+01
8.020000000000000000e+02	2.369809103580483622e+01
8.030000000000000000e+02	2.421653761568652286e+01
8.040000000000000000e+02	2.466968670356633098e+01
8.050000000000000000e+02	2.505775685969375388e+01
8.060000000000000000e+02	2.538214649177738380e+01
8.070000000000000000e+02	2.564527430560523058e+01
8.080000000000000000e+02	2.585053127459422484e+01
8.090000000000000000e+02	2.600220404177751732e+01
8.100000000000000000e+02	2.610536681569563910e+01
8.110000000000000000e+02	2.616576986981871755e+01
8.120000000000000000e+02	2.618972589398315520e+01
8.130000000000000000e+02	2.618399521364744942e+01
8.140000000000000000e+02	2.615567078591397632e+01
8.150000000000000000e+02	2.611206380012055916e+01
8.160000000000000000e+02	2.606059082282348172e+01
8.170000000000000000e+02	2.600868047717388265e+01
8.180000000000000000e+02	2.596367125419323330e+01
8.190000000000000000e+02	2.593267211820599627e+01
8.200000000000000000e+02	2.592245456406957516e+01
