# Fresnel Simulation Metadata
# ---------------------------
# Layer 0: Air (Espesor Infinito)
# Layer 1: GaN (cubico) v2 | Input: 340.00 nm | Optimized: 342.61 nm
# Layer 2: SiC | Input: 1560.00 nm | Optimized: 1543.02 nm
# Layer 3: Si (Espesor Infinito)
# 
# Wavelength(nm)	Response
3.900000000000000000e+02	1.056978630415765430e+01
3.910000000000000000e+02	9.606432847992548929e+00
3.920000000000000000e+02	1.042435574474494508e+01
3.930000000000000000e+02	1.336882263270451610e+01
3.940000000000000000e+02	1.729923549551442363e+01
3.950000000000000000e+02	2.053356188457614451e+01
3.960000000000000000e+02	2.209735647932870961e+01
3.970000000000000000e+02	2.193242827517664040e+01
3.980000000000000000e+02	2.001159092256282435e+01
3.990000000000000000e+02	1.639179177708027169e+01
4.000000000000000000e+02	1.133416323058842501e+01
4.010000000000000000e+02	5.824801491975646783e+00
4.020000000000000000e+02	2.000375029992072839e+00
4.030000000000000000e+02	2.170959886428690311e+00
4.040000000000000000e+02	6.744448204236707767e+00
4.050000000000000000e+02	1.370298963046731622e+01
4.060000000000000000e+02	2.049252014496226337e+01
4.070000000000000000e+02	2.552508535089408070e+01
4.080000000000000000e+02	2.835156326348619160e+01
4.090000000000000000e+02	2.892301952182643277e+01
4.100000000000000000e+02	2.726039884308106309e+01
4.110000000000000000e+02	2.343782580614879407e+01
4.120000000000000000e+02	1.770483378356797743e+01
4.130000000000000000e+02	1.079540039895836223e+01
4.140000000000000000e+02	4.277687687376564796e+00
4.150000000000000000e+02	4.473993168525485231e-01
4.160000000000000000e+02	1.078746901138641689e+00
4.170000000000000000e+02	5.866121270385958653e+00
4.180000000000000000e+02	1.276592748399999344e+01
4.190000000000000000e+02	1.967094886076097282e+01
4.200000000000000000e+02	2.533105599224078475e+01
4.210000000000000000e+02	2.925263869807508854e+01
4.220000000000000000e+02	3.133878651012184235e+01
4.230000000000000000e+02	3.160837237900320673e+01
4.240000000000000000e+02	3.009375479994292135e+01
4.250000000000000000e+02	2.682789507341483670e+01
4.260000000000000000e+02	2.189377118313998238e+01
4.270000000000000000e+02	1.562564446221236558e+01
4.280000000000000000e+02	8.805410453008386540e+00
4.290000000000000000e+02	2.923339639764012787e+00
4.300000000000000000e+02	-1.323826438371664693e-01
4.310000000000000000e+02	8.613814969007869138e-01
4.320000000000000000e+02	5.444189301527302405e+00
4.330000000000000000e+02	1.188054043756248568e+01
4.340000000000000000e+02	1.842657047346060040e+01
4.350000000000000000e+02	2.402120606858010632e+01
4.360000000000000000e+02	2.820619243249494446e+01
4.370000000000000000e+02	3.085808956731362684e+01
4.380000000000000000e+02	3.197284124337502220e+01
4.390000000000000000e+02	3.157859983586610042e+01
4.400000000000000000e+02	2.969436408600036259e+01
4.410000000000000000e+02	2.634382400912478062e+01
4.420000000000000000e+02	2.158892561644908881e+01
4.430000000000000000e+02	1.564536413588589348e+01
4.440000000000000000e+02	9.079255312326084848e+00
4.450000000000000000e+02	2.976548454703376478e+00
4.460000000000000000e+02	-1.128488273235679351e+00
4.470000000000000000e+02	-1.977801777846143416e+00
4.480000000000000000e+02	6.044706576648710694e-01
4.490000000000000000e+02	5.623970029480720001e+00
4.500000000000000000e+02	1.161990202212381540e+01
4.510000000000000000e+02	1.738037272516693577e+01
4.520000000000000000e+02	2.218555002724695413e+01
4.530000000000000000e+02	2.572796568360407576e+01
4.540000000000000000e+02	2.793310543940562241e+01
4.550000000000000000e+02	2.881581477071186015e+01
4.560000000000000000e+02	2.840644778404360693e+01
4.570000000000000000e+02	2.672538066349988384e+01
4.580000000000000000e+02	2.380218111045538620e+01
4.590000000000000000e+02	1.969638298519429753e+01
4.600000000000000000e+02	1.458445997121721227e+01
4.610000000000000000e+02	8.863539903875052417e+00
4.620000000000000000e+02	3.228210886415540770e+00
4.630000000000000000e+02	-1.306842549715799606e+00
4.640000000000000000e+02	-3.685744310455266515e+00
4.650000000000000000e+02	-3.303153894022789139e+00
4.660000000000000000e+02	-3.603116323251676079e-01
4.670000000000000000e+02	4.283308503487155861e+00
4.680000000000000000e+02	9.565143757419628301e+00
4.690000000000000000e+02	1.461216155008102469e+01
4.700000000000000000e+02	1.890263281341514556e+01
4.710000000000000000e+02	2.219490886943082586e+01
4.720000000000000000e+02	2.441525153369209278e+01
4.730000000000000000e+02	2.555148202194246920e+01
4.740000000000000000e+02	2.560759155225304795e+01
4.750000000000000000e+02	2.458767402671303870e+01
4.760000000000000000e+02	2.252076927671582496e+01
4.770000000000000000e+02	1.947245461688078194e+01
4.780000000000000000e+02	1.556951320441674902e+01
4.790000000000000000e+02	1.104192830737279074e+01
4.800000000000000000e+02	6.247631667042121251e+00
4.810000000000000000e+02	1.735138330774473658e+00
4.820000000000000000e+02	-1.753753997984199842e+00
4.830000000000000000e+02	-3.499692252437677453e+00
4.840000000000000000e+02	-3.097144788752177469e+00
4.850000000000000000e+02	-6.746952030906392395e-01
4.860000000000000000e+02	3.199900012676339500e+00
4.870000000000000000e+02	7.790643250899579542e+00
4.880000000000000000e+02	1.244860025845066609e+01
4.890000000000000000e+02	1.671075544549895397e+01
4.900000000000000000e+02	2.030942134678665667e+01
4.910000000000000000e+02	2.311450716127394855e+01
4.920000000000000000e+02	2.507405532822637895e+01
4.930000000000000000e+02	2.617818122004113235e+01
4.940000000000000000e+02	2.643739303197992285e+01
4.950000000000000000e+02	2.586990649357206706e+01
4.960000000000000000e+02	2.450017955492274524e+01
4.970000000000000000e+02	2.235819501336792570e+01
4.980000000000000000e+02	1.949624994878373485e+01
4.990000000000000000e+02	1.601971417792392316e+01
5.000000000000000000e+02	1.208994074740955860e+01
5.010000000000000000e+02	7.981124779620754950e+00
5.020000000000000000e+02	4.110792789828256133e+00
5.030000000000000000e+02	9.740831137123873162e-01
5.040000000000000000e+02	-9.332211374381467195e-01
5.050000000000000000e+02	-1.279776207533442012e+00
5.060000000000000000e+02	-2.161197655787461258e-02
5.070000000000000000e+02	2.605795441292910297e+00
5.080000000000000000e+02	6.181917495756477976e+00
5.090000000000000000e+02	1.022498440816751319e+01
5.100000000000000000e+02	1.431387314099661090e+01
5.110000000000000000e+02	1.812220470115864401e+01
5.120000000000000000e+02	2.144367447701508667e+01
5.130000000000000000e+02	2.416078626039823973e+01
5.140000000000000000e+02	2.623528413676097415e+01
5.150000000000000000e+02	2.765714459879401232e+01
5.160000000000000000e+02	2.843119477678296647e+01
5.170000000000000000e+02	2.856737791821855410e+01
5.180000000000000000e+02	2.807588493445361877e+01
5.190000000000000000e+02	2.696735589404678990e+01
5.200000000000000000e+02	2.526133516243269383e+01
5.210000000000000000e+02	2.299154917726952618e+01
5.220000000000000000e+02	2.021141644604838916e+01
5.230000000000000000e+02	1.700950901790286451e+01
5.240000000000000000e+02	1.352810876274629415e+01
5.250000000000000000e+02	9.977219464604383248e+00
5.260000000000000000e+02	6.626292763403382580e+00
5.270000000000000000e+02	3.821687378189192685e+00
5.280000000000000000e+02	1.894503016338283885e+00
5.290000000000000000e+02	1.095155108179250547e+00
5.300000000000000000e+02	1.525955803080151441e+00
5.310000000000000000e+02	3.097833053356843891e+00
5.320000000000000000e+02	5.568206664730020350e+00
5.330000000000000000e+02	8.630059188374852752e+00
5.340000000000000000e+02	1.196342908480638734e+01
5.350000000000000000e+02	1.529623922259505697e+01
5.360000000000000000e+02	1.843850712902203526e+01
5.370000000000000000e+02	2.124912762142260902e+01
5.380000000000000000e+02	2.364112016578898334e+01
5.390000000000000000e+02	2.557005753758002697e+01
5.400000000000000000e+02	2.701258058443215049e+01
5.410000000000000000e+02	2.795868728425672600e+01
5.420000000000000000e+02	2.840965074479231589e+01
5.430000000000000000e+02	2.837298141662061113e+01
5.440000000000000000e+02	2.785836066566886160e+01
5.450000000000000000e+02	2.688011768379307398e+01
5.460000000000000000e+02	2.545174576436707525e+01
5.470000000000000000e+02	2.359397037673327446e+01
5.480000000000000000e+02	2.133676777282376946e+01
5.490000000000000000e+02	1.873324315214590996e+01
5.500000000000000000e+02	1.585689514119124333e+01
5.510000000000000000e+02	1.282853052799414506e+01
5.520000000000000000e+02	9.807476738558863261e+00
5.530000000000000000e+02	6.995159903573830107e+00
5.540000000000000000e+02	4.599167936166525195e+00
5.550000000000000000e+02	2.816867529037615725e+00
5.560000000000000000e+02	1.799696690015917255e+00
5.570000000000000000e+02	1.627546441983428238e+00
5.580000000000000000e+02	2.292359026886270357e+00
5.590000000000000000e+02	3.705266359862843473e+00
5.600000000000000000e+02	5.708710055428234398e+00
5.610000000000000000e+02	8.110490243987017678e+00
5.620000000000000000e+02	1.071589222534464447e+01
5.630000000000000000e+02	1.334101625965395321e+01
5.640000000000000000e+02	1.584997958646327199e+01
5.650000000000000000e+02	1.814471506879323215e+01
5.660000000000000000e+02	2.015253508563669982e+01
5.670000000000000000e+02	2.183754984223393336e+01
5.680000000000000000e+02	2.317495478530717179e+01
5.690000000000000000e+02	2.415104514088562127e+01
5.700000000000000000e+02	2.476233665675012929e+01
5.710000000000000000e+02	2.500621522691222509e+01
5.720000000000000000e+02	2.488420944099777188e+01
5.730000000000000000e+02	2.440072110076971512e+01
5.740000000000000000e+02	2.356454209781946219e+01
5.750000000000000000e+02	2.238771346676763585e+01
5.760000000000000000e+02	2.088864796532130441e+01
5.770000000000000000e+02	1.909491747329872169e+01
5.780000000000000000e+02	1.704373708452637715e+01
5.790000000000000000e+02	1.478327504357937805e+01
5.800000000000000000e+02	1.238442774172220417e+01
5.810000000000000000e+02	9.927949991843879829e+00
5.820000000000000000e+02	7.512941578807929233e+00
5.830000000000000000e+02	5.262480415634916753e+00
5.840000000000000000e+02	3.294371349658575809e+00
5.850000000000000000e+02	1.724882596751166730e+00
5.860000000000000000e+02	6.565274425451672613e-01
5.870000000000000000e+02	1.526070661033802622e-01
5.880000000000000000e+02	2.331640790055349299e-01
5.890000000000000000e+02	8.703829330770709305e-01
5.900000000000000000e+02	1.995778338849893530e+00
5.910000000000000000e+02	3.511307464359601838e+00
5.920000000000000000e+02	5.304095370028374390e+00
5.930000000000000000e+02	7.255017760699141505e+00
5.940000000000000000e+02	9.266154830013570987e+00
5.950000000000000000e+02	1.123664672079942939e+01
5.960000000000000000e+02	1.310028623981197349e+01
5.970000000000000000e+02	1.480752577879441212e+01
5.980000000000000000e+02	1.630665174998502920e+01
5.990000000000000000e+02	1.756762826557736901e+01
6.000000000000000000e+02	1.857867043981102029e+01
6.010000000000000000e+02	1.932519646717113915e+01
6.020000000000000000e+02	1.980297079251749182e+01
6.030000000000000000e+02	2.001153991752672567e+01
6.040000000000000000e+02	1.995178611486019093e+01
6.050000000000000000e+02	1.962769377360929468e+01
6.060000000000000000e+02	1.904481600592260548e+01
6.070000000000000000e+02	1.821383567132116355e+01
6.080000000000000000e+02	1.714786920027228945e+01
6.090000000000000000e+02	1.586065548748275411e+01
6.100000000000000000e+02	1.437844915113607236e+01
6.110000000000000000e+02	1.272831618086287797e+01
6.120000000000000000e+02	1.094846627483077661e+01
6.130000000000000000e+02	9.086636230711610196e+00
6.140000000000000000e+02	7.194715474184455672e+00
6.150000000000000000e+02	5.336756011044792913e+00
6.160000000000000000e+02	3.581399131503738786e+00
6.170000000000000000e+02	2.004184229413631613e+00
6.180000000000000000e+02	6.742216939146974397e-01
6.190000000000000000e+02	-3.459954748173021954e-01
6.200000000000000000e+02	-1.006683226644108586e+00
6.210000000000000000e+02	-1.281191045350573710e+00
6.220000000000000000e+02	-1.162956242570125198e+00
6.230000000000000000e+02	-6.706530087148294683e-01
6.240000000000000000e+02	1.585050971275681064e-01
6.250000000000000000e+02	1.272583205221636149e+00
6.260000000000000000e+02	2.606270767053338488e+00
6.270000000000000000e+02	4.096786891437750100e+00
6.280000000000000000e+02	5.676615504726758132e+00
6.290000000000000000e+02	7.284583882497555507e+00
6.300000000000000000e+02	8.871893195327489323e+00
6.310000000000000000e+02	1.038777362545671501e+01
6.320000000000000000e+02	1.179596201233793273e+01
6.330000000000000000e+02	1.307292064511754326e+01
6.340000000000000000e+02	1.419254546323236532e+01
6.350000000000000000e+02	1.514163267150223113e+01
6.360000000000000000e+02	1.590817517436851780e+01
6.370000000000000000e+02	1.648868350786168691e+01
6.380000000000000000e+02	1.687726649255797895e+01
6.390000000000000000e+02	1.707351529936542534e+01
6.400000000000000000e+02	1.707860128534144906e+01
6.410000000000000000e+02	1.689508222577328667e+01
6.420000000000000000e+02	1.652705467815686546e+01
6.430000000000000000e+02	1.598220552655076965e+01
6.440000000000000000e+02	1.526740862616099470e+01
6.450000000000000000e+02	1.439335030038933461e+01
6.460000000000000000e+02	1.337536204628216119e+01
6.470000000000000000e+02	1.222738871750371992e+01
6.480000000000000000e+02	1.097155529675739238e+01
6.490000000000000000e+02	9.632710480315713752e+00
6.500000000000000000e+02	8.234575499712393665e+00
6.510000000000000000e+02	6.817156212683055827e+00
6.520000000000000000e+02	5.415594340875658830e+00
6.530000000000000000e+02	4.064019425514869610e+00
6.540000000000000000e+02	2.810884212873828503e+00
6.550000000000000000e+02	1.694572218931021723e+00
6.560000000000000000e+02	7.574680483333384728e-01
6.570000000000000000e+02	3.072100080658124455e-02
6.580000000000000000e+02	-4.548538722220518693e-01
6.590000000000000000e+02	-6.812806549570096237e-01
6.600000000000000000e+02	-6.405530568979722617e-01
6.610000000000000000e+02	-3.360564702395549830e-01
6.620000000000000000e+02	2.177359937800673606e-01
6.630000000000000000e+02	9.961074032230889941e-01
6.640000000000000000e+02	1.967366040331354426e+00
6.650000000000000000e+02	3.094907075663687834e+00
6.660000000000000000e+02	4.340673956801992972e+00
6.670000000000000000e+02	5.665649408495278649e+00
6.680000000000000000e+02	7.033378810578179596e+00
6.690000000000000000e+02	8.407945048276276978e+00
6.700000000000000000e+02	9.758378063793392343e+00
6.710000000000000000e+02	1.106014062162279110e+01
6.720000000000000000e+02	1.229125649121369257e+01
6.730000000000000000e+02	1.343200915425880915e+01
6.740000000000000000e+02	1.447062559214769628e+01
6.750000000000000000e+02	1.539581773661863728e+01
6.760000000000000000e+02	1.619924109656641065e+01
6.770000000000000000e+02	1.687347833390947471e+01
6.780000000000000000e+02	1.741593580167976540e+01
6.790000000000000000e+02	1.782424218944859717e+01
6.800000000000000000e+02	1.809707473098895036e+01
6.810000000000000000e+02	1.823438155257598936e+01
6.820000000000000000e+02	1.823764128252729932e+01
6.830000000000000000e+02	1.810883972114400819e+01
6.840000000000000000e+02	1.785066770977416439e+01
6.850000000000000000e+02	1.746732497609482238e+01
6.860000000000000000e+02	1.696392905492702141e+01
6.870000000000000000e+02	1.634585210956105783e+01
6.880000000000000000e+02	1.562089224038622071e+01
6.890000000000000000e+02	1.479850370926481240e+01
6.900000000000000000e+02	1.388752893895228802e+01
6.910000000000000000e+02	1.290032866664047795e+01
6.920000000000000000e+02	1.185087603916826460e+01
6.930000000000000000e+02	1.075613483528665704e+01
6.940000000000000000e+02	9.635322110748129276e+00
6.950000000000000000e+02	8.507183934324293872e+00
6.960000000000000000e+02	7.396818452345955919e+00
6.970000000000000000e+02	6.321824022329332493e+00
6.980000000000000000e+02	5.312396330127047150e+00
6.990000000000000000e+02	4.390169622966544338e+00
7.000000000000000000e+02	3.581743325617592788e+00
