Wavelength	k_Cardona	
225.45455	0.68284
225.43405	0.67819
225.41356	0.67356
225.39307	0.66896
225.37259	0.66439
225.35211	0.65984
225.33164	0.65531
225.31117	0.65082
225.2907	0.64634
225.27023	0.6419
225.24977	0.63747
225.22932	0.63308
225.20886	0.62889
225.18841	0.62512
225.16797	0.62169
225.14753	0.61853
225.12709	0.6156
225.10665	0.61289
225.08622	0.61042
225.0658	0.60814
225.04496	0.60603
225.02454	0.60407
225.00413	0.60224
224.98372	0.59967
224.96331	0.5972
224.9429	0.59482
224.9225	0.59255
224.9021	0.59038
224.88171	0.58833
224.86132	0.58638
224.84093	0.58454
224.82055	0.58281
224.80017	0.58118
224.7798	0.57966
224.75943	0.57824
224.73906	0.57692
224.71869	0.5757
224.69833	0.57458
224.67798	0.57356
224.65762	0.57264
224.63727	0.57182
224.61693	0.5711
224.59659	0.57047
224.57625	0.56994
224.55591	0.5695
224.53558	0.56916
224.51526	0.56889
224.49493	0.56866
224.47461	0.56846
224.4543	0.5683
224.43398	0.56816
224.41367	0.56806
224.39337	0.56799
224.37307	0.56796
224.35277	0.56795
224.33248	0.56798
224.31218	0.56803
224.2919	0.56811
224.27161	0.5682
224.25134	0.56831
224.23065	0.56844
224.21038	0.56859
224.19011	0.56875
224.16985	0.56894
224.14959	0.56914
224.12933	0.56936
224.10908	0.5696
224.08883	0.56985
224.06858	0.57013
224.04834	0.57042
224.0281	0.57073
224.00786	0.57105
223.98763	0.57136
223.9674	0.57168
223.94718	0.572
223.92696	0.57232
223.90674	0.57265
223.88653	0.57298
223.86632	0.57331
223.84611	0.57364
223.82591	0.57398
223.80571	0.57431
223.78551	0.57465
223.76532	0.575
223.74513	0.57534
223.72495	0.57569
223.70477	0.57604
223.68459	0.5764
223.66442	0.57675
223.64425	0.57711
223.62408	0.57747
223.60392	0.57783
223.58376	0.5782
223.5636	0.57856
223.54345	0.57893
223.5233	0.5793
223.50316	0.57968
223.48302	0.58006
223.46288	0.58044
223.44275	0.58082
223.42222	0.58121
223.40209	0.5816
223.38197	0.58199
223.36185	0.58239
223.34173	0.58279
223.32162	0.58319
223.30151	0.5836
223.28141	0.584
223.26131	0.58441
223.24121	0.58483
223.22112	0.58525
223.20103	0.58567
223.18094	0.58609
223.16086	0.58652
223.14078	0.58695
223.1207	0.58738
223.10063	0.58782
223.08056	0.58826
223.0605	0.5887
223.04044	0.58914
223.02038	0.58958
223.00033	0.59002
222.98028	0.59046
222.96023	0.5909
222.94019	0.59134
222.92015	0.59178
222.90011	0.59223
222.88008	0.59267
222.86005	0.59311
222.84002	0.59356
222.82	0.594
222.79998	0.59445
222.77997	0.59489
222.75996	0.59533
222.73995	0.59577
222.71995	0.59622
222.69995	0.59666
222.67995	0.5971
222.65996	0.59755
222.63997	0.59799
222.61959	0.59843
222.5996	0.59887
222.57963	0.59932
222.55965	0.59976
222.53968	0.6002
222.51971	0.60064
222.49975	0.60107
222.47979	0.60151
222.45983	0.60195
222.43988	0.60239
222.41993	0.60282
222.39998	0.60326
222.38004	0.60369
222.3601	0.60412
222.34017	0.60455
222.32023	0.60498
222.30031	0.60541
222.28038	0.60585
222.26046	0.60627
222.24054	0.6067
222.22063	0.60713
222.20072	0.60756
222.18081	0.60798
222.16091	0.6084
222.14101	0.60883
222.12111	0.60925
222.10122	0.60967
222.08133	0.6101
222.06145	0.61052
222.04156	0.61094
222.02169	0.61136
222.00181	0.61177
221.98194	0.61218
221.96207	0.61259
221.94221	0.61298
221.92235	0.61337
221.90249	0.61375
221.88264	0.61412
221.86279	0.61449
221.84294	0.61485
221.8227	0.6152
221.80286	0.61554
221.78303	0.61587
221.7632	0.6162
221.74337	0.61652
221.72354	0.61684
221.70372	0.61714
221.6839	0.61744
221.66409	0.61774
221.64428	0.61802
221.62447	0.6183
221.60467	0.61857
221.58487	0.61883
221.56507	0.61908
221.54528	0.61933
221.52549	0.61957
221.5057	0.6198
221.48592	0.62003
221.46614	0.62026
221.44637	0.62048
221.42659	0.6207
221.40683	0.62092
221.38706	0.62114
221.3673	0.62135
221.34754	0.62156
221.32779	0.62177
221.30804	0.62198
221.28829	0.62218
221.26855	0.62239
221.24881	0.62259
221.22907	0.62278
221.20934	0.62298
221.18961	0.62317
221.16988	0.62336
221.15016	0.62354
221.13044	0.6237
221.11072	0.62385
221.09101	0.624
221.0713	0.62413
221.0516	0.62425
221.0315	0.62436
221.01181	0.62447
220.99211	0.62456
220.97242	0.62465
220.95273	0.62473
220.93305	0.62479
220.91337	0.62485
220.89369	0.6249
220.87402	0.62495
220.85435	0.62498
220.83468	0.625
220.81502	0.62502
220.79536	0.62502
220.77571	0.62502
220.75605	0.62501
220.73641	0.62498
220.71676	0.62496
220.69712	0.62492
220.67748	0.62487
220.65785	0.62481
220.63821	0.62474
220.61859	0.62467
220.59896	0.62458
220.57934	0.62448
220.55972	0.62436
220.54011	0.62423
220.5205	0.62409
220.50089	0.62394
220.48129	0.62377
220.46169	0.62358
220.44209	0.62338
220.4225	0.62317
220.40291	0.62294
220.38332	0.62271
220.36374	0.62245
220.34416	0.62218
220.32459	0.6219
220.30502	0.62161
220.28545	0.6213
220.26588	0.62098
220.24593	0.62066
220.22637	0.62034
220.20682	0.62002
220.18727	0.6197
220.16772	0.61938
220.14817	0.61906
220.12863	0.61874
220.1091	0.61843
220.08956	0.61811
220.07003	0.61779
220.05051	0.61747
220.03098	0.61714
220.01146	0.61681
219.99195	0.61648
219.97243	0.61614
219.95292	0.61579
219.93342	0.61544
219.91391	0.61509
219.89442	0.61473
219.87492	0.61436
219.85543	0.61398
219.83594	0.61361
219.81645	0.61322
219.79697	0.61283
219.77749	0.61244
219.75802	0.61204
219.73855	0.61163
219.71908	0.61122
219.69961	0.6108
219.68015	0.61038
219.6607	0.60995
219.64124	0.60951
219.62179	0.60907
219.60234	0.60863
219.5829	0.60817
219.56346	0.60772
219.54402	0.60726
219.52459	0.60679
219.50516	0.60631
219.48573	0.60583
219.46592	0.60535
219.4465	0.60486
219.42708	0.60436
219.40767	0.60386
219.38826	0.60335
219.36885	0.60284
219.34945	0.60232
219.33005	0.60179
219.31066	0.60126
219.29126	0.60072
219.27188	0.60018
219.25249	0.59963
219.23311	0.59907
219.21373	0.59849
219.19435	0.59792
219.17498	0.59734
219.15561	0.59676
219.13625	0.59618
219.11689	0.59561
219.09753	0.59504
219.07818	0.59447
219.05882	0.59391
219.03948	0.59335
219.02013	0.59279
219.00079	0.59223
218.98145	0.59168
218.96212	0.59113
218.94279	0.59058
218.92346	0.59003
218.90414	0.58949
218.88482	0.58895
218.8655	0.58842
218.84619	0.58789
218.82688	0.58735
218.80757	0.58683
218.78827	0.5863
218.76897	0.58578
218.74967	0.58527
218.73038	0.58475
218.71109	0.58424
218.69141	0.58373
218.67213	0.58322
218.65285	0.58273
218.63358	0.58224
218.6143	0.58177
218.59503	0.58132
218.57577	0.58087
218.5565	0.58044
218.53725	0.58002
218.51799	0.57961
218.49874	0.57922
218.47949	0.57884
218.46024	0.57847
218.441	0.57812
218.42176	0.57777
218.40253	0.57745
218.38329	0.57714
218.36407	0.57684
218.34484	0.57657
218.32562	0.5763
218.3064	0.57605
218.28718	0.5758
218.26797	0.57556
218.24876	0.57534
218.22956	0.57512
218.21036	0.57491
218.19116	0.57472
218.17197	0.57453
218.15277	0.57436
218.13359	0.57419
218.1144	0.57403
218.09522	0.57389
218.07604	0.57375
218.05687	0.57362
218.0377	0.5735
218.01853	0.5734
217.99936	0.5733
217.9802	0.57321
217.96104	0.57313
217.94189	0.57306
217.92236	0.573
217.90321	0.57296
217.88406	0.57292
217.86492	0.57289
217.84579	0.57287
217.82665	0.57287
217.80752	0.57289
217.78839	0.57292
217.76927	0.57297
217.75015	0.57303
217.73103	0.57309
217.71192	0.57317
217.69281	0.57326
217.6737	0.57336
217.6546	0.57346
217.6355	0.57358
217.6164	0.57371
217.5973	0.57385
217.57821	0.574
217.55913	0.57416
217.54004	0.57433
217.52096	0.57451
217.50189	0.5747
217.48281	0.5749
217.46374	0.57511
217.44467	0.57533
217.42561	0.57557
217.40655	0.57581
217.38749	0.57606
217.36844	0.57632
217.34939	0.5766
217.33034	0.57688
217.3113	0.57717
217.29226	0.57748
217.27322	0.57779
217.25419	0.57811
217.23516	0.57845
217.21613	0.57879
217.19711	0.57915
217.17809	0.57951
217.15869	0.57989
217.13968	0.58027
217.12066	0.58067
217.10166	0.58107
217.08265	0.58149
217.06365	0.58191
217.04466	0.58235
217.02566	0.5828
217.00667	0.58325
216.98769	0.58372
216.9687	0.58418
216.94972	0.58465
216.93074	0.58512
216.91177	0.58558
216.8928	0.58605
216.87383	0.58651
216.85487	0.58698
216.83591	0.58744
216.81695	0.58791
216.798	0.58837
216.77905	0.58884
216.7601	0.5893
216.74116	0.58976
216.72222	0.59022
216.70328	0.59068
216.68435	0.59113
216.66541	0.59158
216.64649	0.59203
216.62756	0.59247
216.60864	0.59291
216.58972	0.59335
216.57081	0.59379
216.5519	0.59422
216.53299	0.59464
216.51409	0.59507
216.49519	0.59549
216.47629	0.59591
216.4574	0.59633
216.4385	0.59674
216.41962	0.59716
216.40035	0.59757
216.38147	0.59797
216.3626	0.59837
216.34372	0.59877
216.32485	0.59917
216.30598	0.59956
216.28712	0.59995
216.26826	0.60034
216.2494	0.60073
216.23054	0.60111
216.21169	0.60149
216.19284	0.60186
216.174	0.60224
216.15516	0.60261
216.13632	0.60298
216.11748	0.60334
216.09865	0.6037
216.07982	0.60406
216.061	0.60442
216.04218	0.60477
216.02336	0.60512
216.00454	0.60547
215.98573	0.60582
215.96692	0.60616
215.94812	0.6065
215.92931	0.60683
215.91052	0.60713
215.89172	0.60742
215.87293	0.6077
215.85414	0.60797
215.83535	0.60822
215.81657	0.60845
215.79779	0.60868
215.77901	0.60889
215.76024	0.60908
215.74147	0.60926
215.72271	0.60943
215.70394	0.60959
215.68518	0.60973
215.66643	0.60986
215.6473	0.60997
215.62855	0.61007
215.6098	0.61016
215.59106	0.61023
215.57232	0.61029
215.55358	0.61034
215.53485	0.61037
215.51612	0.61039
215.49739	0.6104
215.47867	0.61039
215.45995	0.61037
215.44123	0.61033
215.42251	0.61028
215.4038	0.61022
215.3851	0.61014
215.36639	0.61005
215.34769	0.60995
215.32899	0.60983
215.3103	0.6097
215.29161	0.60956
215.27292	0.6094
215.25423	0.60923
215.23555	0.60904
215.21687	0.60884
215.1982	0.60863
215.17953	0.60841
215.16086	0.60816
215.14219	0.60791
215.12353	0.60763
215.10487	0.60735
215.08622	0.60707
215.06756	0.60679
215.04891	0.60651
215.03027	0.60623
215.01163	0.60595
214.99299	0.60567
214.97435	0.60539
214.95572	0.6051
214.93709	0.60482
214.91846	0.60454
214.89947	0.60426
214.88085	0.60398
214.86223	0.6037
214.84361	0.60342
214.825	0.60314
214.8064	0.60285
214.78779	0.60257
214.76919	0.60229
214.75059	0.60201
214.732	0.60173
214.71341	0.60145
214.69482	0.60116
214.67624	0.60088
214.65766	0.6006
214.63908	0.60032
214.6205	0.60003
214.60193	0.59975
214.58336	0.59946
214.5648	0.59917
214.54623	0.59888
214.52768	0.59859
214.50912	0.59829
214.49057	0.598
214.47202	0.5977
214.45347	0.5974
214.43493	0.5971
214.41639	0.5968
214.39785	0.59649
214.37932	0.59618
214.36079	0.59587
214.34226	0.59556
214.32374	0.59525
214.30522	0.59494
214.2867	0.59462
214.26819	0.5943
214.24968	0.59398
214.23117	0.59366
214.21266	0.59333
214.19416	0.59301
214.17567	0.59268
214.1568	0.59235
214.13831	0.59202
214.11982	0.59168
214.10134	0.59134
214.08285	0.59099
214.06437	0.59064
214.0459	0.59029
214.02743	0.58993
214.00896	0.58957
213.99049	0.5892
213.97203	0.58883
213.95357	0.58846
213.93511	0.58808
213.91666	0.5877
213.89821	0.58731
213.87976	0.58692
213.86132	0.58652
213.84288	0.58612
213.82444	0.58572
213.80601	0.58531
213.78757	0.5849
213.76915	0.58449
213.75072	0.58407
213.7323	0.58366
213.71388	0.58324
213.69547	0.58281
213.67705	0.58239
213.65865	0.58196
213.64024	0.58153
213.62184	0.5811
213.60344	0.58067
213.58504	0.58023
213.56665	0.57981
213.54826	0.57939
213.52987	0.57898
213.51149	0.57858
213.49311	0.57819
213.47473	0.57781
213.45636	0.57745
213.43799	0.57709
213.41925	0.57674
213.40089	0.5764
213.38253	0.57607
213.36417	0.57575
213.34581	0.57544
213.32746	0.57515
213.30911	0.57486
213.29077	0.57459
213.27242	0.57432
213.25409	0.57408
213.23575	0.57384
213.21742	0.57361
213.19909	0.5734
213.18076	0.5732
213.16244	0.57301
213.14412	0.57283
213.1258	0.57267
213.10749	0.57252
213.08917	0.57238
213.07087	0.57225
213.05256	0.57214
213.03426	0.57203
213.01596	0.57194
212.99767	0.57187
212.97938	0.5718
212.96109	0.57175
212.9428	0.57171
212.92452	0.57168
212.90624	0.57166
212.88796	0.57165
212.86969	0.57166
212.85142	0.57168
212.83315	0.57171
212.81489	0.57176
212.79663	0.57181
212.77837	0.57188
212.76012	0.57196
212.74187	0.57205
212.72362	0.57213
212.70537	0.57221
212.68677	0.5723
212.66853	0.57238
212.65029	0.57246
212.63206	0.57254
212.61383	0.57263
212.5956	0.57271
212.57738	0.57279
212.55916	0.57288
212.54094	0.57296
212.52273	0.57304
212.50452	0.57313
212.48631	0.57321
212.46811	0.57329
212.44991	0.57338
212.43171	0.57346
212.41351	0.57354
212.39532	0.57362
212.37713	0.57371
212.35895	0.57379
212.34077	0.57387
212.32259	0.57396
212.30441	0.57404
212.28624	0.57412
212.26807	0.57421
212.2499	0.57429
212.23174	0.57437
212.21358	0.57445
212.19542	0.57454
212.17726	0.57462
212.15911	0.5747
212.14096	0.57479
212.12282	0.57487
212.10468	0.57495
212.08654	0.57503
212.0684	0.57512
212.05027	0.5752
212.03214	0.57528
212.01401	0.57536
211.99589	0.57545
211.97777	0.57553
211.95929	0.57561
211.94118	0.5757
211.92307	0.57578
211.90496	0.57586
211.88685	0.57594
211.86875	0.57603
211.85065	0.57611
211.83256	0.57619
211.81446	0.57627
211.79637	0.57636
211.77829	0.57644
211.76021	0.57653
211.74213	0.57661
211.72405	0.5767
211.70597	0.57678
211.6879	0.57687
211.66984	0.57696
211.65177	0.57705
211.63371	0.57714
211.61565	0.57723
211.5976	0.57732
211.57954	0.57741
211.56149	0.5775
211.54345	0.5776
211.52541	0.57769
211.50737	0.57778
211.48933	0.57788
211.47129	0.57797
211.45326	0.57807
211.43524	0.57817
211.41721	0.57827
211.39919	0.57837
211.38117	0.57847
211.36316	0.57856
211.34514	0.57867
211.32713	0.57877
211.30913	0.57887
211.29113	0.57897
211.27313	0.57908
211.25513	0.57918
211.23677	0.57928
211.21878	0.57937
211.2008	0.57945
211.18281	0.57952
211.16483	0.57958
211.14685	0.57964
211.12888	0.57968
211.1109	0.57973
211.09293	0.57976
211.07497	0.57978
211.057	0.57979
211.03904	0.5798
211.02109	0.5798
211.00313	0.57979
210.98518	0.57977
210.96723	0.57974
210.94929	0.57971
210.93135	0.57966
210.91341	0.57961
210.89547	0.57955
210.87754	0.57948
210.85961	0.5794
210.84168	0.57931
210.82376	0.57921
210.80584	0.5791
210.78792	0.57899
210.77001	0.57886
210.7521	0.57873
210.73419	0.57859
210.71628	0.57844
210.69838	0.57828
210.68048	0.57811
210.66258	0.57793
210.64469	0.57774
210.6268	0.57755
210.60891	0.57734
210.59103	0.57713
210.57315	0.57691
210.55527	0.57668
210.5374	0.57644
210.51917	0.57619
210.5013	0.57593
210.48343	0.57566
210.46557	0.57539
210.44771	0.57511
210.42985	0.57482
210.412	0.57454
210.39415	0.57425
210.3763	0.57397
210.35846	0.57369
210.34062	0.5734
210.32278	0.57312
210.30494	0.57284
210.28711	0.57255
210.26928	0.57227
210.25145	0.57198
210.23363	0.5717
210.21581	0.57142
210.19799	0.57113
210.18018	0.57085
210.16237	0.57056
210.14456	0.57028
210.12675	0.57
210.10895	0.56971
210.09115	0.56943
210.07336	0.56915
210.05556	0.56886
210.03777	0.56858
210.01999	0.56829
210.0022	0.56801
209.98442	0.56773
209.96664	0.56743
209.94887	0.56713
209.9311	0.56681
209.91333	0.56649
209.89556	0.56615
209.8778	0.56581
209.86004	0.56545
209.84228	0.56508
209.82453	0.56471
209.80642	0.56432
209.78867	0.56392
209.77093	0.56351
209.75318	0.56309
209.73545	0.56266
209.71771	0.56222
209.69998	0.56177
209.68225	0.56131
209.66452	0.56084
209.6468	0.56036
209.62907	0.55987
209.61136	0.55937
209.59364	0.55886
209.57593	0.55834
209.55822	0.5578
209.54051	0.55726
209.52281	0.55671
209.50511	0.55614
209.48741	0.55557
209.46972	0.55498
209.45203	0.55439
209.43434	0.55378
209.41666	0.55317
209.39897	0.55254
209.3813	0.5519
209.36362	0.55126
209.34595	0.5506
209.32828	0.54993
209.31061	0.54925
209.29294	0.54856
209.27528	0.54786
209.25762	0.54715
209.23997	0.54643
209.22232	0.5457
209.20467	0.54495
209.18702	0.54419
209.16938	0.54342
209.15174	0.54266
209.1341	0.54189
209.11647	0.54112
209.09848	0.54035
209.08085	0.53957
209.06323	0.53879
209.04561	0.53801
209.02799	0.53723
209.01037	0.53645
208.99276	0.53566
208.97515	0.53488
208.95754	0.53409
208.93993	0.53331
208.92233	0.53252
208.90473	0.53174
208.88714	0.53096
208.86954	0.53018
208.85195	0.52941
208.83437	0.52863
208.81678	0.52786
208.7992	0.52708
208.78162	0.52631
208.76405	0.52554
208.74648	0.52478
208.72891	0.52401
208.71134	0.52324
208.69378	0.52248
208.67622	0.52172
208.65866	0.52096
208.64111	0.5202
208.62356	0.51944
208.60601	0.51869
208.58846	0.51793
208.57092	0.51718
208.55338	0.51643
208.53584	0.51568
208.51831	0.51493
208.50078	0.51418
208.48325	0.51344
208.46573	0.5127
208.4482	0.51196
208.43069	0.51123
208.41317	0.5105
208.39531	0.50977
208.3778	0.50905
208.36029	0.50833
208.34278	0.50761
208.32528	0.5069
208.30778	0.50619
208.29029	0.50549
208.2728	0.50479
208.25531	0.50409
208.23782	0.5034
208.22034	0.50271
208.20286	0.50203
208.18538	0.50135
208.1679	0.50067
208.15043	0.49998
208.13296	0.4993
208.1155	0.49862
208.09803	0.49794
208.08057	0.49726
208.06312	0.49658
208.04566	0.4959
208.02821	0.49522
208.01076	0.49454
207.99332	0.49386
207.97587	0.49319
207.95844	0.49252
207.941	0.49187
207.92356	0.49122
207.90613	0.49058
207.88871	0.48996
207.87128	0.48934
207.85386	0.48873
207.83644	0.48813
207.81902	0.48755
207.80161	0.48697
207.7842	0.4864
207.76679	0.48584
207.74939	0.48529
207.73199	0.48474
207.71459	0.48421
207.69684	0.48369
207.67945	0.48318
207.66206	0.48268
207.64467	0.48218
207.62729	0.4817
207.60991	0.48123
207.59253	0.48076
207.57515	0.4803
207.55778	0.47986
207.54041	0.47942
207.52305	0.479
207.50568	0.47858
207.48832	0.47817
207.47096	0.47777
207.45361	0.47738
207.43626	0.47701
207.41891	0.47664
207.40156	0.47628
207.38422	0.47593
207.36688	0.47558
207.34954	0.47525
207.3322	0.47493
207.31487	0.47462
207.29754	0.47431
207.28022	0.47402
207.26289	0.47374
207.24557	0.47346
207.22826	0.4732
207.21094	0.47294
207.19363	0.47269
207.17632	0.47244
207.15901	0.47219
207.14171	0.47194
207.12441	0.47169
207.10711	0.47144
207.08982	0.47119
207.07253	0.47094
207.05524	0.47069
207.03795	0.47044
207.02067	0.47019
207.00305	0.46994
206.98577	0.46969
206.9685	0.46944
206.95122	0.46919
206.93396	0.46894
206.91669	0.46869
206.89943	0.46844
206.88217	0.46819
206.86491	0.46794
206.84766	0.4677
206.83041	0.46745
206.81316	0.4672
206.79591	0.46695
206.77867	0.4667
206.76143	0.46645
206.7442	0.4662
206.72696	0.46595
206.70973	0.4657
206.6925	0.46545
206.67528	0.46519
206.65806	0.46493
206.64084	0.46468
206.62362	0.46442
206.60641	0.46416
206.5892	0.46389
206.57199	0.46363
206.55478	0.46337
206.53758	0.4631
206.52038	0.46283
206.50318	0.46257
206.48599	0.4623
206.4688	0.46202
206.45161	0.46175
206.43443	0.46148
206.41725	0.46121
206.40007	0.46093
206.38289	0.46065
206.36572	0.46037
206.34855	0.46009
206.33138	0.45981
206.31387	0.45953
206.29671	0.45925
206.27955	0.45896
206.26239	0.45868
206.24524	0.45839
206.22809	0.4581
206.21094	0.45781
206.1938	0.45752
206.17665	0.45723
206.15951	0.45694
206.14238	0.45665
206.12524	0.45635
206.10811	0.45606
206.09099	0.45576
206.07386	0.45546
206.05674	0.45516
206.03962	0.45486
206.0225	0.45456
206.00539	0.45426
205.98828	0.45395
205.97117	0.45365
205.95407	0.45335
205.93696	0.45304
205.91986	0.45274
205.90277	0.45244
205.88567	0.45214
205.86858	0.45184
205.85149	0.45154
205.83441	0.45123
205.81733	0.45093
205.80025	0.45063
205.78317	0.45033
205.7661	0.45004
205.74903	0.44976
205.73196	0.44949
205.71489	0.44922
205.69783	0.44897
205.68077	0.44873
205.66371	0.4485
205.64666	0.44828
205.62927	0.44807
205.61222	0.44787
205.59517	0.44768
205.57813	0.4475
205.56109	0.44733
205.54405	0.44717
205.52702	0.44702
205.50999	0.44688
205.49296	0.44675
205.47593	0.44664
205.45891	0.44653
205.44189	0.44643
205.42487	0.44634
205.40786	0.44626
205.39085	0.4462
205.37384	0.44614
205.35683	0.44609
205.33983	0.44606
205.32283	0.44603
205.30583	0.44601
205.28884	0.44601
205.27184	0.44601
205.25486	0.44602
205.23787	0.44605
205.22089	0.44608
205.2039	0.44612
205.18693	0.44618
205.16995	0.44624
205.15298	0.44631
205.13601	0.4464
205.11904	0.44649
205.10208	0.4466
205.08512	0.44671
205.06816	0.44683
205.0512	0.44697
205.03425	0.44711
205.0173	0.44727
205.00036	0.44742
204.98341	0.44759
204.96647	0.44774
204.94919	0.44791
204.93226	0.44807
204.91532	0.44823
204.89839	0.44839
204.88147	0.44855
204.86454	0.44872
204.84762	0.44888
204.8307	0.44904
204.81378	0.44921
204.79687	0.44937
204.77996	0.44954
204.76305	0.44971
204.74615	0.44987
204.72925	0.45004
204.71235	0.45021
204.69545	0.45038
204.67856	0.45055
204.66166	0.45071
204.64478	0.45089
204.62789	0.45106
204.61101	0.45123
204.59413	0.4514
204.57725	0.45157
204.56038	0.45174
204.54351	0.45192
204.52664	0.45209
204.50977	0.45227
204.49291	0.45244
204.47605	0.45262
204.45919	0.45279
204.44233	0.45297
204.42548	0.45315
204.40863	0.45332
204.39179	0.4535
204.37494	0.45368
204.3581	0.45386
204.34126	0.45404
204.32443	0.45422
204.30759	0.45441
204.29077	0.45459
204.2736	0.45478
204.25678	0.45498
204.23996	0.45517
204.22314	0.45537
204.20632	0.45558
204.18951	0.45578
204.1727	0.45599
204.15589	0.4562
204.13908	0.45641
204.12228	0.45663
204.10548	0.45685
204.08869	0.45707
204.07189	0.4573
204.0551	0.45752
204.03831	0.45775
204.02153	0.45799
204.00474	0.45822
203.98796	0.45846
203.97119	0.4587
203.95441	0.45895
203.93764	0.4592
203.92087	0.45945
203.90411	0.4597
203.88734	0.45995
203.87058	0.46021
203.85382	0.46047
203.83707	0.46074
203.82032	0.46101
203.80357	0.46128
203.78682	0.46155
203.77008	0.46182
203.75333	0.4621
203.73659	0.46238
203.71986	0.46266
203.70313	0.46295
203.6864	0.46324
203.66967	0.46353
203.65294	0.46382
203.63622	0.46412
203.6195	0.46442
203.60245	0.46472
203.58574	0.46503
203.56902	0.46533
203.55232	0.46564
203.53561	0.46594
203.51891	0.46625
203.50221	0.46655
203.48551	0.46685
203.46882	0.46715
203.45212	0.46745
203.43543	0.46775
203.41875	0.46805
203.40206	0.46835
203.38538	0.46865
203.3687	0.46895
203.35203	0.46925
203.33536	0.46954
203.31869	0.46984
203.30202	0.47014
203.28535	0.47043
203.26869	0.47073
203.25203	0.47102
203.23538	0.47131
203.21872	0.47161
203.20207	0.4719
203.18542	0.47219
203.16878	0.47248
203.15213	0.47277
203.13549	0.47306
203.11886	0.47335
203.10222	0.47364
203.08559	0.47393
203.06896	0.47421
203.05234	0.4745
203.03571	0.47479
203.01909	0.47507
203.00247	0.47536
202.98586	0.47564
202.96924	0.47592
202.95263	0.47621
202.93569	0.47649
202.91909	0.47677
202.90249	0.47705
202.88589	0.47733
202.86929	0.47762
202.8527	0.47789
202.83611	0.47817
202.81952	0.47845
202.80293	0.47873
202.78635	0.47901
202.76977	0.47929
202.75319	0.47957
202.73662	0.47985
202.72005	0.48013
202.70348	0.48041
202.68691	0.48069
202.67035	0.48097
202.65378	0.48126
202.63723	0.48158
202.62067	0.48191
202.60412	0.48226
202.58757	0.48262
202.57102	0.483
202.55447	0.4834
202.53793	0.48382
202.52139	0.48425
202.50485	0.48469
202.48832	0.48516
202.47179	0.48564
202.45526	0.48614
202.43873	0.48665
202.42221	0.48718
202.40569	0.48773
202.38917	0.48829
202.37266	0.48887
202.35614	0.48947
202.33963	0.49008
202.32313	0.49071
202.30662	0.49136
202.29012	0.49202
202.27329	0.4927
202.25679	0.4934
202.2403	0.49411
202.22381	0.49484
202.20732	0.49558
202.19084	0.49634
202.17435	0.49711
202.15787	0.4979
202.14139	0.49871
202.12492	0.49953
202.10845	0.50036
202.09198	0.50121
202.07551	0.50207
202.05905	0.50295
202.04259	0.50384
202.02613	0.50475
202.00967	0.50567
201.99322	0.50661
201.97677	0.50756
201.96032	0.50853
201.94387	0.50952
201.92743	0.51052
201.91099	0.51153
201.89455	0.51254
201.87812	0.51355
201.86169	0.51457
201.84526	0.51559
201.82883	0.51661
201.81241	0.51763
201.79598	0.51866
201.77957	0.51969
201.76315	0.52072
201.74674	0.52175
201.73033	0.52279
201.71392	0.52383
201.69751	0.52487
201.68111	0.52591
201.66471	0.52696
201.64831	0.528
201.63192	0.52906
201.6152	0.53011
201.59881	0.53117
201.58242	0.53222
201.56604	0.53329
201.54966	0.53435
201.53328	0.53541
201.5169	0.53648
201.50053	0.53755
201.48416	0.53863
201.46779	0.53971
201.45143	0.54079
201.43506	0.54188
201.4187	0.54298
201.40235	0.54409
201.38599	0.5452
201.36964	0.54632
201.35329	0.54745
201.33694	0.54858
201.3206	0.54972
201.30426	0.55086
201.28792	0.55201
201.27158	0.55317
201.25525	0.55434
201.23892	0.55551
201.22259	0.55669
201.20626	0.55787
201.18994	0.55905
201.17362	0.56023
201.1573	0.56142
201.14099	0.5626
201.12468	0.56379
201.10837	0.56498
201.09206	0.56618
201.07576	0.56737
201.05945	0.56857
201.04315	0.56977
201.02686	0.57098
201.01056	0.57219
200.99427	0.57341
200.97798	0.57464
200.96137	0.57588
200.94509	0.57713
200.92881	0.57838
200.91253	0.57964
200.89626	0.58091
200.87998	0.58219
200.86371	0.58347
200.84745	0.58477
200.83118	0.58607
200.81492	0.58738
200.79866	0.5887
200.7824	0.59002
200.76615	0.59136
200.7499	0.59272
200.73365	0.59408
200.7174	0.59545
200.70116	0.59683
200.68492	0.59821
200.66868	0.59961
200.65244	0.60102
200.63621	0.60243
200.61998	0.60386
200.60375	0.6053
200.58753	0.60674
200.5713	0.60819
200.55508	0.60966
200.53887	0.61113
200.52265	0.61261
200.50644	0.6141
200.49023	0.6156
200.47402	0.61711
200.45782	0.61863
200.44162	0.62016
200.42542	0.6217
200.40922	0.62325
200.39303	0.62481
200.37684	0.62637
200.36065	0.62795
200.34446	0.62954
200.32828	0.63114
200.31178	0.63276
200.2956	0.63439
200.27942	0.63602
200.26325	0.63767
200.24708	0.63932
200.23091	0.64099
200.21475	0.64266
200.19858	0.64435
200.18242	0.64604
200.16627	0.64774
200.15011	0.64945
200.13396	0.65117
200.11781	0.6529
200.10166	0.65464
200.08552	0.65639
200.06938	0.65815
200.05324	0.65991
200.0371	0.66168
200.02097	0.66346
200.00484	0.66523
199.98871	0.66702
199.97258	0.66881
199.95646	0.6706
199.94034	0.6724
199.92422	0.67421
199.90811	0.67601
199.89199	0.67783
199.87588	0.67964
199.85978	0.68145
199.84367	0.68325
199.82757	0.68505
199.81147	0.68684
199.79537	0.68863
199.77928	0.69042
199.76318	0.6922
199.74709	0.69398
199.73101	0.69575
199.71492	0.69752
199.69884	0.69928
199.68276	0.70104
199.66636	0.7028
199.65029	0.70455
199.63422	0.7063
199.61815	0.70805
199.60208	0.70979
199.58602	0.71153
199.56996	0.71326
199.5539	0.71499
199.53784	0.71671
199.52179	0.71842
199.50574	0.72013
199.48969	0.72183
199.47365	0.72353
199.4576	0.72523
199.44156	0.72691
199.42553	0.72858
199.40949	0.73023
199.39346	0.73185
199.37743	0.73343
199.3614	0.735
199.34538	0.73653
199.32935	0.73803
199.31333	0.73951
199.29732	0.74096
199.2813	0.74238
199.26529	0.74377
199.24928	0.74514
199.23327	0.74647
199.21727	0.74778
199.20127	0.74906
199.18527	0.75032
199.16927	0.75154
199.15328	0.75275
199.13729	0.75393
199.1213	0.7551
199.10531	0.75625
199.08933	0.75738
199.07335	0.75849
199.05737	0.75958
199.04139	0.76066
199.0251	0.76172
199.00913	0.76275
198.99316	0.76377
198.97719	0.76477
198.96123	0.76576
198.94527	0.76673
198.92931	0.76769
198.91336	0.76863
198.8974	0.76956
198.88145	0.77047
198.8655	0.77136
198.84956	0.77223
198.83362	0.77309
198.81768	0.77393
198.80174	0.77476
198.7858	0.77557
198.76987	0.77636
198.75394	0.77713
198.73801	0.77789
198.72209	0.77863
198.70617	0.77936
198.69025	0.7801
198.67433	0.78085
198.65841	0.7816
198.6425	0.78236
198.62659	0.78312
198.61069	0.78389
198.59478	0.78467
198.57888	0.78545
198.56298	0.78624
198.54708	0.78704
198.53119	0.78784
198.5153	0.78864
198.49941	0.78943
198.48352	0.79021
198.46764	0.79098
198.45176	0.79174
198.43588	0.79249
198.42	0.79323
198.40413	0.79395
198.38794	0.79467
198.37207	0.79538
198.3562	0.79608
198.34034	0.79676
198.32448	0.79744
198.30862	0.7981
198.29276	0.79876
198.27691	0.7994
198.26106	0.80003
198.24521	0.80065
198.22936	0.80126
198.21352	0.80184
198.19768	0.80242
198.18184	0.80297
198.16601	0.80351
198.15017	0.80403
198.13434	0.80453
198.11851	0.80502
198.10269	0.80549
198.08686	0.80595
198.07104	0.80639
198.05523	0.80681
198.03941	0.80721
198.0236	0.8076
198.00779	0.80797
197.99198	0.80832
197.97617	0.80866
197.96037	0.80898
197.94457	0.80928
197.92877	0.80957
197.91298	0.80984
197.89718	0.81009
197.88139	0.81032
197.8656	0.81054
197.84982	0.81074
197.83404	0.81093
197.81826	0.81109
197.80248	0.81125
197.7867	0.8114
197.77093	0.81156
197.75484	0.81172
197.73908	0.81188
197.72331	0.81203
197.70755	0.81219
197.69179	0.81235
197.67603	0.81251
197.66028	0.81266
197.64452	0.81282
197.62877	0.81298
197.61303	0.81314
197.59728	0.8133
197.58154	0.81345
197.5658	0.81361
197.55006	0.81376
197.53433	0.81391
197.51859	0.81406
197.50286	0.81421
197.48714	0.81436
197.47141	0.8145
197.45569	0.81465
197.43997	0.81479
197.42425	0.81493
197.40854	0.81507
197.39282	0.81521
197.37711	0.81535
197.36141	0.81549
197.3457	0.81562
197.33	0.81576
197.3143	0.81589
197.2986	0.81602
197.28291	0.81615
197.26721	0.81628
197.25152	0.81641
197.23584	0.81653
197.22015	0.81666
197.20447	0.81678
197.18879	0.8169
197.17311	0.81702
197.15743	0.81714
197.14176	0.81725
197.12578	0.81737
197.11011	0.81748
197.09445	0.8176
197.07878	0.81771
197.06312	0.81782
197.04747	0.81792
197.03181	0.81803
197.01616	0.81814
197.00051	0.81824
196.98486	0.81834
196.96922	0.81844
196.95357	0.81854
196.93793	0.81864
196.9223	0.81873
196.90666	0.81883
196.89103	0.81893
196.8754	0.81902
196.85977	0.81912
196.84414	0.81921
196.82852	0.81931
196.8129	0.81941
196.79728	0.8195
196.78167	0.8196
196.76605	0.81969
196.75044	0.81979
196.73484	0.81989
196.71923	0.81998
196.70363	0.82008
196.68803	0.82017
196.67243	0.82027
196.65683	0.82037
196.64124	0.82047
196.62565	0.82056
196.61006	0.82066
196.59448	0.82076
196.57889	0.82085
196.56331	0.82095
196.54773	0.82105
196.53216	0.82114
196.51659	0.82124
196.5007	0.82134
196.48513	0.82143
196.46957	0.82153
196.45401	0.82163
196.43844	0.82172
196.42289	0.82182
196.40733	0.82192
196.39178	0.82202
196.37623	0.82211
196.36068	0.82221
196.34513	0.82231
196.32959	0.82241
196.31405	0.8225
196.29851	0.8226
196.28297	0.8227
196.26744	0.8228
196.25191	0.8229
196.23638	0.823
196.22085	0.8231
196.20533	0.82321
196.1898	0.82331
196.17429	0.82341
196.15877	0.82352
196.14325	0.82362
196.12774	0.82373
196.11223	0.82384
196.09673	0.82394
196.08122	0.82405
196.06572	0.82416
196.05022	0.82427
196.03472	0.82437
196.01923	0.82448
196.00374	0.82458
195.98825	0.82467
195.97276	0.82477
195.95727	0.82486
195.94179	0.82495
195.92631	0.82504
195.91084	0.82513
195.89536	0.82521
195.87958	0.8253
195.86411	0.82538
195.84864	0.82545
195.83318	0.82553
195.81771	0.8256
195.80225	0.82568
195.78679	0.82574
195.77134	0.82581
195.75589	0.82588
195.74044	0.82594
195.72499	0.826
195.70954	0.82606
195.6941	0.82611
195.67866	0.82617
195.66322	0.82622
195.64778	0.82627
195.63235	0.82631
195.61692	0.82636
195.60149	0.8264
195.58606	0.82644
195.57064	0.82648
195.55522	0.82651
195.5398	0.82654
195.52438	0.82657
195.50897	0.8266
195.49356	0.82662
195.47815	0.82664
195.46274	0.82665
195.44734	0.82667
195.43194	0.82667
195.41654	0.82668
195.40114	0.82669
195.38575	0.82668
195.37035	0.82669
195.35496	0.82668
195.33958	0.82668
195.32419	0.82668
195.30881	0.82668
195.29343	0.82668
195.27805	0.82668
195.26237	0.82668
195.247	0.82668
195.23163	0.82667
195.21626	0.82668
195.20089	0.82667
195.18553	0.82667
195.17017	0.82667
195.15481	0.82667
195.13945	0.82667
195.1241	0.82667
195.10875	0.82667
195.0934	0.82667
195.07805	0.82667
195.06271	0.82667
195.04737	0.82667
195.03203	0.82667
195.01669	0.82667
195.00136	0.82667
194.98603	0.82667
194.9707	0.82667
194.95537	0.82666
194.94005	0.82665
194.92473	0.82664
194.90941	0.82663
194.89409	0.82661
194.87877	0.82659
194.86346	0.82657
194.84815	0.82654
194.83284	0.82651
194.81754	0.82648
194.80224	0.82645
194.78694	0.82641
194.77164	0.82637
194.75634	0.82633
194.74105	0.82628
194.72576	0.82623
194.71047	0.82618
194.69518	0.82612
194.6799	0.82606
194.66462	0.826
194.64904	0.82594
194.63376	0.82587
194.61848	0.8258
194.60321	0.82573
194.58794	0.82565
194.57268	0.82557
194.55741	0.82549
194.54215	0.8254
194.52689	0.82531
194.51163	0.82522
194.49638	0.82513
194.48113	0.82503
194.46588	0.82493
194.45063	0.82483
194.43538	0.82472
194.42014	0.82461
194.4049	0.8245
194.38966	0.82438
194.37443	0.82426
194.35919	0.82414
194.34396	0.82402
194.32874	0.82389
194.31351	0.82376
194.29829	0.82363
194.28306	0.8235
194.26785	0.82337
194.25263	0.82324
194.23741	0.82311
194.2222	0.82299
194.20699	0.82286
194.19179	0.82274
194.17658	0.82262
194.16138	0.8225
194.14618	0.82238
194.13098	0.82226
194.11579	0.82215
194.10059	0.82203
194.0854	0.82192
194.07022	0.8218
194.05503	0.82169
194.03954	0.82158
194.02436	0.82148
194.00918	0.82137
193.99401	0.82126
193.97883	0.82116
193.96366	0.82105
193.94849	0.82095
193.93333	0.82085
193.91816	0.82075
193.903	0.82066
193.88784	0.82056
193.87269	0.82046
193.85753	0.82037
193.84238	0.82028
193.82723	0.82019
193.81208	0.8201
193.79694	0.82001
193.78179	0.81992
193.76665	0.81984
193.75151	0.81975
193.73638	0.81967
193.72124	0.81959
193.70611	0.81951
193.69098	0.81943
193.67586	0.81935
193.66073	0.81927
193.64561	0.8192
193.63049	0.81912
193.61538	0.81905
193.60026	0.81897
193.58515	0.8189
193.57004	0.81882
193.55493	0.81875
193.53983	0.81867
193.52473	0.8186
193.50962	0.81852
193.49453	0.81845
193.47943	0.81838
193.46434	0.8183
193.44925	0.81822
193.43386	0.81815
193.41877	0.81807
193.40369	0.81799
193.38861	0.81791
193.37353	0.81782
193.35845	0.81774
193.34337	0.81765
193.3283	0.81757
193.31323	0.81748
193.29817	0.81739
193.2831	0.8173
193.26804	0.81721
193.25298	0.81711
193.23792	0.81702
193.22286	0.81692
193.20781	0.81683
193.19276	0.81673
193.17771	0.81663
193.16266	0.81653
193.14762	0.81642
193.13258	0.81632
193.11754	0.81622
193.1025	0.81611
193.08747	0.816
193.07244	0.81589
193.05741	0.81578
193.04238	0.81567
193.02735	0.81556
193.01233	0.81545
192.99731	0.81533
192.98229	0.81521
192.96728	0.8151
192.95226	0.81498
192.93725	0.81486
192.92224	0.81473
192.90724	0.81461
192.89223	0.81449
192.87723	0.81436
192.86223	0.81424
192.84723	0.81411
192.83194	0.81398
192.81695	0.81385
192.80196	0.81372
192.78697	0.81358
192.77198	0.81345
192.757	0.81332
192.74202	0.81318
192.72704	0.81305
192.71206	0.81292
192.69709	0.81279
192.68212	0.81265
192.66715	0.81252
192.65218	0.81239
192.63722	0.81226
192.62226	0.81212
192.6073	0.81199
192.59234	0.81186
192.57738	0.81172
192.56243	0.81159
192.54748	0.81146
192.53253	0.81133
192.51759	0.81119
192.50264	0.81106
192.4877	0.81093
192.47276	0.8108
192.45783	0.81066
192.44289	0.81053
192.42796	0.8104
192.41303	0.81026
192.3981	0.81013
192.38318	0.81
192.36825	0.80986
192.35333	0.80973
192.33842	0.8096
192.3235	0.80947
192.30859	0.80933
192.29368	0.8092
192.27877	0.80907
192.26386	0.80894
192.24896	0.8088
192.23376	0.80867
192.21886	0.80854
192.20396	0.8084
192.18906	0.80827
192.17417	0.80814
192.15928	0.808
192.14439	0.80787
192.12951	0.80774
192.11462	0.80761
192.09974	0.80747
192.08486	0.80734
192.06999	0.80721
192.05511	0.80707
192.04024	0.80694
192.02537	0.80681
192.0105	0.80667
191.99564	0.80654
191.98078	0.80641
191.96592	0.80628
191.95106	0.80614
191.9362	0.80601
191.92135	0.80588
191.9065	0.80575
191.89165	0.80561
191.8768	0.80548
191.86196	0.80535
191.84712	0.80521
191.83228	0.80508
191.81744	0.80495
191.8026	0.80481
191.78777	0.80468
191.77294	0.80455
191.75811	0.80442
191.74329	0.80429
191.72846	0.80415
191.71364	0.80403
191.69882	0.8039
191.68401	0.80377
191.66919	0.80365
191.65438	0.80352
191.63927	0.8034
191.62447	0.80328
191.60966	0.80316
191.59486	0.80304
191.58006	0.80292
191.56526	0.80281
191.55046	0.80269
191.53567	0.80258
191.52088	0.80247
191.50609	0.80236
191.4913	0.80225
191.47652	0.80214
191.46173	0.80203
191.44695	0.80193
191.43218	0.80182
191.4174	0.80172
191.40263	0.80162
191.38786	0.80152
191.37309	0.80142
191.35832	0.80132
191.34356	0.80122
191.32879	0.80113
191.31403	0.80103
191.29928	0.80094
191.28452	0.80084
191.26977	0.80075
191.25502	0.80067
191.24027	0.80058
191.22552	0.80049
191.21078	0.80041
191.19604	0.80032
191.1813	0.80024
191.16656	0.80016
191.15183	0.80008
191.1371	0.8
191.12237	0.79992
191.10764	0.79985
191.09291	0.79977
191.07819	0.7997
191.06347	0.79962
191.04846	0.79955
191.03374	0.79947
191.01902	0.79939
191.00431	0.79932
190.9896	0.79925
190.9749	0.79917
190.96019	0.7991
190.94549	0.79902
190.93079	0.79894
190.91609	0.79887
190.90139	0.7988
190.8867	0.79873
190.87201	0.79865
190.85732	0.79858
190.84263	0.79851
190.82795	0.79843
190.81326	0.79836
190.79858	0.79829
190.78391	0.79821
190.76923	0.79814
