Wavelength	Index_n
208.78933	1.29402
212.49544	1.27279
216.20155	1.31372
219.90767	1.36127
223.61378	1.39242
227.31989	1.40893
231.02601	1.42957
234.73212	1.48235
238.43823	1.61532
242.14434	1.83201
245.85046	2.12818
249.55657	2.47732
253.26268	2.83839
256.96879	3.17009
260.67491	3.43804
264.38102	3.63195
268.08713	3.76147
271.79324	3.8508
275.49936	3.91491
279.20547	3.9602
282.91158	3.97346
286.6177	3.95492
290.32381	3.90874
294.02992	3.8434
297.73603	3.77291
301.44215	3.7084
305.14826	3.65539
308.85437	3.61389
312.56048	3.57904
316.2666	3.55112
319.97271	3.52861
323.67882	3.51166
327.38493	3.49898
331.09105	3.49131
334.79716	3.48754
338.50327	3.48788
342.20938	3.49277
345.9155	3.50116
349.62161	3.51277
353.32772	3.52941
357.03384	3.54834
360.73995	3.56935
364.44606	3.59727
368.15217	3.62955
371.85829	3.66699
375.5644	3.71144
379.27051	3.76834
382.97662	3.84699
386.68274	3.94577
390.38885	4.06088
394.09496	4.17425
397.80107	4.27187
401.50719	4.35069
405.2133	4.41011
408.91941	4.47403
412.62552	4.55481
416.33164	4.65799
420.03775	4.77284
423.74386	4.88664
427.44998	4.97841
431.15609	5.03017
434.8622	5.03822
438.56831	5.00742
442.27443	4.95692
445.98054	4.89809
449.68665	4.8418
453.39276	4.79169
457.09888	4.73383
460.80499	4.67879
464.5111	4.62957
468.21721	4.58669
471.92333	4.54661
475.62944	4.50929
479.33555	4.47362
483.04166	4.4392
486.74778	4.40692
490.45389	4.37733
494.16	4.34979
497.86612	4.32326
501.57223	4.29747
505.27834	4.27326
508.98445	4.25062
512.69057	4.22916
516.39668	4.20882
520.10279	4.18911
523.8089	4.17034
527.51502	4.15263
531.22113	4.13571
534.92724	4.11943
538.63335	4.10373
542.33947	4.08873
546.04558	4.07468
549.75169	4.06121
553.4578	4.04818
557.16392	4.03549
560.87003	4.02311
564.57614	4.01117
568.28226	4.00018
571.98837	3.9897
575.69448	3.97951
579.40059	3.96949
583.10671	3.95961
586.81282	3.94991
590.51893	3.94062
594.22504	3.93198
597.93116	3.92392
601.63727	3.91611
605.34338	3.90837
609.04949	3.90062
612.75561	3.89288
616.46172	3.88533
620.16783	3.87829
623.87394	3.8717
627.58006	3.86553
631.28617	3.85969
634.99228	3.85389
638.6984	3.84798
642.40451	3.84199
646.11062	3.83608
649.81673	3.83055
653.52285	3.8254
657.22896	3.82066
660.93507	3.81627
664.64118	3.81212
668.3473	3.80807
672.05341	3.80398
675.75952	3.79976
679.46563	3.7955
683.17175	3.79133
686.87786	3.78721
690.58397	3.78314
694.29008	3.77914
697.9962	3.77518
701.70231	3.77126
705.40842	3.76736
709.11454	3.76345
712.82065	3.75948
716.52676	3.7555
720.23287	3.75155
723.93899	3.74766
727.6451	3.74387
731.35121	3.7402
735.05732	3.73665
738.76344	3.7332
742.46955	3.72981
746.17566	3.72644
749.88177	3.72306
753.58789	3.71966
757.294	3.71621
761.00011	3.71271
764.70623	3.70924
768.41234	3.70586
772.11845	3.70266
775.82456	3.69968
779.53068	3.69692
783.23679	3.69436
786.9429	3.69195
790.64901	3.68959
794.35513	3.68721
798.06124	3.68477
801.76735	3.68229
805.47346	3.67982
809.17958	3.67741
812.88569	3.67504
816.5918	3.67265
820.29791	3.67017
824.00403	3.66754
827.71014	3.66472
831.41625	3.66171
835.12237	3.65854
838.82848	3.65525
842.53459	3.65192
846.2407	3.64861
849.94682	3.64535
853.65293	3.64211
857.35904	3.63885
861.06515	3.63557
864.77127	3.63229
868.47738	3.62905
872.18349	3.62586
875.8896	3.62263
879.59572	3.61932
883.30183	3.61585
887.00794	3.6122
890.71405	3.60835
894.42017	3.60434
898.12628	3.60022
901.83239	3.59606
905.53851	3.59193
909.24462	3.58784
912.95073	3.58377
916.65684	3.57968
920.36296	3.57559
924.06907	3.5715
927.77518	3.56741
931.48129	3.56341
935.18741	3.55928
938.89352	3.55504
942.59963	3.55079
946.30574	3.5467
950.01186	3.54292
953.71797	3.53956
957.42408	3.53665
961.13019	3.53417
964.83631	3.53199
968.54242	3.52996
972.24853	3.52793
975.95465	3.52578
979.66076	3.52351
983.36687	3.52133
987.07298	3.51914
990.7791	3.51696
994.48521	3.51478
998.19132	3.5126
1001.89743	3.51041
1005.60355	3.50823
1009.30966	3.50607
1013.01577	3.50389
1016.72188	3.50168
1020.428	3.49944
1024.13411	3.49723
1027.84022	3.49511
1031.54633	3.49313
1035.25245	3.49131
1038.95856	3.48965
1042.66467	3.48813
1046.37079	3.48668
1050.0769	3.48526
1053.78301	3.48382
1057.48912	3.48233
1061.19524	3.48084
1064.90135	3.47936
1068.60746	3.47789
1072.31357	3.47641
1076.01969	3.47494
1079.7258	3.47346
1083.43191	3.47199
1087.13802	3.47051
1090.84414	3.46903
1094.55025	3.46756
1098.25636	3.46608
1101.96247	3.46461
1105.66859	3.46315
1109.3747	3.46166
1113.08081	3.46015
1116.78693	3.45864
1120.49304	3.45718
1124.19915	3.4558
1127.90526	3.45452
1131.61138	3.45334
1135.31749	3.45225
1139.0236	3.45123
1142.72971	3.45023
1146.43583	3.44923
1150.14194	3.44819
1153.84805	3.44715
1157.55416	3.44611
1161.26028	3.44508
1164.96639	3.44405
1168.6725	3.44302
1172.37861	3.44198
1176.08473	3.44095
1179.79084	3.43992
1183.49695	3.43889
1187.20307	3.43785
1190.90918	3.43682
1194.61529	3.43579
1198.3214	3.43476
1202.02752	3.43372
1205.73363	3.43269
1209.43974	3.43166
1213.14585	3.43063
1216.85197	3.4296
1220.55808	3.42857
1224.26419	3.42752
1227.9703	3.42646
1231.67642	3.42542
1235.38253	3.42443
1239.08864	3.4235
1242.79476	3.42265
1246.50087	3.42187
1250.20698	3.42114
1253.91309	3.42044
1257.61921	3.41975
1261.32532	3.41904
1265.03143	3.41831
1268.73754	3.41759
1272.44366	3.41687
1276.14977	3.41615
1279.85588	3.41544
1283.56199	3.41472
1287.26811	3.414
1290.97422	3.41328
1294.68033	3.41256
1298.38644	3.41185
1302.09256	3.41113
1305.79867	3.41041
1309.50478	3.40969
1313.2109	3.40897
1316.91701	3.40825
1320.62312	3.40754
1324.32923	3.40682
1328.03535	3.4061
1331.74146	3.40538
1335.44757	3.40466
1339.15368	3.40394
1342.8598	3.40323
1346.56591	3.40251
1350.27202	3.40179
1353.97813	3.40108
1357.68425	3.40036
1361.39036	3.39963
1365.09647	3.39889
1368.80258	3.39817
1372.5087	3.39747
1376.21481	3.39682
1379.92092	3.39623
1383.62704	3.39568
1387.33315	3.39518
1391.03926	3.3947
1394.74537	3.39422
1398.45149	3.39374
1402.1576	3.39325
1405.86371	3.39275
1409.56982	3.39226
1413.27594	3.39177
1416.98205	3.39128
1420.68816	3.39079
1424.39427	3.3903
1428.10039	3.38981
1431.8065	3.38932
1435.51261	3.38883
1439.21872	3.38834
1442.92484	3.38784
1446.63095	3.38735
1450.33706	3.38686
1454.04318	3.38637
1457.74929	3.38588
1461.4554	3.38539
1465.16151	3.3849
1468.86763	3.38441
1472.57374	3.38392
1476.27985	3.38343
1479.98596	3.38294
1483.69208	3.38245
1487.39819	3.38196
1491.1043	3.38147
1494.81041	3.38097
1498.51653	3.38048
1502.22264	3.37999
1505.92875	3.3795
1509.63486	3.37901
1513.34098	3.37852
1517.04709	3.37803
1520.7532	3.37754
1524.45932	3.37705
1528.16543	3.37657
1531.87154	3.37607
1535.57765	3.37557
1539.28377	3.37506
1542.98988	3.37458
1546.69599	3.37412
1550.4021	3.3737
1554.10822	3.37332
1557.81433	3.37297
1561.52044	3.37265
1565.22655	3.37234
1568.93267	3.37202
1572.63878	3.3717
1576.34489	3.37137
1580.051	3.37104
1583.75712	3.37072
1587.46323	3.3704
1591.16934	3.37007
1594.87546	3.36975
1598.58157	3.36942
1602.28768	3.3691
1605.99379	3.36877
1609.69991	3.36845
1613.40602	3.36812
1617.11213	3.3678
1620.81824	3.36747
1624.52436	3.36715
1628.23047	3.36682
1631.93658	3.3665
1635.64269	3.36617
1639.34881	3.36585
1643.05492	3.36552
1646.76103	3.3652
1650.46714	3.36487
1654.17326	3.36455
1657.87937	3.36422
1661.58548	3.3639
1665.2916	3.36358
1668.99771	3.36325
1672.70382	3.36293
1676.40993	3.3626
1680.11605	3.36228
1683.82216	3.36195
1687.52827	3.36163
1691.23438	3.3613
1694.9405	3.36098
1698.64661	3.36065
1702.35272	3.36033
1706.05883	3.36
1709.76495	3.35968
1713.47106	3.35935
1717.17717	3.35903
1720.88329	3.3587
1724.5894	3.35838
1728.29551	3.35805
1732.00162	3.35773
1735.70774	3.3574
1739.41385	3.35708
1743.11996	3.35676
1746.82607	3.35643
1750.53219	3.35611
1754.2383	3.35578
1757.94441	3.35546
1761.65052	3.35513
1765.35664	3.35481
1769.06275	3.35448
1772.76886	3.35416
1776.47497	3.35383
1780.18109	3.35351
1783.8872	3.35318
1787.59331	3.35286
1791.29943	3.35253
1795.00554	3.35221
1798.71165	3.35188
1802.41776	3.35156
1806.12388	3.35123
1809.82999	3.35091
1813.5361	3.35058
1817.24221	3.35026
1820.94833	3.34994
1824.65444	3.34961
1828.36055	3.34929
1832.06666	3.34896
1835.77278	3.34864
1839.47889	3.34831
1843.185	3.34799
1846.89111	3.34766
1850.59723	3.34734
1854.30334	3.34701
1858.00945	3.34669
1861.71557	3.34636
1865.42168	3.34604
1869.12779	3.34571
1872.8339	3.34539
1876.54002	3.34506
1880.24613	3.34474
1883.95224	3.34441
1887.65835	3.34409
1891.36447	3.34376
1895.07058	3.34344
1898.77669	3.34312
1902.4828	3.34279
1906.18892	3.34247
1909.89503	3.34214
1913.60114	3.34182
1917.30725	3.34149
1921.01337	3.34117
1924.71948	3.34084
1928.42559	3.34052
1932.13171	3.34019
1935.83782	3.33987
1939.54393	3.33954
1943.25004	3.33922
1946.95616	3.33889
1950.66227	3.33857
1954.36838	3.33824
1958.07449	3.33792
1961.78061	3.33759
1965.48672	3.33727
1969.19283	3.33694
1972.89894	3.33662
1976.60506	3.3363
1980.31117	3.33597
1984.01728	3.33565
1987.72339	3.33532
1991.42951	3.335
1995.13562	3.33467
1998.84173	3.33435
2002.54785	3.33402
2006.25396	3.3337
2009.96007	3.33337
2013.66618	3.33305
2017.3723	3.33272
2021.07841	3.3324
2024.78452	3.33207
2028.49063	3.33175
2032.19675	3.33142
2035.90286	3.3311
2039.60897	3.33077
2043.31508	3.33045
2047.0212	3.33013
2050.72731	3.3298
2054.43342	3.32948
2058.13953	3.32915