Wavelength(nm)	n
276	2.4604
277.0501	2.46088
278.1002	2.46139
279.1503	2.46192
280.2004	2.46249
281.2505	2.46309
282.3006	2.46372
283.3507	2.46437
284.4008	2.46506
285.4509	2.46578
286.501	2.46653
287.5511	2.46731
288.6012	2.46812
289.6513	2.46895
290.7014	2.46982
291.7515	2.47072
292.8016	2.47165
293.8517	2.47261
294.9018	2.4736
295.9519	2.47462
297.002	2.47567
298.0521	2.47675
299.1022	2.47786
300.1523	2.479
301.2024	2.48017
302.25251	2.48137
303.30261	2.48259
304.35271	2.48385
305.40281	2.48514
306.45291	2.48646
307.50301	2.48781
308.55311	2.48919
309.60321	2.49059
310.65331	2.49203
311.70341	2.4935
312.75351	2.49499
313.80361	2.49652
314.85371	2.49808
315.90381	2.49966
316.95391	2.50127
318.00401	2.50292
319.05411	2.50459
320.10421	2.50629
321.15431	2.50802
322.20441	2.50977
323.25451	2.51156
324.30461	2.51336
325.35471	2.5152
326.40481	2.51706
327.45491	2.51894
328.50501	2.52086
329.55511	2.5228
330.60521	2.52476
331.65531	2.52675
332.70541	2.52877
333.75551	2.53082
334.80561	2.53289
335.85571	2.53499
336.90581	2.53711
337.95591	2.53926
339.00601	2.54144
340.05611	2.54364
341.10621	2.54587
342.15631	2.54812
343.20641	2.55042
344.25651	2.55277
345.30661	2.5552
346.35671	2.55769
347.40681	2.56024
348.45691	2.56285
349.50701	2.56552
350.55711	2.56826
351.60721	2.57104
352.65731	2.57389
353.70741	2.5768
354.75752	2.57977
355.80762	2.58279
356.85772	2.58588
357.90782	2.58902
358.95792	2.59223
360.00802	2.59549
361.05812	2.59882
362.10822	2.60236
363.15832	2.60617
364.20842	2.61025
365.25852	2.61461
366.30862	2.61924
367.35872	2.62413
368.40882	2.62929
369.45892	2.63472
370.50902	2.64042
371.55912	2.64638
372.60922	2.6526
373.65932	2.65903
374.70942	2.66564
375.75952	2.67244
376.80962	2.67942
377.85972	2.68682
378.90982	2.69498
379.95992	2.70391
381.01002	2.71362
382.06012	2.7241
383.11022	2.73535
384.16032	2.7471
385.21042	2.75696
386.26052	2.76405
387.31062	2.76853
388.36072	2.77071
389.41082	2.77069
390.46092	2.76848
391.51102	2.76417
392.56112	2.7577
393.61122	2.75036
394.66132	2.74334
395.71142	2.73658
396.76152	2.72994
397.81162	2.72339
398.86172	2.71694
399.91182	2.7106
400.96192	2.70444
402.01202	2.69844
403.06212	2.69262
404.11222	2.68695
405.16232	2.68144
406.21242	2.67608
407.26253	2.67087
408.31263	2.66579
409.36273	2.66086
410.41283	2.65606
411.46293	2.65139
412.51303	2.64687
413.56313	2.64249
414.61323	2.63824
415.66333	2.63414
416.71343	2.63018
417.76353	2.62636
418.81363	2.62268
419.86373	2.61914
420.91383	2.61575
421.96393	2.61251
423.01403	2.6094
424.06413	2.60645
425.11423	2.60364
426.16433	2.60097
427.21443	2.59846
428.26453	2.59608
429.31463	2.59379
430.36473	2.59151
431.41483	2.58926
432.46493	2.58703
433.51503	2.58481
434.56513	2.58262
435.61523	2.58046
436.66533	2.57831
437.71543	2.57618
438.76553	2.57408
439.81563	2.57199
440.86573	2.56993
441.91583	2.56789
442.96593	2.56588
444.01603	2.56388
445.06613	2.5619
446.11623	2.55995
447.16633	2.55802
448.21643	2.55611
449.26653	2.55423
450.31663	2.55236
451.36673	2.55052
452.41683	2.5487
453.46693	2.5469
454.51703	2.54512
455.56713	2.54337
456.61723	2.54163
457.66733	2.53992
458.71743	2.53824
459.76754	2.53657
460.81764	2.53493
461.86774	2.53331
462.91784	2.53171
463.96794	2.53013
465.01804	2.52858
466.06814	2.52705
467.11824	2.52554
468.16834	2.52405
469.21844	2.52259
470.26854	2.52115
471.31864	2.51973
472.36874	2.51834
473.41884	2.51697
474.46894	2.51562
475.51904	2.51429
476.56914	2.51299
477.61924	2.51171
478.66934	2.51045
479.71944	2.50922
480.76954	2.50801
481.81964	2.50682
482.86974	2.50566
483.91984	2.50451
484.96994	2.5034
486.02004	2.5023
487.07014	2.50123
488.12024	2.50018
489.17034	2.49915
490.22044	2.49815
491.27054	2.49717
492.32064	2.49622
493.37074	2.49529
494.42084	2.49438
495.47094	2.49349
496.52104	2.49263
497.57114	2.49179
498.62124	2.49098
499.67134	2.49019
500.72144	2.48942
501.77154	2.48868
502.82164	2.48796
503.87174	2.48726
504.92184	2.48659
505.97194	2.48594
507.02204	2.48531
508.07214	2.48469
509.12224	2.48408
510.17234	2.48346
511.22244	2.48285
512.27255	2.48224
513.32265	2.48164
514.37275	2.48103
515.42285	2.48043
516.47295	2.47983
517.52305	2.47924
518.57315	2.47864
519.62325	2.47805
520.67335	2.47746
521.72345	2.47688
522.77355	2.4763
523.82365	2.47572
524.87375	2.47514
525.92385	2.47456
526.97395	2.47399
528.02405	2.47342
529.07415	2.47285
530.12425	2.47229
531.17435	2.47173
532.22445	2.47117
533.27455	2.47061
534.32465	2.47006
535.37475	2.46951
536.42485	2.46896
537.47495	2.46841
538.52505	2.46787
539.57515	2.46733
540.62525	2.46679
541.67535	2.46626
542.72545	2.46572
543.77555	2.46519
544.82565	2.46467
545.87575	2.46414
546.92585	2.46362
547.97595	2.4631
549.02605	2.46259
550.07615	2.46207
551.12625	2.46156
552.17635	2.46105
553.22645	2.46055
554.27655	2.46004
555.32665	2.45954
556.37675	2.45905
557.42685	2.45855
558.47695	2.45806
559.52705	2.45757
560.57715	2.45708
561.62725	2.4566
562.67735	2.45612
563.72745	2.45564
564.77756	2.45516
565.82766	2.45469
566.87776	2.45422
567.92786	2.45375
568.97796	2.45329
570.02806	2.45282
571.07816	2.45236
572.12826	2.45191
573.17836	2.45145
574.22846	2.451
575.27856	2.45055
576.32866	2.45011
577.37876	2.44966
578.42886	2.44922
579.47896	2.44878
580.52906	2.44835
581.57916	2.44792
582.62926	2.44749
583.67936	2.44706
584.72946	2.44664
585.77956	2.44621
586.82966	2.4458
587.87976	2.44538
588.92986	2.44497
589.97996	2.44456
591.03006	2.44415
592.08016	2.44374
593.13026	2.44334
594.18036	2.44294
595.23046	2.44254
596.28056	2.44215
597.33066	2.44176
598.38076	2.44137
599.43086	2.44098
600.48096	2.4406
601.53106	2.44022
602.58116	2.43984
603.63126	2.43947
604.68136	2.4391
605.73146	2.43873
606.78156	2.43836
607.83166	2.438
608.88176	2.43764
609.93186	2.43728
610.98196	2.43692
612.03206	2.43657
613.08216	2.43622
614.13226	2.43587
615.18236	2.43553
616.23246	2.43519
617.28257	2.43485
618.33267	2.43451
619.38277	2.43418
620.43287	2.43385
621.48297	2.43352
622.53307	2.43319
623.58317	2.43287
624.63327	2.43255
625.68337	2.43224
626.73347	2.43192
627.78357	2.43161
628.83367	2.4313
629.88377	2.431
630.93387	2.43069
631.98397	2.43039
633.03407	2.4301
634.08417	2.4298
635.13427	2.42951
636.18437	2.42922
637.23447	2.42894
638.28457	2.42865
639.33467	2.42837
640.38477	2.4281
641.43487	2.42782
642.48497	2.42755
643.53507	2.42728
644.58517	2.42701
645.63527	2.42675
646.68537	2.42649
647.73547	2.42623
648.78557	2.42598
649.83567	2.42572
650.88577	2.42547
651.93587	2.42523
652.98597	2.42498
654.03607	2.42474
655.08617	2.4245
656.13627	2.42427
657.18637	2.42404
658.23647	2.42381
659.28657	2.42358
660.33667	2.42335
661.38677	2.42313
662.43687	2.42291
663.48697	2.4227
664.53707	2.42248
665.58717	2.42226
666.63727	2.42205
667.68737	2.42183
668.73747	2.42162
669.78758	2.4214
670.83768	2.42119
671.88778	2.42098
672.93788	2.42077
673.98798	2.42056
675.03808	2.42035
676.08818	2.42014
677.13828	2.41993
678.18838	2.41972
679.23848	2.41951
680.28858	2.41931
681.33868	2.4191
682.38878	2.4189
683.43888	2.41869
684.48898	2.41849
685.53908	2.41828
686.58918	2.41808
687.63928	2.41788
688.68938	2.41768
689.73948	2.41748
690.78958	2.41728
691.83968	2.41708
692.88978	2.41689
693.93988	2.41669
694.98998	2.41649
696.04008	2.4163
697.09018	2.4161
698.14028	2.41591
699.19038	2.41571
700.24048	2.41552
701.29058	2.41533
702.34068	2.41514
703.39078	2.41495
704.44088	2.41476
705.49098	2.41457
706.54108	2.41438
707.59118	2.41419
708.64128	2.41401
709.69138	2.41382
710.74148	2.41364
711.79158	2.41345
712.84168	2.41327
713.89178	2.41308
714.94188	2.4129
715.99198	2.41272
717.04208	2.41254
718.09218	2.41236
719.14228	2.41218
720.19238	2.412
721.24248	2.41182
722.29259	2.41164
723.34269	2.41147
724.39279	2.41129
725.44289	2.41112
726.49299	2.41094
727.54309	2.41077
728.59319	2.4106
729.64329	2.41042
730.69339	2.41025
731.74349	2.41008
732.79359	2.40991
733.84369	2.40974
734.89379	2.40957
735.94389	2.40941
736.99399	2.40924
738.04409	2.40907
739.09419	2.40891
740.14429	2.40874
741.19439	2.40858
742.24449	2.40841
743.29459	2.40825
744.34469	2.40809
745.39479	2.40793
746.44489	2.40777
747.49499	2.40761
748.54509	2.40745
749.59519	2.40729
750.64529	2.40713
751.69539	2.40698
752.74549	2.40682
753.79559	2.40667
754.84569	2.40651
755.89579	2.40636
756.94589	2.4062
757.99599	2.40605
759.04609	2.4059
760.09619	2.40575
761.14629	2.4056
762.19639	2.40545
763.24649	2.4053
764.29659	2.40515
765.34669	2.40501
766.39679	2.40486
767.44689	2.40471
768.49699	2.40457
769.54709	2.40442
770.59719	2.40428
771.64729	2.40414
772.69739	2.404
773.74749	2.40385
774.7976	2.40371
775.8477	2.40357
776.8978	2.40343
777.9479	2.4033
778.998	2.40316
780.0481	2.40302
781.0982	2.40289
782.1483	2.40275
783.1984	2.40262
784.2485	2.40248
785.2986	2.40235
786.3487	2.40222
787.3988	2.40208
788.4489	2.40195
789.499	2.40182
790.5491	2.40169
791.5992	2.40156
792.6493	2.40144
793.6994	2.40131
794.7495	2.40118
795.7996	2.40106
796.8497	2.40093
797.8998	2.40081
798.9499	2.40068
800	2.40056
