Wavelength(nm)	k
276	0.56827
277.0501	0.56638
278.1002	0.56448
279.1503	0.56259
280.2004	0.56069
281.2505	0.55879
282.3006	0.55689
283.3507	0.55499
284.4008	0.55309
285.4509	0.55119
286.501	0.54929
287.5511	0.54738
288.6012	0.54548
289.6513	0.54358
290.7014	0.54168
291.7515	0.53977
292.8016	0.53787
293.8517	0.53596
294.9018	0.53406
295.9519	0.53216
297.002	0.53025
298.0521	0.52835
299.1022	0.52645
300.1523	0.52455
301.2024	0.52265
302.25251	0.52074
303.30261	0.51884
304.35271	0.51694
305.40281	0.51505
306.45291	0.51315
307.50301	0.51125
308.55311	0.50935
309.60321	0.50746
310.65331	0.50557
311.70341	0.50367
312.75351	0.50178
313.80361	0.49989
314.85371	0.498
315.90381	0.49612
316.95391	0.49423
318.00401	0.49235
319.05411	0.49047
320.10421	0.48858
321.15431	0.48669
322.20441	0.48478
323.25451	0.48287
324.30461	0.48094
325.35471	0.47899
326.40481	0.47704
327.45491	0.47508
328.50501	0.4731
329.55511	0.47112
330.60521	0.46912
331.65531	0.46711
332.70541	0.46509
333.75551	0.46306
334.80561	0.46101
335.85571	0.45896
336.90581	0.4569
337.95591	0.45482
339.00601	0.45274
340.05611	0.45064
341.10621	0.44854
342.15631	0.44642
343.20641	0.44429
344.25651	0.44215
345.30661	0.43999
346.35671	0.43781
347.40681	0.43561
348.45691	0.43337
349.50701	0.43108
350.55711	0.42873
351.60721	0.42635
352.65731	0.42391
353.70741	0.42143
354.75752	0.4189
355.80762	0.41632
356.85772	0.4137
357.90782	0.41103
358.95792	0.40832
360.00802	0.40556
361.05812	0.40276
362.10822	0.39989
363.15832	0.39694
364.20842	0.39392
365.25852	0.39082
366.30862	0.38766
367.35872	0.38442
368.40882	0.38111
369.45892	0.37774
370.50902	0.3743
371.55912	0.3708
372.60922	0.36723
373.65932	0.3632
374.70942	0.35852
375.75952	0.35318
376.80962	0.3472
377.85972	0.34054
378.90982	0.33318
379.95992	0.32512
381.01002	0.31639
382.06012	0.30698
383.11022	0.29693
384.16032	0.28455
385.21042	0.26804
386.26052	0.24749
387.31062	0.22331
388.36072	0.19842
389.41082	0.17391
390.46092	0.15037
391.51102	0.13029
392.56112	0.11432
393.61122	0.10256
394.66132	0.095
395.71142	0.09118
396.76152	0.08691
397.81162	0.0812
398.86172	0.07404
399.91182	0.06566
400.96192	0.05796
402.01202	0.05138
403.06212	0.04593
404.11222	0.04163
405.16232	0.03847
406.21242	0.03647
407.26253	0.03543
408.31263	0.0345
409.36273	0.03358
410.41283	0.03267
411.46293	0.03177
412.51303	0.03088
413.56313	0.03
414.61323	0.02913
415.66333	0.02827
416.71343	0.02743
417.76353	0.02659
418.81363	0.02577
419.86373	0.02496
420.91383	0.02416
421.96393	0.02337
423.01403	0.02259
424.06413	0.02183
425.11423	0.02108
426.16433	0.02034
427.21443	0.01962
428.26453	0.01891
429.31463	0.01821
430.36473	0.01753
431.41483	0.01686
432.46493	0.0162
433.51503	0.01556
434.56513	0.01494
435.61523	0.01433
436.66533	0.01373
437.71543	0.01315
438.76553	0.01258
439.81563	0.01203
440.86573	0.01149
441.91583	0.01097
442.96593	0.01046
444.01603	0.00996
445.06613	0.00948
446.11623	0.00902
447.16633	0.00857
448.21643	0.00814
449.26653	0.00772
450.31663	0.00732
451.36673	0.00693
452.41683	0.00656
453.46693	0.0062
454.51703	0.00586
455.56713	0.00553
456.61723	0.00522
457.66733	0.00492
458.71743	0.00464
459.76754	0.00438
460.81764	0.00413
461.86774	0.00389
462.91784	0.00368
463.96794	0.00347
465.01804	0.00329
466.06814	0.00312
467.11824	0.00296
468.16834	0.00282
469.21844	0.0027
470.26854	0.00259
471.31864	0.0025
472.36874	0.00242
473.41884	0.00236
474.46894	0.00232
475.51904	0.00229
476.56914	0.00225
477.61924	0.00222
478.66934	0.00219
479.71944	0.00216
480.76954	0.00213
481.81964	0.0021
482.86974	0.00207
483.91984	0.00204
484.96994	0.00201
486.02004	0.00198
487.07014	0.00195
488.12024	0.00192
489.17034	0.00189
490.22044	0.00187
491.27054	0.00184
492.32064	0.00181
493.37074	0.00178
494.42084	0.00176
495.47094	0.00173
496.52104	0.0017
497.57114	0.00168
498.62124	0.00165
499.67134	0.00162
500.72144	0.0016
501.77154	0.00157
502.82164	0.00155
503.87174	0.00152
504.92184	0.0015
505.97194	0.00148
507.02204	0.00145
508.07214	0.00143
509.12224	0.00141
510.17234	0.00138
511.22244	0.00136
512.27255	0.00134
513.32265	0.00132
514.37275	0.00129
515.42285	0.00127
516.47295	0.00125
517.52305	0.00123
518.57315	0.00121
519.62325	0.00119
520.67335	0.00117
521.72345	0.00115
522.77355	0.00113
523.82365	0.00111
524.87375	0.00109
525.92385	0.00107
526.97395	0.00106
528.02405	0.00104
529.07415	0.00102
530.12425	0.001
531.17435	9.88E-04
532.22445	9.71E-04
533.27455	9.55E-04
534.32465	9.39E-04
535.37475	9.23E-04
536.42485	9.08E-04
537.47495	8.93E-04
538.52505	8.78E-04
539.57515	8.64E-04
540.62525	8.49E-04
541.67535	8.35E-04
542.72545	8.21E-04
543.77555	8.07E-04
544.82565	7.93E-04
545.87575	7.79E-04
546.92585	7.65E-04
547.97595	7.51E-04
549.02605	7.38E-04
550.07615	7.24E-04
551.12625	7.11E-04
552.17635	6.97E-04
553.22645	6.84E-04
554.27655	6.71E-04
555.32665	6.57E-04
556.37675	6.44E-04
557.42685	6.31E-04
558.47695	6.18E-04
559.52705	6.06E-04
560.57715	5.93E-04
561.62725	5.80E-04
562.67735	5.68E-04
563.72745	5.55E-04
564.77756	5.43E-04
565.82766	5.30E-04
566.87776	5.18E-04
567.92786	5.06E-04
568.97796	4.94E-04
570.02806	4.82E-04
571.07816	4.70E-04
572.12826	4.58E-04
573.17836	4.46E-04
574.22846	4.35E-04
575.27856	4.23E-04
576.32866	4.12E-04
577.37876	4.00E-04
578.42886	3.89E-04
579.47896	3.78E-04
580.52906	3.66E-04
581.57916	3.55E-04
582.62926	3.44E-04
583.67936	3.33E-04
584.72946	3.23E-04
585.77956	3.12E-04
586.82966	3.01E-04
587.87976	2.91E-04
588.92986	2.80E-04
589.97996	2.70E-04
591.03006	2.60E-04
592.08016	2.49E-04
593.13026	2.39E-04
594.18036	2.29E-04
595.23046	2.19E-04
596.28056	2.09E-04
597.33066	0
598.38076	0
599.43086	0
600.48096	0
601.53106	0
602.58116	0
603.63126	0
604.68136	0
605.73146	0
606.78156	0
607.83166	0
608.88176	0
609.93186	0
610.98196	0
612.03206	0
613.08216	0
614.13226	0
615.18236	0
616.23246	0
617.28257	0
618.33267	0
619.38277	0
620.43287	0
621.48297	0
622.53307	0
623.58317	0
624.63327	0
625.68337	0
626.73347	0
627.78357	0
628.83367	0
629.88377	0
630.93387	0
631.98397	0
633.03407	0
634.08417	0
635.13427	0
636.18437	0
637.23447	0
638.28457	0
639.33467	0
640.38477	0
641.43487	0
642.48497	0
643.53507	0
644.58517	0
645.63527	0
646.68537	0
647.73547	0
648.78557	0
649.83567	0
650.88577	0
651.93587	0
652.98597	0
654.03607	0
655.08617	0
656.13627	0
657.18637	0
658.23647	0
659.28657	0
660.33667	0
661.38677	0
662.43687	0
663.48697	0
664.53707	0
665.58717	0
666.63727	0
667.68737	0
668.73747	0
669.78758	0
670.83768	0
671.88778	0
672.93788	0
673.98798	0
675.03808	0
676.08818	0
677.13828	0
678.18838	0
679.23848	0
680.28858	0
681.33868	0
682.38878	0
683.43888	0
684.48898	0
685.53908	0
686.58918	0
687.63928	0
688.68938	0
689.73948	0
690.78958	0
691.83968	0
692.88978	0
693.93988	0
694.98998	0
696.04008	0
697.09018	0
698.14028	0
699.19038	0
700.24048	0
701.29058	0
702.34068	0
703.39078	0
704.44088	0
705.49098	0
706.54108	0
707.59118	0
708.64128	0
709.69138	0
710.74148	0
711.79158	0
712.84168	0
713.89178	0
714.94188	0
715.99198	0
717.04208	0
718.09218	0
719.14228	0
720.19238	0
721.24248	0
722.29259	0
723.34269	0
724.39279	0
725.44289	0
726.49299	0
727.54309	0
728.59319	0
729.64329	0
730.69339	0
731.74349	0
732.79359	0
733.84369	0
734.89379	0
735.94389	0
736.99399	0
738.04409	0
739.09419	0
740.14429	0
741.19439	0
742.24449	0
743.29459	0
744.34469	0
745.39479	0
746.44489	0
747.49499	0
748.54509	0
749.59519	0
750.64529	0
751.69539	0
752.74549	0
753.79559	0
754.84569	0
755.89579	0
756.94589	0
757.99599	0
759.04609	0
760.09619	0
761.14629	0
762.19639	0
763.24649	0
764.29659	0
765.34669	0
766.39679	0
767.44689	0
768.49699	0
769.54709	0
770.59719	0
771.64729	0
772.69739	0
773.74749	0
774.7976	0
775.8477	0
776.8978	0
777.9479	0
778.998	0
780.0481	0
781.0982	0
782.1483	0
783.1984	0
784.2485	0
785.2986	0
786.3487	0
787.3988	0
788.4489	0
789.499	0
790.5491	0
791.5992	0
792.6493	0
793.6994	0
794.7495	0
795.7996	0
796.8497	0
797.8998	0
798.9499	0
800	0
