Wavelenght	Refactive_index_10.10631.369398
337.8819	2.61259
339.15663	2.61393
340.43136	2.61445
341.70609	2.61454
342.98083	2.61454
344.25556	2.61468
345.53029	2.61512
346.80503	2.61594
348.07976	2.61717
349.35449	2.61882
350.62922	2.62082
351.90396	2.62311
353.17869	2.62545
354.45342	2.62794
355.72815	2.63052
357.00289	2.63311
358.27762	2.63585
359.55235	2.63869
360.82708	2.64135
362.10182	2.64369
363.37655	2.64598
364.65128	2.64873
365.92602	2.6525
367.20075	2.65505
368.47548	2.65757
369.75021	2.66104
371.02495	2.66622
372.29968	2.6738
373.57441	2.68387
374.84914	2.69609
376.12388	2.71005
377.39861	2.72547
378.67334	2.74117
379.94807	2.75716
381.22281	2.77208
382.49754	2.78441
383.77227	2.79295
385.04701	2.79693
386.32174	2.79629
387.59647	2.791
388.8712	2.78134
390.14594	2.76828
391.42067	2.75351
392.6954	2.7389
393.97013	2.72521
395.24487	2.71066
396.5196	2.6969
397.79433	2.68435
399.06906	2.67337
400.3438	2.6642
401.61853	2.6565
402.89326	2.6496
404.168	2.64304
405.44273	2.63659
406.71746	2.62988
407.99219	2.62389
409.26693	2.61826
410.54166	2.61287
411.81639	2.6077
413.09112	2.60275
414.36586	2.59806
415.64059	2.5935
416.91532	2.58903
418.19005	2.5847
419.46479	2.58062
420.73952	2.57693
422.01425	2.57348
423.28899	2.57023
424.56372	2.56714
425.83845	2.56417
427.11318	2.56126
428.38792	2.5584
429.66265	2.55553
430.93738	2.55261
432.21211	2.54967
433.48685	2.54671
434.76158	2.54378
436.03631	2.54091
437.31104	2.53811
438.58578	2.53537
439.86051	2.5327
441.13524	2.53011
442.40998	2.52762
443.68471	2.52523
444.95944	2.52297
446.23417	2.52085
447.50891	2.51888
448.78364	2.51708
450.05837	2.5141
451.3331	2.51238
452.60784	2.51068
453.88257	2.50898
455.1573	2.5073
456.43203	2.50564
457.70677	2.50399
458.9815	2.50235
460.25623	2.50072
461.53096	2.49911
462.8057	2.49752
464.08043	2.49593
465.35516	2.49436
466.6299	2.49281
467.90463	2.49126
469.17936	2.48973
470.45409	2.48822
471.72883	2.48672
473.00356	2.48523
474.27829	2.48376
475.55302	2.4823
476.82776	2.48085
478.10249	2.47941
479.37722	2.478
480.65195	2.47659
481.92669	2.4752
483.20142	2.47382
484.47615	2.47245
485.75089	2.4711
487.02562	2.46976
488.30035	2.46844
489.57508	2.46713
490.84982	2.46583
492.12455	2.46455
493.39928	2.46328
494.67401	2.46202
495.94875	2.46078
497.22348	2.45955
498.49821	2.45834
499.77294	2.45714
501.04768	2.45595
502.32241	2.45478
503.59714	2.45366
504.87188	2.45255
506.14661	2.45146
507.42134	2.45038
508.69607	2.44932
509.97081	2.44827
511.24554	2.44723
512.52027	2.4462
513.795	2.44519
515.06974	2.44418
516.34447	2.44318
517.6192	2.44219
518.89393	2.44121
520.16867	2.44023
521.4434	2.43926
522.71813	2.4383
523.99287	2.43735
525.2676	2.43642
526.54233	2.43549
527.81706	2.43458
529.0918	2.43369
530.36653	2.4328
531.64126	2.43192
532.91599	2.43106
534.19073	2.43021
535.46546	2.42937
536.74019	2.42855
538.01492	2.42774
539.28966	2.42694
540.56439	2.42615
541.83912	2.42537
543.11386	2.4246
544.38859	2.42385
545.66332	2.4231
546.93805	2.42236
548.21279	2.42162
549.48752	2.42089
550.76225	2.42016
552.03698	2.41943
553.31172	2.4187
554.58645	2.41798
555.86118	2.41727
557.13591	2.41656
558.41065	2.41586
559.68538	2.41517
560.96011	2.41449
562.23484	2.41382
563.50958	2.41316
564.78431	2.41251
566.05904	2.41186
567.33378	2.41123
568.60851	2.41061
569.88324	2.41
571.15797	2.4094
572.43271	2.40881
573.70744	2.40823
574.98217	2.40766
576.2569	2.40709
577.53164	2.40652
578.80637	2.40596
580.0811	2.40541
581.35583	2.40486
582.63057	2.4043
583.9053	2.40376
585.18003	2.40322
586.45477	2.40269
587.7295	2.40217
589.00423	2.40165
590.27896	2.40114
591.5537	2.40064
592.82843	2.40014
594.10316	2.39965
595.37789	2.39916
596.65263	2.39868
597.92736	2.3982
599.20209	2.39773
600.47682	2.39726
601.75156	2.39679
603.02629	2.39632
604.30102	2.39585
605.57576	2.39537
606.85049	2.3949
608.12522	2.39443
609.39995	2.39396
610.67469	2.39349
611.94942	2.39302
613.22415	2.39256
614.49888	2.39209
615.77362	2.39163
617.04835	2.39117
618.32308	2.39071
619.59781	2.39025
620.87255	2.3898
622.14728	2.38934
623.42201	2.38888
624.69675	2.38843
625.97148	2.38798
627.24621	2.38753
628.52094	2.38709
629.79568	2.38664
631.07041	2.3862
632.34514	2.38577
633.61987	2.38533
634.89461	2.3849
636.16934	2.38447
637.44407	2.38405
638.7188	2.38363
639.99354	2.38321
641.26827	2.38279
642.543	2.38237
643.81774	2.38196
645.09247	2.38154
646.3672	2.38112
647.64193	2.3807
648.91667	2.38027
650.1914	2.37985
651.46613	2.37942
652.74086	2.37898
654.0156	2.37855
655.29033	2.37811
656.56506	2.37767
657.83979	2.37722
659.11453	2.37678
660.38926	2.37633
661.66399	2.37589
662.93873	2.37545
664.21346	2.37501
665.48819	2.37458
666.76292	2.37415
668.03766	2.37372
669.31239	2.3733
670.58712	2.37289
671.86185	2.37248
673.13659	2.37208
674.41132	2.37168
675.68605	2.3713
676.96078	2.37092
678.23552	2.37054
679.51025	2.37018
680.78498	2.36981
682.05971	2.36946
683.33445	2.36911
684.60918	2.36876
685.88391	2.36843
687.15865	2.36809
688.43338	2.36777
689.70811	2.36745
690.98284	2.36713
692.25758	2.36683
693.53231	2.36652
694.80704	2.36623
696.08177	2.36593
697.35651	2.36565
698.63124	2.36536
699.90597	2.36509
701.1807	2.36481
702.45544	2.36455
703.73017	2.36428
705.0049	2.36402
706.27964	2.36376
707.55437	2.36351
708.8291	2.36326
710.10383	2.36301
711.37857	2.36277
712.6533	2.36253
713.92803	2.36229
715.20276	2.36206
716.4775	2.36183
717.75223	2.36161
719.02696	2.36139
720.30169	2.36117
721.57643	2.36096
722.85116	2.36075
724.12589	2.36054
725.40063	2.36034
726.67536	2.36013
727.95009	2.35993
729.22482	2.35973
730.49956	2.35954
731.77429	2.35934
733.04902	2.35914
734.32375	2.35895
735.59849	2.35875
736.87322	2.35855
738.14795	2.35835
739.42268	2.35814
740.69742	2.35794
741.97215	2.35773
743.24688	2.35752
744.52162	2.35731
745.79635	2.3571
747.07108	2.35688
748.34581	2.35666
749.62055	2.35644
750.89528	2.35622
752.17001	2.356
753.44474	2.35578
754.71948	2.35555
755.99421	2.35533
757.26894	2.35511
758.54367	2.35489
759.81841	2.35467
761.09314	2.35445
762.36787	2.35423
763.64261	2.35401
764.91734	2.35379
766.19207	2.35357
767.4668	2.35335
768.74154	2.35313
770.01627	2.35291
771.291	2.3527
772.56573	2.35249
773.84047	2.35228
775.1152	2.35207
776.38993	2.35186
777.66466	2.35166
778.9394	2.35146
780.21413	2.35126
781.48886	2.35106
782.7636	2.35087
784.03833	2.35068
785.31306	2.35049
786.58779	2.35031
787.86253	2.35013
789.13726	2.34995
790.41199	2.34977
791.68672	2.3496
792.96146	2.34943
794.23619	2.34926
795.51092	2.3491
796.78565	2.34894
798.06039	2.34878
799.33512	2.34862
800.60985	2.34846
801.88458	2.34831
803.15932	2.34816
804.43405	2.34802
805.70878	2.34787
806.98352	2.34773
808.25825	2.34759
809.53298	2.34745
810.80771	2.34732
812.08245	2.34718
813.35718	2.34705
814.63191	2.34692
815.90664	2.3468
817.18138	2.34668
818.45611	2.34656
819.73084	2.34644
821.00557	2.34632
822.28031	2.34621
823.55504	2.3461
824.82977	2.34599
826.10451	2.34588
827.37924	2.34578
828.65397	2.34568
829.9287	2.34558
831.20344	2.34548
832.47817	2.34539
833.7529	2.3453
835.02763	2.34521
836.30237	2.34512
837.5771	2.34504
838.85183	2.34496
840.12656	2.34488
841.4013	2.3448
842.67603	2.34473
843.95076	2.34465
845.2255	2.34458
846.50023	2.34452