Wavelength(nm)	n
262.2435	1.7258
264.11537	1.7726
265.98724	1.82752
267.85911	1.90311
269.73098	2.00167
271.60285	2.11994
273.47472	2.26679
275.34659	2.43668
277.21846	2.61664
279.09033	2.82084
280.9622	3.02591
282.83407	3.24488
284.70594	3.48871
286.57781	3.77918
288.44968	4.1108
290.32155	4.41697
292.19342	4.66224
294.06529	4.82073
295.93715	4.91591
297.80902	4.97209
299.68089	5.00068
301.55276	5.01548
303.42463	5.02068
305.2965	5.02007
307.16837	5.01746
309.04024	5.013
310.91211	5.00939
312.78398	5.0098
314.65585	5.00903
316.52772	5.01257
318.39959	5.01756
320.27146	5.02463
322.14333	5.0351
324.0152	5.04787
325.88707	5.06184
327.75894	5.07701
329.63081	5.09435
331.50268	5.11503
333.37455	5.13491
335.24642	5.15787
337.11829	5.18187
338.99016	5.20685
340.86203	5.23514
342.73389	5.26531
344.60576	5.30033
346.47763	5.34017
348.3495	5.38454
350.22137	5.44278
352.09324	5.5111
353.96511	5.59884
355.83698	5.70588
357.70885	5.84641
359.58072	6.01292
361.45259	6.19877
363.32446	6.3882
365.19633	6.56289
367.0682	6.70731
368.94007	6.79325
370.81194	6.82318
372.68381	6.80877
374.55568	6.75378
376.42755	6.66978
378.29942	6.56769
380.17129	6.45944
382.04316	6.35322
383.91503	6.2468
385.7869	6.14628
387.65876	6.05446
389.53063	5.96554
391.4025	5.88429
393.27437	5.80772
395.14624	5.73514
397.01811	5.66775
398.88998	5.60586
400.76185	5.54653
402.63372	5.48938
404.50559	5.43877
406.37746	5.38785
408.24933	5.33818
410.1212	5.29312
411.99307	5.25094
413.86494	5.2103
415.73681	5.17152
417.60868	5.13437
419.48055	5.09843
421.35242	5.06433
423.22429	5.03224
425.09616	5.00079
426.96803	4.96981
428.8399	4.9409
430.71177	4.91289
432.58364	4.88544
434.4555	4.85936
436.32737	4.83461
438.19924	4.81036
440.07111	4.78645
441.94298	4.76351
443.81485	4.7419
445.68672	4.72143
447.55859	4.70047
449.43046	4.67963
451.30233	4.66034
453.1742	4.64126
455.04607	4.62254
456.91794	4.60448
458.78981	4.58686
460.66168	4.5701
462.53355	4.55359
464.40542	4.53701
466.27729	4.52063
468.14916	4.50619
470.02103	4.49161
471.8929	4.47653
473.76477	4.46234
475.63664	4.45019
477.50851	4.43772
479.38037	4.42457
481.25224	4.41159
483.12411	4.39895
484.99598	4.3866
486.86785	4.37478
488.73972	4.36306
490.61159	4.35154
492.48346	4.34015
494.35533	4.32911
496.2272	4.3182
498.09907	4.30791
499.97094	4.29764
501.84281	4.28805
503.71468	4.27846
505.58655	4.26849
507.45842	4.25844
509.33029	4.24914
511.20216	4.24023
513.07403	4.2314
514.9459	4.22269
516.81777	4.21404
518.68964	4.20577
520.56151	4.1975
522.43338	4.18953
524.30525	4.18162
526.17711	4.17389
528.04898	4.1664
529.92085	4.15891
531.79272	4.15101
533.66459	4.14311
535.53646	4.13589
537.40833	4.12912
539.2802	4.12235
541.15207	4.11558
543.02394	4.10881
544.89581	4.10212
546.76768	4.09549
548.63955	4.08887
550.51142	4.08276
552.38329	4.07665
554.25516	4.07058
556.12703	4.06459
557.9989	4.0586
559.87077	4.05297
561.74264	4.04746
563.61451	4.04195
565.48638	4.03608
567.35825	4.03021
569.23012	4.0246
571.10199	4.01966
572.97385	4.01471
574.84572	4.00965
576.71759	4.00445
578.58946	3.99925
580.46133	3.99425
582.3332	3.9894
584.20507	3.98454
586.07694	3.97981
587.94881	3.97513
589.82068	3.97045
591.69255	3.96605
593.56442	3.96178
595.43629	3.95751
597.30816	3.95329
599.18003	3.9491
601.0519	3.9449
602.92377	3.94092
604.79564	3.93711
606.66751	3.9333
608.53938	3.9294
610.41125	3.92534
612.28312	3.92129
614.15499	3.9173
616.02686	3.91362
617.89872	3.90994
619.77059	3.90625
621.64246	3.9024
623.51433	3.89854
625.3862	3.89468
627.25807	3.89118
629.12994	3.88796
631.00181	3.88475
632.87368	3.88149
634.74555	3.87804
636.61742	3.87458
638.48929	3.87113
640.36116	3.86774
642.23303	3.86439
644.1049	3.86104
645.97677	3.85771
647.84864	3.85469
649.72051	3.85166
651.59238	3.84863
653.46425	3.84575
655.33612	3.84303
657.20799	3.84032
659.07986	3.83761
660.95173	3.83475
662.8236	3.83185
664.69546	3.82895
666.56733	3.82605
668.4392	3.82319
670.31107	3.82033
672.18294	3.81747
674.05481	3.81466
675.92668	3.81213
677.79855	3.8096
679.67042	3.80707
681.54229	3.80459
683.41416	3.80238
685.28603	3.80016
687.1579	3.79794
689.02977	3.79573
690.90164	3.79354
692.77351	3.79136
694.64538	3.78917
696.51725	3.78698
698.38912	3.78487
700.26099	3.78277
702.13286	3.78066
704.00473	3.77856
705.8766	3.7763
707.74847	3.77399
709.62034	3.77168
711.4922	3.76937
713.36407	3.76735
715.23594	3.76575
717.10781	3.76415
718.97968	3.76255
720.85155	3.76095
722.72342	3.75896
724.59529	3.75698
726.46716	3.755
728.33903	3.75302
730.2109	3.75127
732.08277	3.74976
733.95464	3.74825
735.82651	3.74675
737.69838	3.74524
739.57025	3.74341
741.44212	3.74152
743.31399	3.73963
745.18586	3.73773
747.05773	3.73586
748.9296	3.73422
750.80147	3.73257
752.67334	3.73092
754.54521	3.72928
756.41707	3.72769
758.28894	3.72628
760.16081	3.72487
762.03268	3.72346
763.90455	3.72205
765.77642	3.72065
767.64829	3.71929
769.52016	3.71792
771.39203	3.71656
773.2639	3.71519
775.13577	3.71378
777.00764	3.71206
778.87951	3.71035
780.75138	3.70863
782.62325	3.70691
784.49512	3.70519
786.36699	3.70368
788.23886	3.7022
790.11073	3.70071
791.9826	3.69923
793.85447	3.69775
795.72634	3.69619
797.59821	3.69455
799.47008	3.69292
801.34195	3.69128
803.21381	3.68965
805.08568	3.68801
806.95755	3.68677
808.82942	3.68554
810.70129	3.6843
812.57316	3.68306
814.44503	3.68183
816.3169	3.68055
818.18877	3.67917
820.06064	3.6778
821.93251	3.67643
823.80438	3.67505
825.67625	3.67368
827.54812	3.67256
829.41999	3.67168
831.29186	3.67081
833.16373	3.66994
835.0356	3.66906
836.90747	3.66819
838.77934	3.66732
840.65121	3.66644
842.52308	3.66557
844.39495	3.6647
846.26682	3.66382
848.13869	3.66295
850.01055	3.66208
851.88242	3.6612
853.75429	3.66033
855.62616	3.65946
857.49803	3.65858
859.3699	3.65771
861.24177	3.65684
863.11364	3.65596
864.98551	3.65509
866.85738	3.65422
868.72925	3.65334
870.60112	3.65247
872.47299	3.6516
874.34486	3.65072
876.21673	3.64985
878.0886	3.64898
879.96047	3.6481
881.83234	3.64723
883.70421	3.64636
885.57608	3.64548
887.44795	3.64461
889.31982	3.64374
891.19169	3.64286
893.06356	3.64199
894.93542	3.64111
896.80729	3.64024
898.67916	3.63937
900.55103	3.63849
902.4229	3.63762
904.29477	3.63675
906.16664	3.63587
908.03851	3.635
909.91038	3.63413
911.78225	3.63325
913.65412	3.63238
915.52599	3.63151
917.39786	3.63063
919.26973	3.62976
921.1416	3.62889
923.01347	3.62801
924.88534	3.62714
926.75721	3.62627
928.62908	3.62539
930.50095	3.62452
932.37282	3.62365
934.24469	3.62277
936.11656	3.6219
937.98843	3.62103
939.8603	3.62015
941.73216	3.61928
943.60403	3.61841
945.4759	3.61753
947.34777	3.61666
949.21964	3.61579
951.09151	3.61491
952.96338	3.61404
954.83525	3.61317
956.70712	3.61229
958.57899	3.61142
960.45086	3.61055
962.32273	3.60967
964.1946	3.6088
966.06647	3.60793
967.93834	3.60705
969.81021	3.60618
971.68208	3.6053
973.55395	3.60443
975.42582	3.60356
977.29769	3.60268
979.16956	3.60181
981.04143	3.60094
982.9133	3.60006
984.78517	3.59919
986.65704	3.59832
988.5289	3.59744
990.40077	3.59657
992.27264	3.5957
994.14451	3.59482
996.01638	3.59395
997.88825	3.59308
999.76012	3.5922
1001.63199	3.59133
1003.50386	3.59046
1005.37573	3.58958
1007.2476	3.58871
1009.11947	3.58784
1010.99134	3.58696
1012.86321	3.58609
1014.73508	3.58522
1016.60695	3.58434
1018.47882	3.58347
1020.35069	3.5826
1022.22256	3.58172
1024.09443	3.58085
1025.9663	3.57998
1027.83817	3.5791
1029.71004	3.57823
1031.58191	3.57736
1033.45377	3.57648
1035.32564	3.57561
1037.19751	3.57474
1039.06938	3.57386
1040.94125	3.57299
1042.81312	3.57212
1044.68499	3.57124
1046.55686	3.57037
1048.42873	3.5695
1050.3006	3.56862
1052.17247	3.56775
1054.04434	3.56687
1055.91621	3.566
1057.78808	3.56513
1059.65995	3.56425
1061.53182	3.56338
1063.40369	3.56251
1065.27556	3.56163
1067.14743	3.56076
1069.0193	3.55989
1070.89117	3.55901
1072.76304	3.55814
1074.63491	3.55727
1076.50678	3.55639
1078.37865	3.55552
1080.25051	3.55465
1082.12238	3.55377
1083.99425	3.5529
1085.86612	3.55203
1087.73799	3.55115
1089.60986	3.55028
1091.48173	3.54941
1093.3536	3.54853
1095.22547	3.54766
1097.09734	3.54679
1098.96921	3.54591
1100.84108	3.54504
1102.71295	3.54417
1104.58482	3.54329
1106.45669	3.54242
1108.32856	3.54155
1110.20043	3.54067
1112.0723	3.5398
1113.94417	3.53893
1115.81604	3.53805
1117.68791	3.53718
1119.55978	3.53631
1121.43165	3.53571
1123.30352	3.53519
1125.17538	3.53468
1127.04725	3.53416
1128.91912	3.53365
1130.79099	3.53313
1132.66286	3.53262
1134.53473	3.5321
1136.4066	3.53159
1138.27847	3.53107
1140.15034	3.53056
1142.02221	3.53004
1143.89408	3.52953
1145.76595	3.52901
1147.63782	3.5285
1149.50969	3.52798
1151.38156	3.52747
1153.25343	3.52696
1155.1253	3.52644
1156.99717	3.52593
1158.86904	3.52541
1160.74091	3.5249
1162.61278	3.52438
1164.48465	3.52387
1166.35652	3.52335
1168.22839	3.52284
1170.10026	3.52232
1171.97212	3.52181
1173.84399	3.52129
1175.71586	3.52078
1177.58773	3.52026
1179.4596	3.51975
1181.33147	3.51923
1183.20334	3.51872
1185.07521	3.5182
1186.94708	3.51769
1188.81895	3.51717
1190.69082	3.51666
1192.56269	3.51615
1194.43456	3.51563
1196.30643	3.51512