3.300000000000000000e+02 1.444440864918608547e+01
3.313426853707414921e+02 4.890579002624319216e+00
3.326853707414829842e+02 2.007443984956365668e+00
3.340280561122244762e+02 9.406124577148174737e+00
3.353707414829659115e+02 1.964022451153472204e+01
3.367134268537074036e+02 2.432263230292828027e+01
3.380561122244488956e+02 2.174497931324583178e+01
3.393987975951903877e+02 1.399295705020512948e+01
3.407414829659318798e+02 5.205877491189428774e+00
3.420841683366733719e+02 1.352397503653601341e+00
3.434268537074148071e+02 6.172700999852928305e+00
3.447695390781562992e+02 1.583904653676925811e+01
3.461122244488977913e+02 2.294986028843746695e+01
3.474549098196392833e+02 2.356381521165013027e+01
3.487975951903807754e+02 1.784586600490543162e+01
3.501402805611222675e+02 8.813526743852936107e+00
3.514829659318637027e+02 1.998609315182181101e+00
3.528256513026051948e+02 2.691069095197017536e+00
3.541683366733466869e+02 1.063048968410063999e+01
3.555110220440881790e+02 2.014641761944659848e+01
3.568537074148296711e+02 2.584459672002864039e+01
3.581963927855711631e+02 2.522504846799262879e+01
3.595390781563125984e+02 1.841246059509096966e+01
3.608817635270540904e+02 8.544095243967685605e+00
3.622244488977955825e+02 1.930313201202240370e+00
3.635671342685370746e+02 3.719052559397642455e+00
3.649098196392785667e+02 1.234012750164406036e+01
3.662525050100200588e+02 2.204891631865768176e+01
3.675951903807615508e+02 2.835701174184108808e+01
3.689378757515029861e+02 2.924851458399400173e+01
3.702805611222444782e+02 2.426023658734935040e+01
3.716232464929859702e+02 1.471963165101459836e+01
3.729659318637274623e+02 5.264600667498642750e+00
3.743086172344689544e+02 2.371047911557282006e+00
3.756513026052103896e+02 7.804264050097317273e+00
3.769939879759518817e+02 1.716516828101694969e+01
3.783366733466933738e+02 2.555407720033187502e+01
3.796793587174348659e+02 3.052496091326467464e+01
3.810220440881763579e+02 3.126048247258651358e+01
3.823647294589178500e+02 2.755034650542118513e+01
3.837074148296593421e+02 1.988657321203349326e+01
3.850501002004007773e+02 1.063713902132082900e+01
3.863927855711422694e+02 4.542352589080006275e+00
3.877354709418837615e+02 5.487887804516661028e+00
3.890781563126252536e+02 1.232846274827344146e+01
3.904208416833667457e+02 2.081111835027851598e+01
3.917635270541082377e+02 2.778160392187283279e+01
3.931062124248496730e+02 3.196119884481097273e+01
3.944488977955911650e+02 3.300075265650364997e+01
3.957915831663326571e+02 3.081240728540084461e+01
3.971342685370741492e+02 2.549144088014796239e+01
3.984769539078156413e+02 1.780564163559587598e+01
3.998196392785571334e+02 1.001600859273510657e+01
4.011623246492986254e+02 5.780810862975284792e+00
4.025050100200400607e+02 7.486657907775698284e+00
4.038476953907815528e+02 1.377600343865348975e+01
4.051903807615230448e+02 2.133828781949012310e+01
4.065330661322645369e+02 2.772927775593633370e+01
4.078757515030060290e+02 3.195127842980389232e+01
4.092184368737474642e+02 3.378061033923822265e+01
4.105611222444889563e+02 3.320632602770375996e+01
4.119038076152304484e+02 3.025630804751274638e+01
4.132464929859719405e+02 2.508895428551888429e+01
4.145891783567134325e+02 1.833172229576952716e+01
4.159318637274549246e+02 1.155003685013543446e+01
4.172745490981964167e+02 7.213625760024274136e+00
4.186172344689379088e+02 7.310061223190873925e+00
4.199599198396793440e+02 1.160323172305252548e+01
4.213026052104208361e+02 1.794215120693071341e+01
4.226452905811623282e+02 2.411475994392565880e+01
4.239879759519038203e+02 2.886719806867487037e+01
4.253306613226453123e+02 3.176466547422178621e+01
4.266733466933867476e+02 3.276679995403082302e+01
4.280160320641282397e+02 3.194126383983688555e+01
4.293587174348697317e+02 2.936248382853407435e+01
4.307014028056112238e+02 2.516307911263848496e+01
4.320440881763527159e+02 1.971066095195688206e+01
4.333867735470942080e+02 1.385566433186490798e+01
4.347294589178357000e+02 9.019106120510846480e+00
4.360721442885771353e+02 6.781467535621514386e+00
4.374148296593186274e+02 7.979921308883505482e+00
4.387575150300601194e+02 1.202987934621432231e+01
4.401002004008016115e+02 1.735085769661025523e+01
4.414428857715431036e+02 2.244631002525572683e+01
4.427855711422845388e+02 2.645142864965630736e+01
4.441282565130260309e+02 2.901633315353450016e+01
4.454709418837675230e+02 3.006084987827202326e+01
4.468136272545090151e+02 2.963409163544626779e+01
4.481563126252505072e+02 2.783071889841329849e+01
4.494989979959919992e+02 2.475781962556130722e+01
4.508416833667334913e+02 2.060428599585958054e+01
4.521843687374749834e+02 1.579198585913122521e+01
4.535270541082164186e+02 1.107045158687085262e+01
4.548697394789579107e+02 7.449407581918583432e+00
4.562124248496994028e+02 5.908440012361175775e+00
4.575551102204408949e+02 6.908070534378074612e+00
4.588977955911823301e+02 1.006195152397782699e+01
4.602404809619238222e+02 1.435796014720557245e+01
4.615831663326653143e+02 1.871102255090051969e+01
4.629258517034068063e+02 2.234870203555381352e+01
4.642685370741482984e+02 2.487963475655695689e+01
4.656112224448897905e+02 2.617951523129588054e+01
4.669539078156312826e+02 2.624946443535781526e+01
4.682965931863727747e+02 2.514489906775485650e+01
4.696392785571142667e+02 2.297563572823376887e+01
4.709819639278557020e+02 1.991674355071248570e+01
4.723246492985971940e+02 1.620585483231452528e+01
4.736673346693386861e+02 1.219385355733335352e+01
4.750100200400801214e+02 8.428129184849527888e+00
4.763527054108216134e+02 5.624642512290730423e+00
4.776953907815631055e+02 4.406447706732177672e+00
4.790380761523045976e+02 5.014487047548603194e+00
4.803807615230460897e+02 7.234285870256728757e+00
4.817234468937875818e+02 1.050424756896237177e+01
4.830661322645290738e+02 1.410102712078891152e+01
4.844088176352705659e+02 1.737727940172819174e+01
4.857515030060120580e+02 1.990990289062468577e+01
4.870941883767535501e+02 2.150112483209674963e+01
4.884368737474949853e+02 2.209785559658018883e+01
4.897795591182364774e+02 2.172845776143276098e+01
4.911222444889779695e+02 2.046954696675941676e+01
4.924649298597194047e+02 1.843517062718457922e+01
4.938076152304608968e+02 1.578365922674158028e+01
4.951503006012023889e+02 1.273487092811226340e+01
4.964929859719438809e+02 9.582156253592902573e+00
4.978356713426853730e+02 6.684131468151057298e+00
4.991783567134268651e+02 4.430650588946472013e+00
5.005210420841683572e+02 3.177239060532603521e+00
5.018637274549098493e+02 3.146031426768604256e+00
5.032064128256513413e+02 4.327746822188849762e+00
5.045490981963927766e+02 6.464183300024315848e+00
5.058917835671342687e+02 9.143826500639564259e+00
5.072344689378757607e+02 1.193749184595129442e+01
5.085771543086171960e+02 1.447992027002436366e+01
5.099198396793586880e+02 1.649843608232544057e+01
5.112625250501001801e+02 1.782075542234591126e+01
5.126052104208416722e+02 1.837730859981285292e+01
5.139478957915831643e+02 1.817866127681214294e+01
5.152905811623246564e+02 1.728467366353870105e+01
5.166332665330661484e+02 1.578401812489536304e+01
5.179759519038076405e+02 1.379314848676677663e+01
5.193186372745491326e+02 1.146656731520334915e+01
5.206613226452906247e+02 8.998464373018624229e+00
5.220040080160320031e+02 6.615779587444348131e+00
5.233466933867734951e+02 4.558811197711013286e+00
5.246893787575149872e+02 3.057617056963542357e+00
5.260320641282564793e+02 2.297894597280848661e+00
5.273747494989979714e+02 2.381217153634350936e+00
5.287174348697394635e+02 3.290410488498145103e+00
5.300601202404809555e+02 4.884968596259345652e+00
5.314028056112224476e+02 6.934725910788719361e+00
5.327454909819639397e+02 9.176812098417141073e+00
5.340881763527054318e+02 1.136204922146122342e+01
5.354308617234469239e+02 1.328450288375954180e+01
5.367735470941884159e+02 1.479251885876458417e+01
5.381162324649299080e+02 1.578930393141126842e+01
5.394589178356714001e+02 1.622722588691916812e+01
5.408016032064128922e+02 1.610008662867184981e+01
5.421442885771542706e+02 1.543833135432113579e+01
5.434869739478957626e+02 1.430409008220867051e+01
5.448296593186372547e+02 1.278631018448459855e+01
5.461723446893787468e+02 1.099296693381364776e+01
5.475150300601202389e+02 9.048597699716125931e+00
5.488577154308617310e+02 7.094369529793940643e+00
5.502004008016032230e+02 5.286849048303617238e+00
5.515430861723447151e+02 3.789399273685013281e+00
5.528857715430862072e+02 2.745189463543739272e+00
5.542284569138276993e+02 2.253396495237053099e+00
5.555711422845690777e+02 2.353185073368297520e+00
5.569138276553105698e+02 3.026417813579032501e+00
5.582565130260520618e+02 4.205315763665722351e+00
5.595991983967935539e+02 5.781042785163825748e+00
5.609418837675350460e+02 7.610042079459825359e+00
5.622845691382765381e+02 9.532099553645382528e+00
5.636272545090180301e+02 1.139285171892873016e+01
5.649699398797595222e+02 1.306128709724082526e+01
5.663126252505010143e+02 1.444123965664791953e+01
5.676553106212425064e+02 1.546666745096737472e+01
5.689979959919839985e+02 1.609694503464510973e+01
5.703406813627254905e+02 1.631245962236502578e+01
5.716833667334669826e+02 1.611276511655576016e+01
5.730260521042084747e+02 1.551748469334517999e+01
5.743687374749499668e+02 1.456526371664280184e+01
5.757114228456913452e+02 1.331277641173330650e+01
5.770541082164328373e+02 1.183302283862490611e+01
5.783967935871743293e+02 1.021300926266888709e+01
5.797394789579158214e+02 8.550933938191315420e+00
5.810821643286573135e+02 6.951363160503974292e+00
5.824248496993988056e+02 5.519138314230724873e+00
5.837675350701402976e+02 4.353187519037292397e+00
5.851102204408817897e+02 3.538319861265880384e+00
5.864529058116231681e+02 3.136877791265924031e+00
5.877955911823646602e+02 3.181276206654985561e+00
5.891382765531061523e+02 3.669702757136930060e+00
5.904809619238476444e+02 4.566756401630997608e+00
5.918236472945891364e+02 5.808380150913603934e+00
5.931663326653306285e+02 7.309798207548309890e+00
5.945090180360721206e+02 8.974774558031860749e+00
5.958517034068136127e+02 1.070475912569045995e+01
5.971943887775551048e+02 1.240654268897253232e+01
5.985370741482965968e+02 1.399794243693276385e+01
5.998797595190380889e+02 1.541077600640110568e+01
6.012224448897795810e+02 1.659173538461674013e+01
6.025651302605210731e+02 1.750199212271582638e+01
6.039078156312625651e+02 1.811580468540383748e+01
6.052505010020040572e+02 1.841897822456120437e+01
6.065931863727455493e+02 1.840790679249848338e+01
6.079358717434870414e+02 1.808886462376455739e+01
6.092785571142285335e+02 1.747788129424181491e+01
6.106212424849700255e+02 1.660110062101627193e+01
6.119639278557114039e+02 1.549439368418856766e+01
6.133066132264528960e+02 1.420327680153504701e+01
6.146492985971943881e+02 1.278266863332994596e+01
6.159919839679358802e+02 1.129624304188879158e+01
6.173346693386773723e+02 9.815027284208710512e+00
6.186773547094188643e+02 8.414501683214965055e+00
6.200200400801602427e+02 7.170362815416153168e+00
6.213627254509017348e+02 6.153053319847304969e+00
6.227054108216432269e+02 5.421793036857727621e+00
6.240480961923847190e+02 5.020313382344845365e+00
6.253907815631262110e+02 4.973380398009534353e+00
6.267334669338677031e+02 5.284947861291453108e+00
6.280761523046091952e+02 5.938301850429511752e+00
6.294188376753506873e+02 6.897574851312874067e+00
6.307615230460921794e+02 8.111225565500179258e+00
6.321042084168336714e+02 9.517109819994274744e+00
6.334468937875751635e+02 1.104793976245538367e+01
6.347895791583166556e+02 1.263683600618169223e+01
6.361322645290581477e+02 1.422138630138269377e+01
6.374749498997996398e+02 1.574588149289594696e+01
6.388176352705411318e+02 1.716260851055558945e+01
6.401603206412826239e+02 1.843218775611851257e+01
6.415030060120241160e+02 1.952309365985790635e+01
6.428456913827656081e+02 2.041123497315653523e+01
6.441883767535071001e+02 2.107935232008946258e+01
6.455310621242484785e+02 2.151628328297849180e+01
6.468737474949899706e+02 2.171634031052693814e+01
6.482164328657314627e+02 2.167889520651199220e+01
6.495591182364729548e+02 2.140815096987403621e+01
6.509018036072144469e+02 2.091311348523259994e+01
6.522444889779559389e+02 2.020775585378467554e+01
6.535871743486973173e+02 1.931129081256042213e+01
6.549298597194388094e+02 1.824832116937090021e+01
6.562725450901803015e+02 1.704927040356826495e+01
6.576152304609217936e+02 1.575067224754536888e+01
6.589579158316632856e+02 1.439501414479500774e+01
6.603006012024047777e+02 1.303009620513936540e+01
6.616432865731462698e+02 1.170785875985987090e+01
6.629859719438877619e+02 1.048218308034036461e+01
6.643286573146292540e+02 9.405972998636752180e+00
6.656713426853707460e+02 8.527931040008098762e+00
6.670140280561122381e+02 7.889207552363060039e+00
6.683567134268537302e+02 7.520342279846651046e+00
6.696993987975952223e+02 7.439012564767244484e+00
6.710420841683367144e+02 7.648869876383390221e+00
6.723847695390782064e+02 8.139570402480893918e+00
6.737274549098196985e+02 8.888034483363860261e+00
6.750701402805611906e+02 9.860704979089275568e+00
6.764128256513026827e+02 1.101639513969459117e+01
6.777555110220441748e+02 1.230942486130725477e+01
6.790981963927855531e+02 1.369264137255880875e+01
6.804408817635270452e+02 1.511999383455234458e+01
6.817835671342685373e+02 1.654850209068623812e+01
6.831262525050100294e+02 1.793961108610083244e+01
6.844689378757515215e+02 1.925986861659816185e+01
6.858116232464930135e+02 2.048105958057290366e+01
6.871543086172343919e+02 2.158005522954524835e+01
6.884969939879758840e+02 2.253844335766957485e+01
6.898396793587173761e+02 2.334205561688324337e+01
6.911823647294588682e+02 2.398054159996637225e+01
6.925250501002003602e+02 2.444686812331238102e+01
6.938677354709418523e+02 2.473686558597339058e+01
6.952104208416833444e+02 2.484890820216432772e+01
6.965531062124248365e+02 2.478370907072672225e+01
6.978957915831663286e+02 2.454419379216715313e+01
6.992384769539078206e+02 2.413545418014065191e+01
7.005811623246493127e+02 2.356503946840142660e+01
7.019238476953908048e+02 2.284322595103724751e+01
7.032665330661322969e+02 2.198330054387392352e+01
7.046092184368737890e+02 2.100185387502890677e+01
7.059519038076152810e+02 1.991908855702019210e+01
7.072945891783567731e+02 1.875899804498159895e+01
7.086372745490982652e+02 1.754903749158281556e+01
7.099799599198397573e+02 1.631976570417542050e+01
7.113226452905812494e+02 1.510425901342833299e+01
7.126653306613226277e+02 1.393721895166247826e+01
7.140080160320641198e+02 1.285378936712046105e+01
7.153507014028056119e+02 1.188829447191696254e+01
7.166933867735471040e+02 1.107281340855589491e+01
7.180360721442885961e+02 1.043545423707910658e+01
7.193787575150300881e+02 9.998668730214802736e+00
7.207214428857714665e+02 9.777820366291710030e+00
7.220641282565129586e+02 9.780104867867523311e+00
7.234068136272544507e+02 1.000377742330823772e+01
7.247494989979959428e+02 1.043860498719263674e+01
7.260921843687374349e+02 1.106693480333419899e+01
7.274348697394789269e+02 1.186513486089437919e+01
7.287775551102204190e+02 1.280530198203842573e+01
7.301202404809619111e+02 1.385705492525202231e+01
7.314629258517034032e+02 1.498937272559065015e+01
7.328056112224448952e+02 1.617179439326974233e+01
7.341482965931863873e+02 1.737527257462739172e+01
7.354909819639278794e+02 1.857294124659618717e+01
7.368336673346693715e+02 1.974061210775150244e+01
7.381763527054108636e+02 2.085702754869805275e+01
7.395190380761523556e+02 2.190392867854452774e+01
7.408617234468938477e+02 2.286608697435540449e+01
7.422044088176353398e+02 2.373121173476387469e+01
7.435470941883768319e+02 2.448968248762088962e+01
7.448897795591183240e+02 2.513424390610112624e+01
7.462324649298597024e+02 2.565970266629257068e+01
7.475751503006011944e+02 2.606264427726327071e+01
7.489178356713426865e+02 2.634109774600423748e+01
7.502605210420841786e+02 2.649426398327080534e+01
7.516032064128256707e+02 2.652242550430661083e+01
7.529458917835671627e+02 2.642687438260790245e+01
7.542885771543085411e+02 2.620988731362267998e+01
7.556312625250500332e+02 2.587474672685365817e+01
7.569739478957915253e+02 2.542581358526255642e+01
7.583166332665330174e+02 2.486873069171668149e+01
7.596593186372745095e+02 2.421054523070795383e+01
7.610020040080160015e+02 2.345978758822408849e+01
7.623446893787574936e+02 2.262658517997921237e+01
7.636873747494989857e+02 2.172275707812889678e+01
7.650300601202404778e+02 2.076186997551058155e+01
7.663727454909819699e+02 1.975921385691721710e+01
7.677154308617234619e+02 1.873159138949998592e+01
7.690581162324649540e+02 1.769725424518322043e+01
7.704008016032064461e+02 1.667571849785607796e+01
7.717434869739479382e+02 1.568738648964368920e+01
7.730861723446894302e+02 1.475304281043343657e+01
7.744288577154309223e+02 1.389323538964258020e+01
7.757715430861724144e+02 1.312756785287783323e+01
7.771142284569139065e+02 1.247392006075275006e+01
7.784569138276553986e+02 1.194758312235442510e+01
7.797995991983967770e+02 1.156053917227622918e+01
7.811422845691382690e+02 1.132092795094909832e+01
7.824849699398797611e+02 1.123270933943404337e+01
7.838276553106212532e+02 1.129555298090475013e+01
7.851703406813627453e+02 1.150496511751942563e+01
7.865130260521042374e+02 1.185272683925473913e+01
7.878557114228456157e+02 1.232747865112785490e+01
7.891983967935871078e+02 1.291522084997639475e+01
7.905410821643285999e+02 1.359997432718193977e+01
7.918837675350700920e+02 1.436447365869567072e+01
7.932264529058115841e+02 1.519083450947912262e+01
7.945691382765530761e+02 1.606115691683641700e+01
7.959118236472945682e+02 1.695802590474703209e+01
7.972545090180360603e+02 1.786487556090706263e+01
7.985971943887775524e+02 1.876640245455742217e+01
7.999398797595190445e+02 1.964881529112156855e+01
8.012825651302605365e+02 2.049993899724670854e+01
8.026252505010020286e+02 2.130923614218690432e+01
8.039679358717435207e+02 2.206776470273822000e+01
8.053106212424850128e+02 2.276809022873011301e+01
8.066533066132265049e+02 2.340412532420882030e+01
8.079959919839679969e+02 2.397091119562776029e+01
8.093386773547094890e+02 2.446455798389306935e+01
8.106813627254509811e+02 2.488214345763392998e+01
8.120240480961924732e+02 2.522160569419548537e+01
8.133667334669338516e+02 2.548164751936081274e+01
8.147094188376753436e+02 2.566165498266312994e+01
8.160521042084168357e+02 2.576163147613140936e+01
8.173947895791583278e+02 2.578218952102237083e+01
8.187374749498998199e+02 2.572452749628301660e+01
8.200801603206413120e+02 2.559030468458931651e+01
8.214228456913826903e+02 2.538161443776883885e+01
8.227655310621241824e+02 2.510098093451822621e+01
8.241082164328656745e+02 2.475136712012680462e+01
8.254509018036071666e+02 2.433619175451438466e+01
8.267935871743486587e+02 2.385935327966646824e+01
8.281362725450901507e+02 2.332526413191995829e+01
8.294789579158316428e+02 2.273890242073567336e+01
8.308216432865731349e+02 2.210584061823400859e+01
8.321643286573146270e+02 2.143226325589347425e+01
8.335070140280561191e+02 2.072497478558150164e+01
8.348496993987976111e+02 1.999139246864539743e+01
8.361923847695391032e+02 1.923952019618917575e+01
8.375350701402805953e+02 1.847789943835772775e+01
8.388777555110220874e+02 1.771553414012230476e+01
8.402204408817635795e+02 1.696178737569001171e+01
8.415631262525050715e+02 1.622624896405006467e+01
8.429058116232464499e+02 1.551857501187604527e+01
8.442484969939879420e+02 1.484830241025319530e+01
8.455911823647294341e+02 1.422464353137925031e+01
8.469338677354709262e+02 1.365626855693395569e+01
8.482765531062124182e+02 1.315108478024087368e+01
8.496192384769539103e+02 1.271602353218389858e+01
8.509619238476954024e+02 1.235684628753138092e+01
8.523046092184368945e+02 1.207798112581923888e+01
8.536472945891783866e+02 1.188239924005986481e+01
8.549899799599198786e+02 1.177153919130882365e+01
8.563326653306613707e+02 1.174528355445157501e+01
8.576753507014028628e+02 1.180199075202132342e+01
8.590180360721442412e+02 1.193857809214146393e+01
8.603607214428857333e+02 1.215064962964322604e+01
8.617034068136272253e+02 1.243266167910227793e+01
8.630460921843687174e+02 1.277811599527949227e+01
8.643887775551102095e+02 1.317976967572736768e+01
8.657314629258517016e+02 1.362985086118121458e+01
8.670741482965931937e+02 1.412027016024703130e+01
8.684168336673346857e+02 1.464281921631303618e+01
8.697595190380761778e+02 1.518934973521045073e+01
8.711022044088176699e+02 1.575192836608174396e+01
8.724448897795591620e+02 1.632296486550401227e+01
8.737875751503006541e+02 1.689531281282217634e+01
8.751302605210420325e+02 1.746234367493827833e+01
8.764729458917835245e+02 1.801799618796932734e+01
8.778156312625250166e+02 1.855680382445791210e+01
8.791583166332665087e+02 1.907390357636376521e+01
8.805010020040080008e+02 1.956502945644855629e+01
8.818436873747494928e+02 2.002649406523973497e+01
8.831863727454909849e+02 2.045516135045848216e+01
8.845290581162324770e+02 2.084841335864438960e+01
8.858717434869739691e+02 2.120411339398815542e+01
8.872144288577154612e+02 2.152056759595600255e+01
8.885571142284569532e+02 2.179648655360951892e+01
8.898997995991984453e+02 2.203094820957499778e+01
8.912424849699399374e+02 2.222336298149667400e+01
8.925851703406813158e+02 2.237344174842418454e+01
8.939278557114228079e+02 2.248116711436294324e+01
8.952705410821643000e+02 2.254676816847031873e+01
8.966132264529057920e+02 2.257069880664384698e+01
8.979559118236472841e+02 2.255361955701581422e+01
8.992985971943887762e+02 2.249638275648804608e+01
9.006412825651302683e+02 2.240002085131322218e+01
9.019839679358717603e+02 2.226573753690970037e+01
9.033266533066132524e+02 2.209490140619003640e+01
9.046693386773547445e+02 2.188904173812678522e+01
9.060120240480962366e+02 2.164984602634528699e+01
9.073547094188377287e+02 2.137915881929289696e+01
9.086973947895791071e+02 2.107898141784107082e+01
9.100400801603205991e+02 2.075147195284163359e+01
9.113827655310620912e+02 2.039894534450869656e+01
9.127254509018035833e+02 2.002387262890569630e+01
9.140681362725450754e+02 1.962887912602467466e+01
9.154108216432865675e+02 1.921674092153966029e+01
9.167535070140280595e+02 1.879037914317510882e+01
9.180961923847695516e+02 1.835285153599165398e+01
9.194388777555110437e+02 1.790734088206237118e+01
9.207815631262525358e+02 1.745713987198629624e+01
9.221242484969940278e+02 1.700563212094384014e+01
9.234669338677355199e+02 1.655626913198192796e+01
9.248096192384770120e+02 1.611254314400439824e+01
9.261523046092183904e+02 1.567795595980329892e+01
9.274949899799598825e+02 1.525598402660428476e+01
9.288376753507013746e+02 1.485004023193880762e+01
9.301803607214428666e+02 1.446343307284292479e+01
9.315230460921843587e+02 1.409932404599936184e+01
9.328657314629258508e+02 1.376068427869609501e+01
9.342084168336673429e+02 1.345025156259008270e+01
9.355511022044088350e+02 1.317048905205734322e+01
9.368937875751503270e+02 1.292354693531330057e+01
9.382364729458918191e+02 1.271122837136163852e+01
9.395791583166333112e+02 1.253496090455883127e+01
9.409218436873748033e+02 1.239577442124218365e+01
9.422645290581161817e+02 1.229428650449420068e+01
9.436072144288576737e+02 1.223069578362840737e+01
9.449498997995991658e+02 1.220478357869485819e+01
9.462925851703406579e+02 1.221592382472713645e+01
9.476352705410821500e+02 1.226310094475792845e+01
9.489779559118236421e+02 1.234493504424196963e+01
9.503206412825651341e+02 1.245971353989571107e+01
9.516633266533066262e+02 1.260542812767062237e+01
9.530060120240481183e+02 1.277981584765947076e+01
9.543486973947896104e+02 1.298040292339612023e+01
9.556913827655311025e+02 1.320455003935013849e+01
9.570340681362725945e+02 1.344949776883104597e+01
9.583767535070140866e+02 1.371241096667727710e+01
9.597194388777554650e+02 1.399042108579130428e+01
9.610621242484969571e+02 1.428066555115854719e+01
9.624048096192384492e+02 1.458032351647749536e+01
9.637474949899799412e+02 1.488664752461194851e+01
9.650901803607214333e+02 1.519699078305733408e+01
9.664328657314629254e+02 1.550882994081796440e+01
9.677755511022044175e+02 1.581978340716620401e+01
9.691182364729459096e+02 1.612762538177897653e+01
9.704609218436874016e+02 1.643029586788557594e+01
9.718036072144288937e+02 1.672590701536278246e+01
9.731462925851703858e+02 1.701274619076688666e+01
9.744889779559118779e+02 1.728927619858981046e+01
9.758316633266532563e+02 1.755413308587476351e+01
9.771743486973947483e+02 1.780612195420451727e+01
9.785170340681362404e+02 1.804421118258557044e+01
9.798597194388777325e+02 1.826752543523020478e+01
9.812024048096192246e+02 1.847533779271588372e+01
9.825450901803607167e+02 1.866706130611196457e+01
9.838877755511022087e+02 1.884224023349749899e+01
9.852304609218437008e+02 1.900054117858975644e+01
9.865731462925851929e+02 1.914174431315918667e+01
9.879158316633266850e+02 1.926573482950596983e+01
9.892585170340681771e+02 1.937249473691059620e+01
9.906012024048096691e+02 1.946209508710133917e+01
9.919438877755511612e+02 1.953468868837827799e+01
9.932865731462925396e+02 1.959050334604609489e+01
9.946292585170340317e+02 1.962983564807865022e+01
9.959719438877755238e+02 1.965304529916279463e+01
9.973146292585170158e+02 1.966054999318472341e+01
9.986573146292585079e+02 1.965282080349705751e+01
1.000000000000000000e+03 1.963037806159843868e+01
