Wavelength(nm)  Reflectance
400.000000 4.243222
401.000000 10.754689
402.000000 19.951582
403.000000 29.027319
404.000000 36.511583
405.000000 41.957525
406.000000 45.394425
407.000000 46.988382
408.000000 46.872457
409.000000 45.085967
410.000000 41.598199
411.000000 36.377164
412.000000 29.515914
413.000000 21.477296
414.000000 13.372246
415.000000 7.005040
416.000000 4.291513
417.000000 6.099051
418.000000 11.610562
419.000000 18.986236
420.000000 26.485379
421.000000 33.023948
422.000000 38.136869
423.000000 41.726336
424.000000 43.836124
425.000000 44.542048
426.000000 43.900357
427.000000 41.930642
428.000000 38.628353
429.000000 34.011194
430.000000 28.205131
431.000000 21.574191
432.000000 14.857421
433.000000 9.206973
434.000000 5.891235
435.000000 5.741533
436.000000 8.716559
437.000000 13.931067
438.000000 20.181549
439.000000 26.384985
440.000000 31.836366
441.000000 36.216338
442.000000 39.431144
443.000000 41.485573
444.000000 42.412882
445.000000 42.236814
446.000000 40.979225
447.000000 38.654529
448.000000 35.275756
449.000000 30.906825
450.000000 25.699953
451.000000 19.983825
452.000000 14.390149
453.000000 9.760554
454.000000 6.918763
455.000000 6.440445
456.000000 8.379921
457.000000 12.247653
458.000000 17.245808
459.000000 22.573573
460.000000 27.620796
461.000000 32.011750
462.000000 35.557620
463.000000 38.188146
464.000000 39.895267
465.000000 40.700371
466.000000 40.626044
467.000000 39.680713
468.000000 37.860728
469.000000 35.188901
470.000000 31.731274
471.000000 27.580839
472.000000 22.929067
473.000000 18.101151
474.000000 13.536950
475.000000 9.805921
476.000000 7.543904
477.000000 7.129894
478.000000 8.551052
479.000000 11.499168
480.000000 15.472684
481.000000 19.928709
482.000000 24.401593
483.000000 28.531581
484.000000 32.090289
485.000000 34.964094
486.000000 37.118857
487.000000 38.547841
488.000000 39.259497
489.000000 39.266802
490.000000 38.582641
491.000000 37.218865
492.000000 35.190870
493.000000 32.525595
494.000000 29.279860
495.000000 25.561437
496.000000 21.546139
497.000000 17.483375
498.000000 13.699630
499.000000 10.573831
500.000000 8.469799
501.000000 7.651310
502.000000 8.219992
503.000000 10.070258
504.000000 12.919126
505.000000 16.396559
506.000000 20.146144
507.000000 23.873775
508.000000 27.363205
509.000000 30.472078
510.000000 33.102300
511.000000 35.192112
512.000000 36.716858
513.000000 37.679009
514.000000 38.093560
515.000000 37.969603
516.000000 37.316557
517.000000 36.144838
518.000000 34.465945
519.000000 32.302047
520.000000 29.693413
521.000000 26.706518
522.000000 23.440595
523.000000 20.034605
524.000000 16.672899
525.000000 13.578794
526.000000 10.993937
527.000000 9.148081
528.000000 8.225726
529.000000 8.311140
530.000000 9.367452
531.000000 11.257404
532.000000 13.782096
533.000000 16.713333
534.000000 19.830992
535.000000 22.945756
536.000000 25.907597
537.000000 28.610826
538.000000 30.985388
539.000000 32.988314
540.000000 34.596613
541.000000 35.798994
542.000000 36.591526
543.000000 36.976913
544.000000 36.962207
545.000000 36.555678
546.000000 35.765564
547.000000 34.602300
548.000000 33.080126
549.000000 31.218183
550.000000 29.033649
551.000000 26.570762
552.000000 23.900054
553.000000 21.116847
554.000000 18.337344
555.000000 15.679063
556.000000 13.270963
557.000000 11.248073
558.000000 9.736706
559.000000 8.839699
560.000000 8.622049
561.000000 9.095345
562.000000 10.212713
563.000000 11.877524
564.000000 13.960693
565.000000 16.327387
566.000000 18.847053
567.000000 21.402965
568.000000 23.898420
569.000000 26.257928
570.000000 28.424843
571.000000 30.356612
572.000000 32.024247
573.000000 33.409777
574.000000 34.503458
575.000000 35.302418
576.000000 35.807498
577.000000 36.020951
578.000000 35.946731
579.000000 35.590113
580.000000 34.957721
581.000000 34.057417
582.000000 32.898191
583.000000 31.491281
584.000000 29.851601
585.000000 27.999570
586.000000 25.966788
587.000000 23.794713
588.000000 21.534372
589.000000 19.248055
590.000000 17.008674
591.000000 14.897003
592.000000 12.997377
593.000000 11.396001
594.000000 10.170772
595.000000 9.383017
596.000000 9.070610
597.000000 9.243822
598.000000 9.885518
599.000000 10.953187
600.000000 12.384018
601.000000 14.102068
602.000000 16.025780
603.000000 18.075862
604.000000 20.179134
605.000000 22.270625
606.000000 24.295720
607.000000 26.210404
608.000000 27.980616
609.000000 29.581476
610.000000 30.995311
611.000000 32.210234
612.000000 33.218987
613.000000 34.017741
614.000000 34.605140
615.000000 34.981415
616.000000 35.147259
617.000000 35.104221
618.000000 34.854780
619.000000 34.402372
620.000000 33.751553
621.000000 32.907541
622.000000 31.877212
623.000000 30.669926
624.000000 29.297710
625.000000 27.775920
626.000000 26.123942
627.000000 24.364854
628.000000 22.526190
629.000000 20.643734
630.000000 18.759519
631.000000 16.921034
632.000000 15.179780
633.000000 13.588866
634.000000 12.198794
635.000000 11.056915
636.000000 10.203783
637.000000 9.669771
638.000000 9.472697
639.000000 9.616444
640.000000 10.090918
641.000000 10.872938
642.000000 11.928172
643.000000 13.214234
644.000000 14.683891
645.000000 16.288178
646.000000 17.979097
647.000000 19.711886
648.000000 21.445942
649.000000 23.145757
650.000000 24.781374
651.000000 26.328276
652.000000 27.766996
653.000000 29.082615
654.000000 30.264546
655.000000 31.304733
656.000000 32.197477
657.000000 32.939048
658.000000 33.527222
659.000000 33.960926
660.000000 34.239995
661.000000 34.365145
662.000000 34.337498
663.000000 34.158671
664.000000 33.830808
665.000000 33.356629
666.000000 32.739540
667.000000 31.983747
668.000000 31.094099
669.000000 30.076969
670.000000 28.940377
671.000000 27.694208
672.000000 26.350524
673.000000 24.923865
674.000000 23.431495
675.000000 21.893349
676.000000 20.332611
677.000000 18.775515
678.000000 17.250848
679.000000 15.789336
680.000000 14.422765
681.000000 13.182852
682.000000 12.099745
683.000000 11.200690
684.000000 10.509192
685.000000 10.043345
686.000000 9.814758
687.000000 9.827877
688.000000 10.079765
689.000000 10.560357
690.000000 11.253095
691.000000 12.136106
692.000000 13.183547
693.000000 14.366992
694.000000 15.656810
695.000000 17.023420
696.000000 18.438326
697.000000 19.874988
698.000000 21.309624
699.000000 22.720732
700.000000 24.089537
701.000000 25.400058
702.000000 26.638975
703.000000 27.795423
704.000000 28.860736
705.000000 29.828171
706.000000 30.692667
707.000000 31.450637
708.000000 32.099702
709.000000 32.638454
710.000000 33.066269
711.000000 33.383139
712.000000 33.589546
713.000000 33.686334
714.000000 33.674250
715.000000 33.554100
716.000000 33.326973
717.000000 32.994247
718.000000 32.557642
719.000000 32.019289
720.000000 31.381822
721.000000 30.648479
722.000000 29.823009
723.000000 28.910394
724.000000 27.916778
725.000000 26.849405
726.000000 25.716721
727.000000 24.528471
728.000000 23.295766
729.000000 22.031105
730.000000 20.748145
731.000000 19.461358
732.000000 18.187022
733.000000 16.942610
734.000000 15.746461
735.000000 14.617389
736.000000 13.574204
737.000000 12.635150
738.000000 11.817300
739.000000 11.135737
740.000000 10.603188
741.000000 10.229585
742.000000 10.021418
743.000000 9.981477
744.000000 10.108778
745.000000 10.398666
746.000000 10.843086
747.000000 11.431009
748.000000 12.149408
749.000000 12.983453
750.000000 13.916762
751.000000 14.932213
752.000000 16.012468
753.000000 17.140453
754.000000 18.299746
755.000000 19.474884
756.000000 20.651580
757.000000 21.817176
758.000000 22.960284
759.000000 24.070527
760.000000 25.138878
761.000000 26.157608
762.000000 27.120198
763.000000 28.021249
764.000000 28.856366
765.000000 29.622049
766.000000 30.315743
767.000000 30.935855
768.000000 31.480879
769.000000 31.949729
770.000000 32.341694
771.000000 32.656375
772.000000 32.893637
773.000000 33.053569
774.000000 33.136451
775.000000 33.142737
776.000000 33.072927
777.000000 32.927782
778.000000 32.708349
779.000000 32.415879
780.000000 32.051837
781.000000 31.617921
782.000000 31.116088
783.000000 30.548583
784.000000 29.917972
785.000000 29.227154
786.000000 28.478962
787.000000 27.676755
788.000000 26.824512
789.000000 25.926764
790.000000 24.988638
791.000000 24.015898
792.000000 23.014969
793.000000 21.992956
794.000000 20.957638
795.000000 19.917435
796.000000 18.881057
797.000000 17.858019
798.000000 16.858428
799.000000 15.892647
800.000000 14.971125
801.000000 14.104212
802.000000 13.301942
803.000000 12.573818
804.000000 11.928585
805.000000 11.374018
806.000000 10.916677
807.000000 10.561938
808.000000 10.313919
809.000000 10.175218
810.000000 10.146848
811.000000 10.228212
812.000000 10.417135
813.000000 10.709941
814.000000 11.101569
815.000000 11.585738
816.000000 12.155067
817.000000 12.800480
818.000000 13.512749
819.000000 14.282716
820.000000 15.101211
821.000000 15.959208
822.000000 16.847948
823.000000 17.759049
824.000000 18.684576
825.000000 19.617097
826.000000 20.549716
827.000000 21.475918
828.000000 22.388220
829.000000 23.280653
830.000000 24.148207
831.000000 24.986459
832.000000 25.791541
833.000000 26.560107
834.000000 27.289293
835.000000 27.976676
836.000000 28.620231
837.000000 29.218292
838.000000 29.769511
839.000000 30.272821
840.000000 30.727402
841.000000 31.132651
842.000000 31.488149
843.000000 31.793641
844.000000 32.049012
845.000000 32.254267
846.000000 32.409519
847.000000 32.514972
848.000000 32.570915
849.000000 32.577712
850.000000 32.535801
851.000000 32.445685
852.000000 32.307940
853.000000 32.123210
854.000000 31.892215
855.000000 31.615728
856.000000 31.294501
857.000000 30.929445
858.000000 30.521587
859.000000 30.072075
860.000000 29.582193
861.000000 29.053372
862.000000 28.487207
863.000000 27.885473
864.000000 27.250136
865.000000 26.583374
866.000000 25.887586
867.000000 25.165407
868.000000 24.419719
869.000000 23.653661
870.000000 22.870630
871.000000 22.074288
872.000000 21.268556
873.000000 20.457607
874.000000 19.645851
875.000000 18.837919
876.000000 18.038631
877.000000 17.252965
878.000000 16.486017
879.000000 15.742952
880.000000 15.028949
881.000000 14.349143
882.000000 13.708558
883.000000 13.112041
884.000000 12.564190
885.000000 12.069285
886.000000 11.631222
887.000000 11.253444
888.000000 10.938888
889.000000 10.689933
890.000000 10.508359
891.000000 10.395320
892.000000 10.351325
893.000000 10.376232
894.000000 10.469264
895.000000 10.629019
896.000000 10.853512
897.000000 11.140213
898.000000 11.486098
899.000000 11.887711
900.000000 12.341225
901.000000 12.842510
902.000000 13.387200
903.000000 13.970760
904.000000 14.588553
905.000000 15.235898
906.000000 15.908127
907.000000 16.600638
908.000000 17.308938
909.000000 18.028679
910.000000 18.755691
911.000000 19.486008
912.000000 20.215887
913.000000 20.941817
914.000000 21.660533
915.000000 22.369014
916.000000 23.064488
917.000000 23.744424
918.000000 24.406527
919.000000 25.048727
920.000000 25.669174
921.000000 26.266221
922.000000 26.838411
923.000000 27.384469
924.000000 27.903284
925.000000 28.393900
926.000000 28.855497
927.000000 29.287385
928.000000 29.688989
929.000000 30.059838
930.000000 30.399555
931.000000 30.707848
932.000000 30.984500
933.000000 31.229362
934.000000 31.442346
935.000000 31.623417
936.000000 31.772590
937.000000 31.889925
938.000000 31.975521
939.000000 32.029514
940.000000 32.052075
941.000000 32.043409
942.000000 32.003751
943.000000 31.933368
944.000000 31.832558
945.000000 31.701651
946.000000 31.541009
947.000000 31.351028
948.000000 31.132143
949.000000 30.884825
950.000000 30.609589
951.000000 30.306992
952.000000 29.977643
953.000000 29.622202
954.000000 29.241384
955.000000 28.835967
956.000000 28.406794
957.000000 27.954776
958.000000 27.480899
959.000000 26.986228
960.000000 26.471910
961.000000 25.939179
962.000000 25.389360
963.000000 24.823871
964.000000 24.244225
965.000000 23.652034
966.000000 23.049009
967.000000 22.436959
968.000000 21.817790
969.000000 21.193507
970.000000 20.566203
971.000000 19.938060
972.000000 19.311340
973.000000 18.688377
974.000000 18.071566
975.000000 17.463356
976.000000 16.866230
977.000000 16.282697
978.000000 15.715271
979.000000 15.166454
980.000000 14.638722
981.000000 14.134499
982.000000 13.656140
983.000000 13.205908
984.000000 12.785958
985.000000 12.398309
986.000000 12.044833
987.000000 11.727227
988.000000 11.447004
989.000000 11.205471
990.000000 11.003719
991.000000 10.842612
992.000000 10.722777
993.000000 10.644600
994.000000 10.608221
995.000000 10.613539
996.000000 10.660209
997.000000 10.747653
998.000000 10.875068
999.000000 11.041436
1000.000000 11.245539
1001.000000 11.485973
1002.000000 11.761167
1003.000000 12.069401
1004.000000 12.408824
1005.000000 12.777476
1006.000000 13.173306
1007.000000 13.594192
1008.000000 14.037964
1009.000000 14.502417
1010.000000 14.985332
1011.000000 15.484493
1012.000000 15.997700
1013.000000 16.522786
1014.000000 17.057627
1015.000000 17.600153
1016.000000 18.148358
1017.000000 18.700309
1018.000000 19.254151
1019.000000 19.808112
1020.000000 20.360508
1021.000000 20.909745
1022.000000 21.454319
1023.000000 21.992820
1024.000000 22.523929
1025.000000 23.046418
1026.000000 23.559147
1027.000000 24.061065
1028.000000 24.551201
1029.000000 25.028670
1030.000000 25.492661
1031.000000 25.942438
1032.000000 26.377335
1033.000000 26.796753
1034.000000 27.200156
1035.000000 27.587065
1036.000000 27.957057
1037.000000 28.309762
1038.000000 28.644855
1039.000000 28.962058
1040.000000 29.261131
1041.000000 29.541874
1042.000000 29.804122
1043.000000 30.047742
1044.000000 30.272630
1045.000000 30.478710
1046.000000 30.665931
1047.000000 30.834263
1048.000000 30.983701
1049.000000 31.114256
1050.000000 31.225960
1051.000000 31.318859
1052.000000 31.393016
1053.000000 31.448509
1054.000000 31.485429
1055.000000 31.503880
1056.000000 31.503980
1057.000000 31.485858
1058.000000 31.449655
1059.000000 31.395524
1060.000000 31.323629
1061.000000 31.234147
1062.000000 31.127267
1063.000000 31.003189
1064.000000 30.862126
1065.000000 30.704306
1066.000000 30.529968
1067.000000 30.339368
1068.000000 30.132774
1069.000000 29.910473
1070.000000 29.672767
1071.000000 29.419974
1072.000000 29.152433
1073.000000 28.870502
1074.000000 28.574556
1075.000000 28.264960
1076.000000 27.942069
1077.000000 27.606316
1078.000000 27.258156
1079.000000 26.898072
1080.000000 26.526572
1081.000000 26.144192
1082.000000 25.751499
1083.000000 25.349085
1084.000000 24.937575
1085.000000 24.517622
1086.000000 24.089913
1087.000000 23.655163
1088.000000 23.214120
1089.000000 22.767562
1090.000000 22.316299
1091.000000 21.861170
1092.000000 21.403043
1093.000000 20.942817
1094.000000 20.481416
1095.000000 20.019792
1096.000000 19.558917
1097.000000 19.099789
1098.000000 18.643424
1099.000000 18.190853
1100.000000 17.743122
