# Fresnel Simulation Metadata
# ---------------------------
# Layer 0: Air (Infinite boundary)
# Layer 1: AlN (hexagonal) | Input: 100.00 nm | Optimized: 157.86 nm
# Layer 2: Si (Infinite boundary)
# 
# Wavelength(nm)	Response
3.500000000000000000e+02	7.031720105832950196e+01
3.510000000000000000e+02	7.030759632125753456e+01
3.520000000000000000e+02	7.029106292748249984e+01
3.530000000000000000e+02	7.027450725299004830e+01
3.540000000000000000e+02	7.025092181559301707e+01
3.550000000000000000e+02	7.020939908370451121e+01
3.560000000000000000e+02	7.015249977855080488e+01
3.570000000000000000e+02	7.008681510803822334e+01
3.580000000000000000e+02	6.999934365650932477e+01
3.590000000000000000e+02	6.986737302079768597e+01
3.600000000000000000e+02	6.967814579341970216e+01
3.610000000000000000e+02	6.942538695866748810e+01
3.620000000000000000e+02	6.910319643193041372e+01
3.630000000000000000e+02	6.870366624538891642e+01
3.640000000000000000e+02	6.821315365326293545e+01
3.650000000000000000e+02	6.761495556846928423e+01
3.660000000000000000e+02	6.690731037771240608e+01
3.670000000000000000e+02	6.610808346001869040e+01
3.680000000000000000e+02	6.523010702504322467e+01
3.690000000000000000e+02	6.428081342164411183e+01
3.700000000000000000e+02	6.326623579173696044e+01
3.710000000000000000e+02	6.218223937584897243e+01
3.720000000000000000e+02	6.102612399178381253e+01
3.730000000000000000e+02	5.982434675023263537e+01
3.740000000000000000e+02	5.861407995843367758e+01
3.750000000000000000e+02	5.740319082578244547e+01
3.760000000000000000e+02	5.617684908263687760e+01
3.770000000000000000e+02	5.493157820592481499e+01
3.780000000000000000e+02	5.368414429273195054e+01
3.790000000000000000e+02	5.245149500838287082e+01
3.800000000000000000e+02	5.123997518676979723e+01
3.810000000000000000e+02	5.005250621204642414e+01
3.820000000000000000e+02	4.888235491934705834e+01
3.830000000000000000e+02	4.771672172391998856e+01
3.840000000000000000e+02	4.655379756045321926e+01
3.850000000000000000e+02	4.541163524616665370e+01
3.860000000000000000e+02	4.430397202336227025e+01
3.870000000000000000e+02	4.321783623618963333e+01
3.880000000000000000e+02	4.213378768982974520e+01
3.890000000000000000e+02	4.104855875371760732e+01
3.900000000000000000e+02	3.997541817621075211e+01
3.910000000000000000e+02	3.892318770582403431e+01
3.920000000000000000e+02	3.788502073004218573e+01
3.930000000000000000e+02	3.685210035204103463e+01
3.940000000000000000e+02	3.582362266261116446e+01
3.950000000000000000e+02	3.480408405255818138e+01
3.960000000000000000e+02	3.379865556360327616e+01
3.970000000000000000e+02	3.281403447715778299e+01
3.980000000000000000e+02	3.185646003232209722e+01
3.990000000000000000e+02	3.092255949011820704e+01
4.000000000000000000e+02	3.000174221316164136e+01
4.010000000000000000e+02	2.908770335086462211e+01
4.020000000000000000e+02	2.819069247144467738e+01
4.030000000000000000e+02	2.732416445638288138e+01
4.040000000000000000e+02	2.649281980558521710e+01
4.050000000000000000e+02	2.569257580230426896e+01
4.060000000000000000e+02	2.491922258961812986e+01
4.070000000000000000e+02	2.417066054258511798e+01
4.080000000000000000e+02	2.344540113191312258e+01
4.090000000000000000e+02	2.274259666582972628e+01
4.100000000000000000e+02	2.206331878327816298e+01
4.110000000000000000e+02	2.140895858195769463e+01
4.120000000000000000e+02	2.078120800710448890e+01
4.130000000000000000e+02	2.018187932583251865e+01
4.140000000000000000e+02	1.961235164377926310e+01
4.150000000000000000e+02	1.907197731110273509e+01
4.160000000000000000e+02	1.855909122727722149e+01
4.170000000000000000e+02	1.807213830931478071e+01
4.180000000000000000e+02	1.760954092317136599e+01
4.190000000000000000e+02	1.716994934558375263e+01
4.200000000000000000e+02	1.675300210308780180e+01
4.210000000000000000e+02	1.635997525756836524e+01
4.220000000000000000e+02	1.599223799387305611e+01
4.230000000000000000e+02	1.565113365371659171e+01
4.240000000000000000e+02	1.533799166772410061e+01
4.250000000000000000e+02	1.505364048462072901e+01
4.260000000000000000e+02	1.479759608381380964e+01
4.270000000000000000e+02	1.456831751640774897e+01
4.280000000000000000e+02	1.436455710682507281e+01
4.290000000000000000e+02	1.418547121571960190e+01
4.300000000000000000e+02	1.403040637781223232e+01
4.310000000000000000e+02	1.389878698508488419e+01
4.320000000000000000e+02	1.379087815143274121e+01
4.330000000000000000e+02	1.370723271970198986e+01
4.340000000000000000e+02	1.364752761975076822e+01
4.350000000000000000e+02	1.360996408177625838e+01
4.360000000000000000e+02	1.359268755037916065e+01
4.370000000000000000e+02	1.359529979414791256e+01
4.380000000000000000e+02	1.361852443710363758e+01
4.390000000000000000e+02	1.366236052521734123e+01
4.400000000000000000e+02	1.372519326568342635e+01
4.410000000000000000e+02	1.380508760357233555e+01
4.420000000000000000e+02	1.390217977399197480e+01
4.430000000000000000e+02	1.401806643541264741e+01
4.440000000000000000e+02	1.415391706127852345e+01
4.450000000000000000e+02	1.430707819788508139e+01
4.460000000000000000e+02	1.447299061000608233e+01
4.470000000000000000e+02	1.464728339909391153e+01
4.480000000000000000e+02	1.483172211000287533e+01
4.490000000000000000e+02	1.503109437695773742e+01
4.500000000000000000e+02	1.525076388947259254e+01
4.510000000000000000e+02	1.548941695349564185e+01
4.520000000000000000e+02	1.574135644687351565e+01
4.530000000000000000e+02	1.599966186718931560e+01
4.540000000000000000e+02	1.626121589452455041e+01
4.550000000000000000e+02	1.652797744215710551e+01
4.560000000000000000e+02	1.680280995554250012e+01
4.570000000000000000e+02	1.708783454902437882e+01
4.580000000000000000e+02	1.738236941253891743e+01
4.590000000000000000e+02	1.768523372243139846e+01
4.600000000000000000e+02	1.799510256779246475e+01
4.610000000000000000e+02	1.831022818162285759e+01
4.620000000000000000e+02	1.862858069493306346e+01
4.630000000000000000e+02	1.894806960098990345e+01
4.640000000000000000e+02	1.926965106700295038e+01
4.650000000000000000e+02	1.959866993353092823e+01
4.660000000000000000e+02	1.994126330440841599e+01
4.670000000000000000e+02	2.030200140339660919e+01
4.680000000000000000e+02	2.067436039835770600e+01
4.690000000000000000e+02	2.104728542781697342e+01
4.700000000000000000e+02	2.140914502092736882e+01
4.710000000000000000e+02	2.175843785234171790e+01
4.720000000000000000e+02	2.210798936830122940e+01
4.730000000000000000e+02	2.247242417536600101e+01
4.740000000000000000e+02	2.286441252516883083e+01
4.750000000000000000e+02	2.327626861177051865e+01
4.760000000000000000e+02	2.369019004911599779e+01
4.770000000000000000e+02	2.408727952536252914e+01
4.780000000000000000e+02	2.445518581745442788e+01
4.790000000000000000e+02	2.480339634120070258e+01
4.800000000000000000e+02	2.514600636955874080e+01
4.810000000000000000e+02	2.549736753052275873e+01
4.820000000000000000e+02	2.586281629719547936e+01
4.830000000000000000e+02	2.623547961059304612e+01
4.840000000000000000e+02	2.660747348925268696e+01
4.850000000000000000e+02	2.697131735798014773e+01
4.860000000000000000e+02	2.732558047610847751e+01
4.870000000000000000e+02	2.767250499039142397e+01
4.880000000000000000e+02	2.801443671041975492e+01
4.890000000000000000e+02	2.835351114502604730e+01
4.900000000000000000e+02	2.869055740726408033e+01
4.910000000000000000e+02	2.902597267864374686e+01
4.920000000000000000e+02	2.936016655083979643e+01
4.930000000000000000e+02	2.969319577533014964e+01
4.940000000000000000e+02	3.002366773920479659e+01
4.950000000000000000e+02	3.034982946538403681e+01
4.960000000000000000e+02	3.066993805478419688e+01
4.970000000000000000e+02	3.098335814976940128e+01
4.980000000000000000e+02	3.129270720168075925e+01
4.990000000000000000e+02	3.160119710710287677e+01
5.000000000000000000e+02	3.191202366906134458e+01
5.010000000000000000e+02	3.222648154951903621e+01
5.020000000000000000e+02	3.254025535578658435e+01
5.030000000000000000e+02	3.284799794085472513e+01
5.040000000000000000e+02	3.314438029385343043e+01
5.050000000000000000e+02	3.342618847163343787e+01
5.060000000000000000e+02	3.369850879385476361e+01
5.070000000000000000e+02	3.396844272046138968e+01
5.080000000000000000e+02	3.424300409727862871e+01
5.090000000000000000e+02	3.452751862940439764e+01
5.100000000000000000e+02	3.481857923917610265e+01
5.110000000000000000e+02	3.510988525018758821e+01
5.120000000000000000e+02	3.539518263646291274e+01
5.130000000000000000e+02	3.566884490023402066e+01
5.140000000000000000e+02	3.593116456471179276e+01
5.150000000000000000e+02	3.618587723187569338e+01
5.160000000000000000e+02	3.643670584969844128e+01
5.170000000000000000e+02	3.668724037772163626e+01
5.180000000000000000e+02	3.693869720158671299e+01
5.190000000000000000e+02	3.718929801797560941e+01
5.200000000000000000e+02	3.743710372572253675e+01
5.210000000000000000e+02	3.768021624596264729e+01
5.220000000000000000e+02	3.791760388525862879e+01
5.230000000000000000e+02	3.815069451683049806e+01
5.240000000000000000e+02	3.838133399724521411e+01
5.250000000000000000e+02	3.861132648881878993e+01
5.260000000000000000e+02	3.884227271834437545e+01
5.270000000000000000e+02	3.907331139797055641e+01
5.280000000000000000e+02	3.930173379802467082e+01
5.290000000000000000e+02	3.952482976723452879e+01
5.300000000000000000e+02	3.973993927159126827e+01
5.310000000000000000e+02	3.994548821798051108e+01
5.320000000000000000e+02	4.014299353953271066e+01
5.330000000000000000e+02	4.033452790219580208e+01
5.340000000000000000e+02	4.052214304599447559e+01
5.350000000000000000e+02	4.070779550220008502e+01
5.360000000000000000e+02	4.089238868714753039e+01
5.370000000000000000e+02	4.107600330310507530e+01
5.380000000000000000e+02	4.125866286645586456e+01
5.390000000000000000e+02	4.144035606430077223e+01
5.400000000000000000e+02	4.162089504001495044e+01
5.410000000000000000e+02	4.179930389242041144e+01
5.420000000000000000e+02	4.197438954405411948e+01
5.430000000000000000e+02	4.214501471411820432e+01
5.440000000000000000e+02	4.231010196544119140e+01
5.450000000000000000e+02	4.246951881347648339e+01
5.460000000000000000e+02	4.262511039311868188e+01
5.470000000000000000e+02	4.277891341579884710e+01
5.480000000000000000e+02	4.293288156937749989e+01
5.490000000000000000e+02	4.308884262417228683e+01
5.500000000000000000e+02	4.324661722779092088e+01
5.510000000000000000e+02	4.340352857355605920e+01
5.520000000000000000e+02	4.355681832100950146e+01
5.530000000000000000e+02	4.370381463742790373e+01
5.540000000000000000e+02	4.384205818426085699e+01
5.550000000000000000e+02	4.397175879585024916e+01
5.560000000000000000e+02	4.409566520950541957e+01
5.570000000000000000e+02	4.421652195426664633e+01
5.580000000000000000e+02	4.433694057352334283e+01
5.590000000000000000e+02	4.445930593459258517e+01
5.600000000000000000e+02	4.458372049844167151e+01
5.610000000000000000e+02	4.470813094740933735e+01
5.620000000000000000e+02	4.483046718440074585e+01
5.630000000000000000e+02	4.494872957957132087e+01
5.640000000000000000e+02	4.506102667480018908e+01
5.650000000000000000e+02	4.516701791067524141e+01
5.660000000000000000e+02	4.526829135210188326e+01
5.670000000000000000e+02	4.536651812047054477e+01
5.680000000000000000e+02	4.546331698146659761e+01
5.690000000000000000e+02	4.556024147249633671e+01
5.700000000000000000e+02	4.565793083224526328e+01
5.710000000000000000e+02	4.575554823589722275e+01
5.720000000000000000e+02	4.585213397320663375e+01
5.730000000000000000e+02	4.594674767545880201e+01
5.740000000000000000e+02	4.603846734978659327e+01
5.750000000000000000e+02	4.612657895615114256e+01
5.760000000000000000e+02	4.621114364210484382e+01
5.770000000000000000e+02	4.629242287617628193e+01
5.780000000000000000e+02	4.637068802199576822e+01
5.790000000000000000e+02	4.644622088013569083e+01
5.800000000000000000e+02	4.651930929159235006e+01
5.810000000000000000e+02	4.659017475186604429e+01
5.820000000000000000e+02	4.665896988821690883e+01
5.830000000000000000e+02	4.672582512114604469e+01
5.840000000000000000e+02	4.679084944644898059e+01
5.850000000000000000e+02	4.685413042432868735e+01
5.860000000000000000e+02	4.691574260410881436e+01
5.870000000000000000e+02	4.697576904899572980e+01
5.880000000000000000e+02	4.703429900694769827e+01
5.890000000000000000e+02	4.709142643676044315e+01
5.900000000000000000e+02	4.714724983271102587e+01
5.910000000000000000e+02	4.720186094228554907e+01
5.920000000000000000e+02	4.725518976807899918e+01
5.930000000000000000e+02	4.730704230736368743e+01
5.940000000000000000e+02	4.735722476280295012e+01
5.950000000000000000e+02	4.740554681266886661e+01
5.960000000000000000e+02	4.745182161631844764e+01
5.970000000000000000e+02	4.749591042982675759e+01
5.980000000000000000e+02	4.753791878007162097e+01
5.990000000000000000e+02	4.757803550171313134e+01
6.000000000000000000e+02	4.761645144039452759e+01
6.010000000000000000e+02	4.765335937394250720e+01
6.020000000000000000e+02	4.768895392772118669e+01
6.030000000000000000e+02	4.772334753392048157e+01
6.040000000000000000e+02	4.775640175835768986e+01
6.050000000000000000e+02	4.778792676110578697e+01
6.060000000000000000e+02	4.781772705106115495e+01
6.070000000000000000e+02	4.784560153126909654e+01
6.080000000000000000e+02	4.787134421212046931e+01
6.090000000000000000e+02	4.789488163514386088e+01
6.100000000000000000e+02	4.791644548224022060e+01
6.110000000000000000e+02	4.793630949274056263e+01
6.120000000000000000e+02	4.795474802990890595e+01
6.130000000000000000e+02	4.797203602881986484e+01
6.140000000000000000e+02	4.798844818649601507e+01
6.150000000000000000e+02	4.800410256926489438e+01
6.160000000000000000e+02	4.801876901629403704e+01
6.170000000000000000e+02	4.803217428811124989e+01
6.180000000000000000e+02	4.804404970595636826e+01
6.190000000000000000e+02	4.805413123192794700e+01
6.200000000000000000e+02	4.806215968683156348e+01
6.210000000000000000e+02	4.806801692472159004e+01
6.220000000000000000e+02	4.807198934181706562e+01
6.230000000000000000e+02	4.807443094462434630e+01
6.240000000000000000e+02	4.807568763983265114e+01
6.250000000000000000e+02	4.807609718152692579e+01
6.260000000000000000e+02	4.807598922260639540e+01
6.270000000000000000e+02	4.807563258245849624e+01
6.280000000000000000e+02	4.807490107908441246e+01
6.290000000000000000e+02	4.807349843094472419e+01
6.300000000000000000e+02	4.807113459702834746e+01
6.310000000000000000e+02	4.806752649197741789e+01
6.320000000000000000e+02	4.806239795913835167e+01
6.330000000000000000e+02	4.805548437370394765e+01
6.340000000000000000e+02	4.804670333966743101e+01
6.350000000000000000e+02	4.803620120291451911e+01
6.360000000000000000e+02	4.802413602216575583e+01
6.370000000000000000e+02	4.801066207554617904e+01
6.380000000000000000e+02	4.799592979434944340e+01
6.390000000000000000e+02	4.798008572019743667e+01
6.400000000000000000e+02	4.796325681768870197e+01
6.410000000000000000e+02	4.794548265770581708e+01
6.420000000000000000e+02	4.792677431309355995e+01
6.430000000000000000e+02	4.790714334394466078e+01
6.440000000000000000e+02	4.788660181452802078e+01
6.450000000000000000e+02	4.786516228920073956e+01
6.460000000000000000e+02	4.784283785963265956e+01
6.470000000000000000e+02	4.781964894585878767e+01
6.480000000000000000e+02	4.779563197783454598e+01
6.490000000000000000e+02	4.777082647614815869e+01
6.500000000000000000e+02	4.774527300311168432e+01
6.510000000000000000e+02	4.771901315936646171e+01
6.520000000000000000e+02	4.769208958274811039e+01
6.530000000000000000e+02	4.766454445038122145e+01
6.540000000000000000e+02	4.763636231610950489e+01
6.550000000000000000e+02	4.760745070221146591e+01
6.560000000000000000e+02	4.757770973732025510e+01
6.570000000000000000e+02	4.754703720579178849e+01
6.580000000000000000e+02	4.751532857437597102e+01
6.590000000000000000e+02	4.748247702398267478e+01
6.600000000000000000e+02	4.744837718368568602e+01
6.610000000000000000e+02	4.741300701038871779e+01
6.620000000000000000e+02	4.737642991589891039e+01
6.630000000000000000e+02	4.733871430391145907e+01
6.640000000000000000e+02	4.729992986979502945e+01
6.650000000000000000e+02	4.726014758245991487e+01
6.660000000000000000e+02	4.721943966906504642e+01
6.670000000000000000e+02	4.717787919899154758e+01
6.680000000000000000e+02	4.713552457822247987e+01
6.690000000000000000e+02	4.709241375794265139e+01
6.700000000000000000e+02	4.704858268287316747e+01
6.710000000000000000e+02	4.700406663220475423e+01
6.720000000000000000e+02	4.695890021647119283e+01
6.730000000000000000e+02	4.691311737501013113e+01
6.740000000000000000e+02	4.686675135489018373e+01
6.750000000000000000e+02	4.681983077050925601e+01
6.760000000000000000e+02	4.677237535883867281e+01
6.770000000000000000e+02	4.672440434762477679e+01
6.780000000000000000e+02	4.667593768360215734e+01
6.790000000000000000e+02	4.662699605405443748e+01
6.800000000000000000e+02	4.657760089301541484e+01
6.810000000000000000e+02	4.652777438101910690e+01
6.820000000000000000e+02	4.647753331209889893e+01
6.830000000000000000e+02	4.642684954452784041e+01
6.840000000000000000e+02	4.637567413664189786e+01
6.850000000000000000e+02	4.632395737614567821e+01
6.860000000000000000e+02	4.627164888734337467e+01
6.870000000000000000e+02	4.621869764300144112e+01
6.880000000000000000e+02	4.616505197615891376e+01
6.890000000000000000e+02	4.611065972443302741e+01
6.900000000000000000e+02	4.605549622066510551e+01
6.910000000000000000e+02	4.599959891734949480e+01
6.920000000000000000e+02	4.594301316036167293e+01
6.930000000000000000e+02	4.588578370021033948e+01
6.940000000000000000e+02	4.582795468931990257e+01
6.950000000000000000e+02	4.576956967960020961e+01
6.960000000000000000e+02	4.571067162035259202e+01
6.970000000000000000e+02	4.565130021744187871e+01
6.980000000000000000e+02	4.559143403980737475e+01
6.990000000000000000e+02	4.553099123926664049e+01
7.000000000000000000e+02	4.546988796712739145e+01
7.010000000000000000e+02	4.540804112648723390e+01
7.020000000000000000e+02	4.534536828192667457e+01
7.030000000000000000e+02	4.528178764108636045e+01
7.040000000000000000e+02	4.521721806161006896e+01
7.050000000000000000e+02	4.515158508179609242e+01
7.060000000000000000e+02	4.508495338217795734e+01
7.070000000000000000e+02	4.501752642624241219e+01
7.080000000000000000e+02	4.494951375139343241e+01
7.090000000000000000e+02	4.488112491328379861e+01
7.100000000000000000e+02	4.481256944739185144e+01
7.110000000000000000e+02	4.474405682026890929e+01
7.120000000000000000e+02	4.467579637056731912e+01
7.130000000000000000e+02	4.460799243205055120e+01
7.140000000000000000e+02	4.454066211989945145e+01
7.150000000000000000e+02	4.447357922047834222e+01
7.160000000000000000e+02	4.440650073582887103e+01
7.170000000000000000e+02	4.433918319056422774e+01
7.180000000000000000e+02	4.427138270174850732e+01
7.190000000000000000e+02	4.420285503500744539e+01
7.200000000000000000e+02	4.413335564680784273e+01
7.210000000000000000e+02	4.406264033561944871e+01
7.220000000000000000e+02	4.399059671169569441e+01
7.230000000000000000e+02	4.391740714858045891e+01
7.240000000000000000e+02	4.384329437210735136e+01
7.250000000000000000e+02	4.376848160630496665e+01
7.260000000000000000e+02	4.369319254864674207e+01
7.270000000000000000e+02	4.361765133567583064e+01
7.280000000000000000e+02	4.354208249890273663e+01
7.290000000000000000e+02	4.346671091089629613e+01
7.300000000000000000e+02	4.339173823960912557e+01
7.310000000000000000e+02	4.331712378679330300e+01
7.320000000000000000e+02	4.324268340273221867e+01
7.330000000000000000e+02	4.316823056626511601e+01
7.340000000000000000e+02	4.309357828839133475e+01
7.350000000000000000e+02	4.301853916161255853e+01
7.360000000000000000e+02	4.294292540244060774e+01
7.370000000000000000e+02	4.286654888698762988e+01
7.380000000000000000e+02	4.278922117957555571e+01
7.390000000000000000e+02	4.271080897890173844e+01
7.400000000000000000e+02	4.263140068366193702e+01
7.410000000000000000e+02	4.255114060376243401e+01
7.420000000000000000e+02	4.247017359139326231e+01
7.430000000000000000e+02	4.238864502390231337e+01
7.440000000000000000e+02	4.230670078414266300e+01
7.450000000000000000e+02	4.222448723818799010e+01
7.460000000000000000e+02	4.214215120189702901e+01
7.470000000000000000e+02	4.205983973954876376e+01
7.480000000000000000e+02	4.197765553994432253e+01
7.490000000000000000e+02	4.189556848431264768e+01
7.500000000000000000e+02	4.181352303613551413e+01
7.510000000000000000e+02	4.173146269760302118e+01
7.520000000000000000e+02	4.164933002467920176e+01
7.530000000000000000e+02	4.156706664457815492e+01
7.540000000000000000e+02	4.148461327557298972e+01
7.550000000000000000e+02	4.140190974906032295e+01
7.560000000000000000e+02	4.131889503380382678e+01
7.570000000000000000e+02	4.123552398400063623e+01
7.580000000000000000e+02	4.115181810465196577e+01
7.590000000000000000e+02	4.106781639372132275e+01
7.600000000000000000e+02	4.098355874593463000e+01
7.610000000000000000e+02	4.089908593531514924e+01
7.620000000000000000e+02	4.081443960031803186e+01
7.630000000000000000e+02	4.072966223152825194e+01
7.640000000000000000e+02	4.064479716188531455e+01
7.650000000000000000e+02	4.055988855939713034e+01
7.660000000000000000e+02	4.047497442939675238e+01
7.670000000000000000e+02	4.039002114903228602e+01
7.680000000000000000e+02	4.030495227886349596e+01
7.690000000000000000e+02	4.021969038554025389e+01
7.700000000000000000e+02	4.013415760502176965e+01
7.710000000000000000e+02	4.004827565702937875e+01
7.720000000000000000e+02	3.996196585968988302e+01
7.730000000000000000e+02	3.987514914432146895e+01
7.740000000000000000e+02	3.978774607138936403e+01
7.750000000000000000e+02	3.969967688183109544e+01
7.760000000000000000e+02	3.961090282488791559e+01
7.770000000000000000e+02	3.952150784723312427e+01
7.780000000000000000e+02	3.943159868421153647e+01
7.790000000000000000e+02	3.934128215578658683e+01
7.800000000000000000e+02	3.925066514892810687e+01
7.810000000000000000e+02	3.915985459852022643e+01
7.820000000000000000e+02	3.906895746678121384e+01
7.830000000000000000e+02	3.897808072119158851e+01
7.840000000000000000e+02	3.888733131093184170e+01
7.850000000000000000e+02	3.879681528538196034e+01
7.860000000000000000e+02	3.870657236213401831e+01
7.870000000000000000e+02	3.861652986475202454e+01
7.880000000000000000e+02	3.852660418487684524e+01
7.890000000000000000e+02	3.843671168474872246e+01
7.900000000000000000e+02	3.834676871855712221e+01
7.910000000000000000e+02	3.825669165278006290e+01
7.920000000000000000e+02	3.816639688551224197e+01
7.930000000000000000e+02	3.807580086478549219e+01
7.940000000000000000e+02	3.798482010588831770e+01
7.950000000000000000e+02	3.789337142911816159e+01
7.960000000000000000e+02	3.780141866167878106e+01
7.970000000000000000e+02	3.770903019044045124e+01
7.980000000000000000e+02	3.761628821536638867e+01
7.990000000000000000e+02	3.752327455653545485e+01
8.000000000000000000e+02	3.743007064100429204e+01
8.010000000000000000e+02	3.733675748851801757e+01
8.020000000000000000e+02	3.724341569612425928e+01
8.030000000000000000e+02	3.715012542174488885e+01
8.040000000000000000e+02	3.705696639599199216e+01
8.050000000000000000e+02	3.696401822701416506e+01
8.060000000000000000e+02	3.687134771961146384e+01
8.070000000000000000e+02	3.677895373599449869e+01
8.080000000000000000e+02	3.668681310011773178e+01
8.090000000000000000e+02	3.659490358591800430e+01
8.100000000000000000e+02	3.650320393983093936e+01
8.110000000000000000e+02	3.641169388780934923e+01
8.120000000000000000e+02	3.632035414418425034e+01
8.130000000000000000e+02	3.622916642243238527e+01
8.140000000000000000e+02	3.613811344791336921e+01
8.150000000000000000e+02	3.604717897264004733e+01
8.160000000000000000e+02	3.595634782889010239e+01
8.170000000000000000e+02	3.586560858654380013e+01
8.180000000000000000e+02	3.577495452235099549e+01
8.190000000000000000e+02	3.568437864303272278e+01
8.200000000000000000e+02	3.559387318283701518e+01
8.210000000000000000e+02	3.550342959608659044e+01
8.220000000000000000e+02	3.541303855186954763e+01
8.230000000000000000e+02	3.532268993087068054e+01
8.240000000000000000e+02	3.523237282434365625e+01
8.250000000000000000e+02	3.514207553522039262e+01
8.260000000000000000e+02	3.505178558135558831e+01
8.270000000000000000e+02	3.496148988355987797e+01
8.280000000000000000e+02	3.487118177783712270e+01
8.290000000000000000e+02	3.478086358514222098e+01
8.300000000000000000e+02	3.469053822973970114e+01
8.310000000000000000e+02	3.460020862949453146e+01
8.320000000000000000e+02	3.450987769578100028e+01
8.330000000000000000e+02	3.441954833339023878e+01
8.340000000000000000e+02	3.432922344043575436e+01
8.350000000000000000e+02	3.423890590825796210e+01
8.360000000000000000e+02	3.414859862132642832e+01
8.370000000000000000e+02	3.405830445714151722e+01
8.380000000000000000e+02	3.396802628613389174e+01
8.390000000000000000e+02	3.387776697156299122e+01
8.400000000000000000e+02	3.378752936941409502e+01
8.410000000000000000e+02	3.369731632829385148e+01
8.420000000000000000e+02	3.360713068932482628e+01
8.430000000000000000e+02	3.351697528603865806e+01
8.440000000000000000e+02	3.342685294426795650e+01
8.450000000000000000e+02	3.333676648203734771e+01
8.460000000000000000e+02	3.324671870945284979e+01
8.470000000000000000e+02	3.315671242859075107e+01
8.480000000000000000e+02	3.306675043338509568e+01
8.490000000000000000e+02	3.297683550951435905e+01
8.500000000000000000e+02	3.288697043428693689e+01
8.510000000000000000e+02	3.279715797652593068e+01
8.520000000000000000e+02	3.270740089645306625e+01
8.530000000000000000e+02	3.261770194557162483e+01
8.540000000000000000e+02	3.252806386654850712e+01
8.550000000000000000e+02	3.243848939309608426e+01
8.560000000000000000e+02	3.234898124985247136e+01
8.570000000000000000e+02	3.225954215226181532e+01
8.580000000000000000e+02	3.217017480645387195e+01
8.590000000000000000e+02	3.208088190912238247e+01
8.600000000000000000e+02	3.199166614740389392e+01
8.610000000000000000e+02	3.190253019875500229e+01
8.620000000000000000e+02	3.181347673083010363e+01
8.630000000000000000e+02	3.172450840135780581e+01
8.640000000000000000e+02	3.163562785801768484e+01
8.650000000000000000e+02	3.154683773831625260e+01
8.660000000000000000e+02	3.145814066946269705e+01
8.670000000000000000e+02	3.136953926824449823e+01
8.680000000000000000e+02	3.128103614090248641e+01
8.690000000000000000e+02	3.119263388300612405e+01
8.700000000000000000e+02	3.110433507932816255e+01
8.710000000000000000e+02	3.101614230371967906e+01
8.720000000000000000e+02	3.092805811898449164e+01
8.730000000000000000e+02	3.084008507675397937e+01
8.740000000000000000e+02	3.075222571736164667e+01
8.750000000000000000e+02	3.066448256971777298e+01
8.760000000000000000e+02	3.057685815118420791e+01
8.770000000000000000e+02	3.048935496744921281e+01
8.780000000000000000e+02	3.040197551240228080e+01
8.790000000000000000e+02	3.031472226800958580e+01
8.800000000000000000e+02	3.022759770412352864e+01
8.810000000000000000e+02	3.014060427790564134e+01
8.820000000000000000e+02	3.005374443398218176e+01
8.830000000000000000e+02	2.996702060456956573e+01
8.840000000000000000e+02	2.988043520935287845e+01
8.850000000000000000e+02	2.979399065536269120e+01
8.860000000000000000e+02	2.970768933685278768e+01
8.870000000000000000e+02	2.962153363517800031e+01
8.880000000000000000e+02	2.953552591867289578e+01
8.890000000000000000e+02	2.944966854253070565e+01
8.900000000000000000e+02	2.936396384868302434e+01
8.910000000000000000e+02	2.927841416567998323e+01
8.920000000000000000e+02	2.919302180857128093e+01
8.930000000000000000e+02	2.910778907878755462e+01
8.940000000000000000e+02	2.902271826402289179e+01
8.950000000000000000e+02	2.893781163811758717e+01
8.960000000000000000e+02	2.885307146094219632e+01
8.970000000000000000e+02	2.876849997828210448e+01
8.980000000000000000e+02	2.868409942172283067e+01
8.990000000000000000e+02	2.859987200853660738e+01
9.000000000000000000e+02	2.851581994156945399e+01
9.010000000000000000e+02	2.843194533116368916e+01
9.020000000000000000e+02	2.834824975992748008e+01
9.030000000000000000e+02	2.826473458877291733e+01
9.040000000000000000e+02	2.818140116398576822e+01
9.050000000000000000e+02	2.809825081789281498e+01
9.060000000000000000e+02	2.801528486894518721e+01
9.070000000000000000e+02	2.793250462180171212e+01
9.080000000000000000e+02	2.784991136741133744e+01
9.090000000000000000e+02	2.776750638309505703e+01
9.100000000000000000e+02	2.768529093262709750e+01
9.110000000000000000e+02	2.760326626631588454e+01
9.120000000000000000e+02	2.752143362108407842e+01
9.130000000000000000e+02	2.743979422054804829e+01
9.140000000000000000e+02	2.735834927509720060e+01
9.150000000000000000e+02	2.727709998197224905e+01
9.160000000000000000e+02	2.719604752534309711e+01
9.170000000000000000e+02	2.711519307638637599e+01
9.180000000000000000e+02	2.703453779336217622e+01
9.190000000000000000e+02	2.695408282169031366e+01
9.200000000000000000e+02	2.687382929402616227e+01
9.210000000000000000e+02	2.679377833033579037e+01
9.220000000000000000e+02	2.671393103797083413e+01
9.230000000000000000e+02	2.663428851174251832e+01
9.240000000000000000e+02	2.655485183399537163e+01
9.250000000000000000e+02	2.647562207468038409e+01
9.260000000000000000e+02	2.639660029142778797e+01
9.270000000000000000e+02	2.631778752961906065e+01
9.280000000000000000e+02	2.623918482245858286e+01
9.290000000000000000e+02	2.616079319104487055e+01
9.300000000000000000e+02	2.608261364444136632e+01
9.310000000000000000e+02	2.600464717974627504e+01
9.320000000000000000e+02	2.592689478216269805e+01
9.330000000000000000e+02	2.584935742506749534e+01
9.340000000000000000e+02	2.577203607008022956e+01
9.350000000000000000e+02	2.569493166713150956e+01
9.360000000000000000e+02	2.561804515453055586e+01
9.370000000000000000e+02	2.554137745903278400e+01
9.380000000000000000e+02	2.546492949590673760e+01
9.390000000000000000e+02	2.538870216900012977e+01
9.400000000000000000e+02	2.531269637080630019e+01
9.410000000000000000e+02	2.523691298252949977e+01
9.420000000000000000e+02	2.516135287414999055e+01
9.430000000000000000e+02	2.508601690448868737e+01
9.440000000000000000e+02	2.501090592127139800e+01
9.450000000000000000e+02	2.493602076119260857e+01
9.460000000000000000e+02	2.486136224997862243e+01
9.470000000000000000e+02	2.478693120245076287e+01
9.480000000000000000e+02	2.471272842258757407e+01
9.490000000000000000e+02	2.463875470358689057e+01
9.500000000000000000e+02	2.456501082792764379e+01
9.510000000000000000e+02	2.449149756743085149e+01
9.520000000000000000e+02	2.441821568332058945e+01
9.530000000000000000e+02	2.434516592628408915e+01
9.540000000000000000e+02	2.427234903653192788e+01
9.550000000000000000e+02	2.419976574385747625e+01
9.560000000000000000e+02	2.412741676769618593e+01
9.570000000000000000e+02	2.405530281718403529e+01
9.580000000000000000e+02	2.398342459121607817e+01
9.590000000000000000e+02	2.391178277850437439e+01
9.600000000000000000e+02	2.384037805763547624e+01
9.610000000000000000e+02	2.376921109712758096e+01
9.620000000000000000e+02	2.369828255548735996e+01
9.630000000000000000e+02	2.362759308126620894e+01
9.640000000000000000e+02	2.355714331311635590e+01
9.650000000000000000e+02	2.348693387984644687e+01
9.660000000000000000e+02	2.341696540047673381e+01
9.670000000000000000e+02	2.334723848429391779e+01
9.680000000000000000e+02	2.327775373090562994e+01
9.690000000000000000e+02	2.320851173029462444e+01
9.700000000000000000e+02	2.313951306287240683e+01
9.710000000000000000e+02	2.307075829953262769e+01
9.720000000000000000e+02	2.300224800170413175e+01
9.730000000000000000e+02	2.293398272140345995e+01
9.740000000000000000e+02	2.286596300128739045e+01
9.750000000000000000e+02	2.279818937470459161e+01
9.760000000000000000e+02	2.273066236574736720e+01
9.770000000000000000e+02	2.266338248930269827e+01
9.780000000000000000e+02	2.259635025110336315e+01
9.790000000000000000e+02	2.252956614777821898e+01
9.800000000000000000e+02	2.246303066690253303e+01
9.810000000000000000e+02	2.239674428704774556e+01
9.820000000000000000e+02	2.233070747783084897e+01
9.830000000000000000e+02	2.226492069996389489e+01
9.840000000000000000e+02	2.219938440530235368e+01
9.850000000000000000e+02	2.213409903689397140e+01
9.860000000000000000e+02	2.206906502902675271e+01
9.870000000000000000e+02	2.200428280727675912e+01
9.880000000000000000e+02	2.193975278855572952e+01
9.890000000000000000e+02	2.187547538115821766e+01
9.900000000000000000e+02	2.181145098480837419e+01
9.910000000000000000e+02	2.174767999070654412e+01
9.920000000000000000e+02	2.168416278157558708e+01
9.930000000000000000e+02	2.162089973170659363e+01
9.940000000000000000e+02	2.155789120700465844e+01
9.950000000000000000e+02	2.149513756503406370e+01
9.960000000000000000e+02	2.143263915506330619e+01
9.970000000000000000e+02	2.137039631810978690e+01
9.980000000000000000e+02	2.130840938698424480e+01
9.990000000000000000e+02	2.124667868633461509e+01
1.000000000000000000e+03	2.118520453269022497e+01
