5.5	2.72791
5.500500250125063	2.7172567860690893
5.501000500250125	2.7066035721381785
5.501500750375188	2.6959503582072673
5.50200100050025	2.6852971442763565
5.502501250625313	2.6746439303454457
5.503001500750375	2.6639907164145535
5.503501750875437	2.6533375024836428
5.5040020010005	2.642684288552732
5.504502251125563	2.632031074621821
5.505002501250625	2.62137786069091
5.505502751375688	2.610724646759999
5.50600300150075	2.6000714328290884
5.506503251625813	2.589418218898177
5.507003501750876	2.5787650049672663
5.507503751875938	2.5681117910363556
5.508004002001001	2.5574585771054448
5.508504252126063	2.546805363174534
5.509004502251125	2.536152149243642
5.509504752376188	2.525498935312731
5.51000500250125	2.51484572138182
5.510505252626313	2.504192507450909
5.511005502751376	2.4935392935199983
5.511505752876438	2.4866573364384905
5.512006003001501	2.4889477552965684
5.512506253126563	2.4912381741546463
5.513006503251626	2.4935285930127242
5.513506753376689	2.4958190118708026
5.514007003501751	2.4981094307288805
5.514507253626814	2.5003998495869584
5.5150075037518755	2.5026902684450323
5.515507753876938	2.5049806873031106
5.516008004002001	2.5072711061611885
5.516508254127063	2.5095615250192664
5.517008504252126	2.511851943877345
5.517508754377189	2.5141423627354227
5.518009004502251	2.5164327815935006
5.518509254627314	2.518723200451579
5.519009504752376	2.521013619309657
5.519509754877439	2.5233040381677347
5.520010005002502	2.5255944570258126
5.520510255127564	2.527884875883891
5.521010505252626	2.530175294741965
5.5215107553776885	2.532465713600043
5.522011005502751	2.5347561324581207
5.522511255627814	2.537046551316199
5.523011505752876	2.539336970174277
5.523511755877939	2.541627389032355
5.524012006003002	2.543917807890433
5.524512256128064	2.546208226748511
5.525012506253127	2.548498645606589
5.525512756378189	2.5507890644646674
5.526013006503252	2.5530794833227453
5.526513256628314	2.555369902180819
5.527013506753376	2.557660321038897
5.527513756878439	2.5599507398969754
5.5280140070035015	2.5622411587550533
5.528514257128564	2.564531577613131
5.529014507253627	2.566821996471209
5.529514757378689	2.5691124153292875
5.530015007503752	2.5714028341873654
5.530515257628815	2.5736932530454433
5.531015507753877	2.5759836719035216
5.53151575787894	2.5782740907615995
5.532016008004002	2.5805645096196774
5.532516258129064	2.5828549284777513
5.533016508254127	2.5851453473358297
5.533516758379189	2.5874357661939076
5.534017008504252	2.5897261850519855
5.5345172586293145	2.592016603910064
5.535017508754377	2.5943070227681417
5.53551775887944	2.5965974416262196
5.536018009004502	2.5988878604842975
5.536518259129565	2.601178279342376
5.537018509254628	2.603468698200454
5.53751875937969	2.6057591170585317
5.538019009504753	2.60804953591661
5.5385192596298145	2.610339954774684
5.539019509754877	2.612630373632762
5.53951975987994	2.6149207924908398
5.540020010005002	2.617211211348918
5.540520260130065	2.619501630206996
5.5410205102551275	2.621792049065074
5.54152076038019	2.6240824679231523
5.542021010505253	2.62637288678123
5.542521260630315	2.628663305639308
5.543021510755378	2.630953724497386
5.543521760880441	2.6332441433554643
5.544022011005503	2.635534562213542
5.544522261130565	2.637824981071616
5.5450225112556275	2.640115399929694
5.54552276138069	2.6424058187877724
5.546023011505753	2.6446962376458503
5.546523261630815	2.646986656503928
5.547023511755878	2.6494419585285613
5.5475237618809405	2.652307123505416
5.548024012006003	2.6551722884822713
5.548524262131066	2.6580374534591265
5.549024512256128	2.660902618435981
5.549524762381191	2.6637677834128364
5.550025012506253	2.6666329483896862
5.550525262631315	2.6694981133665414
5.551025512756378	2.672363278343396
5.5515257628814405	2.6752284433202513
5.552026013006503	2.6780936082971065
5.552526263131566	2.6809587732739613
5.553026513256628	2.6838239382508164
5.553526763381691	2.686689103227671
5.5540270135067535	2.6895542682045264
5.554527263631816	2.6924194331813815
5.555027513756879	2.6952845981582363
5.555527763881941	2.6981497631350915
5.556028014007003	2.7010149281119413
5.556528264132066	2.7038800930887965
5.557028514257128	2.7067452580656512
5.557528764382191	2.7096104230425064
5.5580290145072535	2.712475588019361
5.558529264632316	2.7153407529962164
5.559029514757379	2.7182059179730715
5.559529764882441	2.7210710829499263
5.560030015007504	2.7239362479267815
5.5605302651325665	2.726801412903636
5.561030515257629	2.7296665778804914
5.561530765382692	2.7325317428573466
5.5620310155077535	2.7353969078341964
5.562531265632816	2.738262072811051
5.563031515757879	2.7411272377879063
5.563531765882941	2.7439924027647615
5.564032016008004	2.7468575677416163
5.5645322661330665	2.7497227327184715
5.565032516258129	2.7525878976953266
5.565532766383192	2.7554530626721814
5.566033016508254	2.7583182276490366
5.566533266633317	2.7611833926258913
5.5670335167583795	2.7640485576027465
5.567533766883442	2.7669137225796017
5.568034017008504	2.7697788875564515
5.5685342671335665	2.7726440525333063
5.569034517258629	2.7755092175101614
5.569534767383692	2.7783743824870166
5.570035017508754	2.7812395474638714
5.570535267633817	2.7841047124407265
5.5710355177588795	2.7869698774175813
5.571535767883942	2.7898350423944365
5.572036018009005	2.7927002073712917
5.572536268134067	2.7955653723481464
5.57303651825913	2.7984305373250016
5.5735367683841925	2.8012957023018563
5.574037018509254	2.8041608672787066
5.574537268634317	2.8070260322555614
5.5750375187593795	2.8098911972324165
5.575537768884442	2.812685330314146
5.576038019009505	2.8154126442291987
5.576538269134567	2.8181399581442514
5.57703851925963	2.820867272059304
5.5775387693846925	2.823594585974357
5.578039019509755	2.8263218998894097
5.578539269634818	2.8290492138044625
5.57903951975988	2.8317765277195153
5.579539769884942	2.8345038416345636
5.580040020010005	2.8372311555496164
5.580540270135067	2.839958469464669
5.58104052026013	2.842685783379722
5.5815407703851925	2.8454130972947747
5.582041020510255	2.8481404112098274
5.582541270635318	2.85086772512488
5.58304152076038	2.853595039039933
5.583541770885443	2.8563223529549857
5.5840420210105055	2.8590496668700385
5.584542271135568	2.8617769807850912
5.585042521260631	2.864504294700144
5.585542771385692	2.867231608615192
5.586043021510755	2.8699589225302446
5.586543271635818	2.8726862364452974
5.58704352176088	2.87541355036035
5.587543771885943	2.878140864275403
5.5880440220110055	2.8808681781904557
5.588544272136068	2.8835954921055085
5.589044522261131	2.8863228060205612
5.589544772386193	2.889050119935614
5.590045022511256	2.8917774338506668
5.5905452726363185	2.8945047477657195
5.591045522761381	2.8972320616807723
5.591545772886443	2.89995937559582
5.592046023011505	2.902686689510873
5.592546273136568	2.9054140034259257
5.593046523261631	2.9081413173409785
5.593546773386693	2.9108686312560312
5.594047023511756	2.913595945171084
5.5945472736368185	2.9163232590861368
5.595047523761881	2.9190505730011895
5.595547773886944	2.9217778869162423
5.596048024012006	2.924505200831295
5.596548274137069	2.927232514746348
5.5970485242621315	2.9284585974193114
5.597548774387193	2.929548067541513
5.598049024512256	2.930637537663716
5.598549274637318	2.93172700778592
5.599049524762381	2.932816477908123
5.599549774887444	2.933905948030327
5.600050025012506	2.93499541815253
5.600550275137569	2.9360848882747335
5.6010505252626315	2.937174358396937
5.601550775387694	2.9382638285191405
5.602051025512757	2.939353298641344
5.602551275637819	2.9404427687635475
5.603051525762881	2.941532238885749
5.603551775887944	2.9426217090079523
5.604052026013006	2.943711179130156
5.604552276138069	2.9448006492523593
5.605052526263131	2.945890119374563
5.605552776388194	2.9469795894967663
5.606053026513257	2.9480690596189696
5.606553276638319	2.9491585297411733
5.607053526763382	2.9502479998633766
5.6075537768884445	2.9513374699855803
5.608054027013507	2.9524269401077836
5.60855427713857	2.9535164102299873
5.609054527263631	2.954605880352189
5.609554777388694	2.955695350474392
5.610055027513757	2.9567848205965954
5.610555277638819	2.957874290718799
5.611055527763882	2.9589637608410024
5.611555777888944	2.960053230963206
5.612056028014007	2.9611427010854094
5.61255627813907	2.9622321712076127
5.613056528264132	2.9633216413298165
5.613556778389195	2.9644111114520197
5.6140570285142575	2.9655005815742235
5.61455727863932	2.9665900516964268
5.615057528764382	2.9676795218186283
5.615557778889444	2.9687689919408315
5.616058029014507	2.9698584620630353
5.61655827913957	2.9709479321852386
5.617058529264632	2.9720374023074423
5.617558779389695	2.9731268724296456
5.618059029514757	2.9732183764233384
5.61855927963982	2.9711686010956884
5.619059529764883	2.9691188257680383
5.619559779889945	2.9670690504403883
5.620060030015008	2.965019275112738
5.6205602801400705	2.962969499785088
5.621060530265132	2.9609197244574417
5.621560780390195	2.9588699491297916
5.622061030515257	2.9568201738021416
5.62256128064032	2.9547703984744915
5.623061530765383	2.9527206231468415
5.623561780890445	2.9506708478191914
5.624062031015508	2.9486210724915414
5.62456228114057	2.9465712971638913
5.625062531265633	2.9445215218362413
5.625562781390696	2.9424717465085912
5.626063031515758	2.940421971180941
5.62656328164082	2.9383721958532947
5.627063531765883	2.9363224205256446
5.627563781890945	2.9342726451979946
5.628064032016008	2.9322228698703445
5.62856428214107	2.9301730945426945
5.629064532266133	2.9281233192150444
5.629564782391196	2.9260735438873944
5.630065032516258	2.9240237685597443
5.630565282641321	2.9219739932320943
5.631065532766383	2.9199242179044442
5.631565782891446	2.917874442576794
5.632066033016509	2.915824667249144
5.63256628314157	2.913774891921498
5.633066533266633	2.911725116593848
5.633566783391696	2.909675341266198
5.634067033516758	2.907625565938548
5.634567283641821	2.905575790610898
5.635067533766883	2.903526015283248
5.635567783891946	2.901476239955598
5.636068034017009	2.8994264646279477
5.636568284142071	2.8973766893002977
5.637068534267134	2.8953269139726476
5.637568784392196	2.8932771386449976
5.638069034517259	2.8912273633173475
5.638569284642321	2.889177587989701
5.639069534767383	2.887127812662051
5.639569784892446	2.885078037334401
5.640070035017509	2.883028262006751
5.640570285142571	2.880978486679101
5.641070535267634	2.878928711351451
5.641570785392696	2.8768789360238007
5.642071035517759	2.8748291606961507
5.642571285642822	2.8727793853685006
5.643071535767884	2.8707296100408506
5.643571785892947	2.8686798347132005
5.644072036018009	2.8666300593855505
5.644572286143071	2.864580284057904
5.645072536268134	2.862530508730254
5.645572786393196	2.860480733402604
5.646073036518259	2.858430958074954
5.646573286643322	2.8557340509855855
5.647073536768384	2.8524547117854686
5.647573786893447	2.8491753725853517
5.648074037018509	2.8458960333852343
5.648574287143572	2.8426166941851174
5.649074537268635	2.8393373549850005
5.649574787393697	2.8360580157848836
5.650075037518759	2.8327786765847724
5.6505752876438216	2.8294993373846555
5.651075537768884	2.8262199981845386
5.651575787893947	2.8229406589844217
5.652076038019009	2.819661319784305
5.652576288144072	2.8163819805841874
5.653076538269135	2.8131026413840705
5.653576788394197	2.8098233021839536
5.65407703851926	2.8065439629838367
5.654577288644322	2.8032646237837198
5.655077538769385	2.799985284583603
5.655577788894448	2.796705945383486
5.656078039019509	2.793426606183375
5.656578289144572	2.790147266983258
5.6570785392696346	2.786867927783141
5.657578789394697	2.7835885885830236
5.65807903951976	2.7803092493829067
5.658579289644822	2.7770299101827898
5.659079539769885	2.773750570982673
5.659579789894948	2.770471231782556
5.66008004002001	2.767191892582439
5.660580290145073	2.763912553382322
5.661080540270135	2.760633214182205
5.661580790395198	2.757353874982088
5.66208104052026	2.7540745357819767
5.662581290645322	2.75079519658186
5.663081540770385	2.747515857381743
5.6635817908954476	2.744236518181626
5.66408204102051	2.740957178981509
5.664582291145573	2.737677839781392
5.665082541270635	2.734398500581275
5.665582791395698	2.7311191613811583
5.666083041520761	2.727839822181041
5.666583291645823	2.724560482980924
5.667083541770886	2.721281143780807
5.667583791895948	2.71800180458069
5.66808404202101	2.7162761029318325
5.668584292146073	2.7146362963994317
5.669084542271135	2.712996489867031
5.669584792396198	2.71135668333463
5.6700850425212606	2.7097168768022293
5.670585292646323	2.7080770702698285
5.671085542771386	2.7064372637374277
5.671585792896448	2.704797457205027
5.672086043021511	2.703157650672626
5.672586293146574	2.701517844140225
5.673086543271636	2.6998780376078244
5.673586793396698	2.6982382310754263
5.6740870435217605	2.6965984245430255
5.674587293646823	2.6949586180106246
5.675087543771886	2.693318811478224
5.675587793896948	2.691679004945823
5.676088044022011	2.690039198413422
5.6765882941470736	2.6883993918810214
5.677088544272136	2.6867595853486206
5.677588794397199	2.6851197788162198
5.678089044522261	2.683479972283819
5.678589294647324	2.681840165751418
5.679089544772387	2.6802003592190173
5.679589794897448	2.6785605526866196
5.680090045022511	2.6769207461542184
5.6805902951475735	2.6752809396218176
5.681090545272636	2.6736411330894168
5.681590795397699	2.672001326557016
5.682091045522761	2.67154444879643
5.682591295647824	2.6720878927380163
5.6830915457728866	2.6726313366796024
5.683591795897949	2.6731747806211885
5.684092046023012	2.6737182245627746
5.684592296148074	2.6742616685043603
5.685092546273137	2.6748051124459464
5.685592796398199	2.6753485563875317
5.686093046523261	2.675892000329118
5.686593296648324	2.676435444270704
5.6870935467733865	2.67697888821229
5.687593796898449	2.677522332153876
5.688094047023512	2.6780657760954623
5.688594297148574	2.6786092200370484
5.689094547273637	2.6791526639786345
5.6895947973986996	2.67969610792022
5.690095047523762	2.6802395518618063
5.690595297648825	2.6807829958033924
5.691095547773887	2.6813264397449785
5.691595797898949	2.6818698836865638
5.692096048024012	2.68241332762815
5.692596298149074	2.682956771569736
5.693096548274137	2.683500215511322
5.6935967983991995	2.6840436594529082
5.694097048524262	2.684587103394494
5.694597298649325	2.68513054733608
5.695097548774387	2.685673991277666
5.69559779889945	2.6862174352192523
5.6960980490245126	2.6867608791608384
5.696598299149575	2.6873043231024245
5.697098549274637	2.6878477670440097
5.6975987993996995	2.688391210985596
5.698099049524762	2.688934654927182
5.698599299649825	2.689478098868768
5.699099549774887	2.6900215428103538
5.69959979989995	2.69056498675194
5.7001000500250125	2.691108430693526
5.700600300150075	2.691651874635112
5.701100550275138	2.6921953185766982
5.7016008004002	2.6927387625182844
5.702101050525263	2.6932822064598705
5.7026013006503256	2.6938256504014566
5.703101550775387	2.694369094343042
5.70360180090045	2.6971022230446198
5.7041020510255125	2.699967388021475
5.704602301150575	2.70283255299833
5.705102551275638	2.705697717975185
5.7056028014007	2.70856288295204
5.706103051525763	2.711428047928895
5.7066033016508255	2.71429321290575
5.707103551775888	2.717158377882605
5.707603801900951	2.72002354285946
5.708104052026013	2.722888707836315
5.708604302151076	2.7257538728131703
5.709104552276138	2.72861903779002
5.7096048024012	2.731484202766875
5.710105052526263	2.73434936774373
5.7106053026513255	2.7372145327205852
5.711105552776388	2.74007969769744
5.711605802901451	2.742944862674295
5.712106053026513	2.74581002765115
5.712606303151576	2.748675192628005
5.7131065532766385	2.7515403576048603
5.713606803401701	2.754405522581715
5.714107053526764	2.75727068755857
5.714607303651826	2.7601358525354254
5.715107553776888	2.7630010175122752
5.715607803901951	2.76586618248913
5.716108054027013	2.768731347465985
5.716608304152076	2.7715965124428403
5.7171085542771385	2.774461677419695
5.717608804402201	2.7773268423965503
5.718109054527264	2.7801920073734054
5.718609304652326	2.78305717235026
5.719109554777389	2.7859223373271154
5.7196098049024515	2.78878750230397
5.720110055027514	2.7916526672808253
5.720610305152576	2.794517832257675
5.7211105552776385	2.7973829972345303
5.721610805402701	2.8002481622113855
5.722111055527764	2.8031133271882402
5.722611305652826	2.8059784921650954
5.723111555777889	2.80884365714195
5.7236118059029515	2.8117088221188054
5.724112056028014	2.8145739870956605
5.724612306153077	2.8174391520725153
5.725112556278139	2.8203043170493705
5.725612806403202	2.8231694820262256
5.7261130565282645	2.8260346470030804
5.726613306653326	2.8288998119799302
5.727113556778389	2.8317649769567854
5.7276138069034515	2.8346301419336406
5.728114057028514	2.8374953069104953
5.728614307153577	2.8403604718873505
5.729114557278639	2.8432256368642053
5.729614807403702	2.8460908018410604
5.7301150575287645	2.8489559668179156
5.730615307653827	2.8518211317947704
5.73111555777889	2.8546862967716256
5.731615807903952	2.857434196551585
5.732116058029015	2.859615719035023
5.732616308154077	2.8617972415184574
5.733116558279139	2.8639787640018954
5.733616808404202	2.866160286485334
5.7341170585292645	2.868341808968772
5.734617308654327	2.87052333145221
5.73511755877939	2.8727048539356486
5.735617808904452	2.8748863764190866
5.736118059029515	2.8770678989025247
5.7366183091545775	2.879249421385963
5.73711855927964	2.8814309438694012
5.737618809404703	2.8836124663528397
5.738119059529765	2.885793988836278
5.738619309654827	2.8879755113197123
5.73911955977989	2.8901570338031504
5.739619809904952	2.8923385562865884
5.740120060030015	2.894520078770027
5.7406203101550775	2.896701601253465
5.74112056028014	2.898883123736903
5.741620810405203	2.9010646462203415
5.742121060530265	2.9032461687037796
5.742621310655328	2.905427691187218
5.7431215607803905	2.907609213670656
5.743621810905453	2.9097907361540942
5.744122061030515	2.9119722586375287
5.744622311155577	2.914153781120967
5.74512256128064	2.9163353036044053
5.745622811405703	2.9185168260878434
5.746123061530765	2.920698348571282
5.746623311655828	2.92287987105472
5.7471235617808905	2.925061393538158
5.747623811905953	2.9272429160215965
5.748124062031016	2.9294244385050345
5.748624312156078	2.931605960988473
5.749124562281141	2.933787483471911
5.7496248124062035	2.935969005955349
5.750125062531265	2.9381505284387837
5.750625312656328	2.9403320509222217
5.75112556278139	2.94251357340566
5.751625812906453	2.9446950958890983
5.752126063031516	2.9468766183725363
5.752626313156578	2.949058140855975
5.753126563281641	2.9490502564306653
5.7536268134067035	2.947409757217386
5.754127063531766	2.9457692580041073
5.754627313656829	2.944128758790828
5.755127563781891	2.942488259577549
5.755627813906953	2.9408477603642726
5.756128064032016	2.939207261150994
5.756628314157078	2.9375667619377146
5.757128564282141	2.9359262627244354
5.757628814407203	2.9342857635111566
5.758129064532266	2.9326452642978773
5.758629314657329	2.9310047650845985
5.759129564782391	2.9293642658713193
5.759629814907454	2.92772376665804
5.7601300650325165	2.926083267444761
5.760630315157579	2.924442768231482
5.761130565282642	2.922802269018203
5.761630815407704	2.921161769804924
5.762131065532766	2.919521270591648
5.762631315657829	2.9178807713783685
5.763131565782891	2.9162402721650897
5.763631815907954	2.9145997729518105
5.764132066033016	2.9129592737385313
5.764632316158079	2.9113187745252525
5.765132566283142	2.909678275311973
5.765632816408204	2.9080377760986944
5.766133066533267	2.906397276885415
5.7666333166583295	2.904756777672136
5.767133566783392	2.903116278458857
5.767633816908454	2.901475779245581
5.768134067033516	2.8998352800323017
5.768634317158579	2.8981947808190225
5.769134567283642	2.8965542816057437
5.769634817408704	2.8949137823924644
5.770135067533767	2.8932732831791856
5.770635317658829	2.8916327839659064
5.771135567783892	2.889992284752627
5.771635817908955	2.8883517855393483
5.772136068034017	2.886711286326069
5.77263631815908	2.88507078711279
5.7731365682841425	2.883430287899511
5.773636818409204	2.881789788686235
5.774137068534267	2.8801492894729557
5.774637318659329	2.878508790259677
5.775137568784392	2.8768682910463976
5.775637818909455	2.8752277918331184
5.776138069034517	2.8735872926198396
5.77663831915958	2.8719467934065603
5.777138569284642	2.8703062941932815
5.777638819409705	2.8686657949800023
5.778139069534768	2.867025295766723
5.77863931965983	2.8653847965534442
5.779139569784892	2.863744297340168
5.779639819909955	2.862103798126889
5.780140070035017	2.8604632989136096
5.78064032016008	2.858822799700331
5.781140570285142	2.8571823004870516
5.781640820410205	2.8555418012737728
5.782141070535268	2.8539013020604935
5.78264132066033	2.8522608028472143
5.783141570785393	2.8506203036339355
5.783641820910455	2.8489798044206562
5.784142071035518	2.847339305207377
5.784642321160581	2.845698805994098
5.785142571285643	2.844058306780819
5.785642821410705	2.842417807567543
5.786143071535768	2.840777308354264
5.78664332166083	2.8391368091409848
5.787143571785893	2.8374963099277055
5.787643821910955	2.8358558107144267
5.788144072036018	2.8342153115011475
5.788644322161081	2.8323340146859786
5.789144572286143	2.8302842393583285
5.789644822411206	2.8282344640306785
5.790145072536268	2.8261846887030284
5.790645322661331	2.8241349133753784
5.791145572786393	2.822085138047732
5.791645822911455	2.820035362720082
5.792146073036518	2.8179855873924318
5.792646323161581	2.8159358120647817
5.793146573286643	2.8138860367371317
5.793646823411706	2.8118362614094816
5.794147073536768	2.8097864860818316
5.794647323661831	2.8077367107541815
5.795147573786894	2.8056869354265315
5.795647823911956	2.8036371600988814
5.796148074037019	2.8015873847712314
5.796648324162081	2.7995376094435813
5.797148574287143	2.797487834115935
5.797648824412206	2.7954380587882848
5.798149074537268	2.7933882834606347
5.798649324662331	2.7913385081329847
5.799149574787394	2.7892887328053346
5.799649824912456	2.7872389574776846
5.800150075037519	2.7851891821500345
5.800650325162581	2.7831394068223845
5.801150575287644	2.7810896314947344
5.801650825412707	2.7790398561670844
5.802151075537769	2.7769900808394343
5.802651325662831	2.774940305511788
5.8031515757878935	2.772890530184138
5.803651825912956	2.7708407548564877
5.804152076038019	2.7687909795288377
5.804652326163081	2.7667412042011876
5.805152576288144	2.7646914288735376
5.805652826413207	2.7626416535458875
5.806153076538269	2.7605918782182375
5.806653326663332	2.7585421028905874
5.807153576788394	2.7564923275629374
5.807653826913457	2.7544425522352873
5.80815407703852	2.7523927769076373
5.808654327163582	2.7503430015799872
5.809154577288644	2.7482932262523407
5.8096548274137065	2.7462434509246907
5.810155077538769	2.7441936755970406
5.810655327663832	2.7421439002693906
5.811155577788894	2.7400941249417405
5.811655827913957	2.7380443496140905
5.81215607803902	2.7359945742864404
5.812656328164082	2.7339447989587904
5.813156578289145	2.7318950236311403
5.813656828414207	2.7298452483034903
5.81415707853927	2.7277954729758402
5.814657328664332	2.7257456976481937
5.815157578789394	2.7236959223205437
5.815657828914457	2.7216461469928936
5.8161580790395195	2.7195963716652436
5.816658329164582	2.7175465963375935
5.817158579289645	2.7177082268073955
5.817658829414707	2.71843394949352
5.81815907953977	2.719159672179644
5.818659329664833	2.719885394865768
5.819159579789895	2.720611117551892
5.819659829914958	2.7213368402380165
5.82016008004002	2.7220625629241404
5.820660330165082	2.7227882856102634
5.821160580290145	2.7235140082963873
5.821660830415207	2.7242397309825117
5.82216108054027	2.7249654536686356
5.8226613306653325	2.72569117635476
5.823161580790395	2.726416899040884
5.823661830915458	2.7271426217270083
5.82416208104052	2.7278683444131326
5.824662331165583	2.7285940670992566
5.825162581290646	2.729319789785381
5.825662831415708	2.730045512471505
5.82616308154077	2.730771235157628
5.8266633316658325	2.731496957843752
5.827163581790895	2.732222680529876
5.827663831915958	2.732948403216
5.82816408204102	2.7336741259021244
5.828664332166083	2.7343998485882484
5.8291645822911455	2.7351255712743727
5.829664832416208	2.7358512939604966
5.830165082541271	2.736577016646621
5.830665332666333	2.737302739332745
5.831165582791396	2.7380284620188693
5.831665832916459	2.7387541847049937
5.832166083041521	2.7394799073911176
5.832666333166583	2.7402056300772406
5.8331665832916455	2.7409313527633645
5.833666833416708	2.741657075449489
5.834167083541771	2.742382798135613
5.834667333666833	2.743108520821737
5.835167583791896	2.743834243507861
5.8356678339169585	2.7445599661939855
5.836168084042021	2.7452856888801094
5.836668334167084	2.7460114115662337
5.837168584292146	2.7467371342523577
5.837668834417209	2.747462856938482
5.838169084542271	2.748188579624605
5.838669334667333	2.748914302310729
5.839169584792396	2.7496400249968533
5.8396698349174585	2.7503657476829773
5.840170085042521	2.7510914703691016
5.840670335167584	2.7518171930552255
5.841170585292646	2.75254291574135
5.841670835417709	2.753268638427474
5.8421710855427715	2.753994361113598
5.842671335667834	2.754720083799722
5.843171585792897	2.7554458064858465
5.843671835917959	2.7561715291719704
5.844172086043021	2.7568972518580934
5.844672336168084	2.7576229745442173
5.845172586293146	2.7583486972303417
5.845672836418209	2.759074419916466
5.8461730865432715	2.75980014260259
5.846673336668334	2.7605258652887144
5.847173586793397	2.7612515879748383
5.847673836918459	2.7619773106609626
5.848174087043522	2.7627030333470866
5.8486743371685845	2.763428756033211
5.849174587293647	2.764154478719335
5.849674837418709	2.764880201405458
5.8501750875437715	2.765605924091582
5.850675337668834	2.766331646777706
5.851175587793897	2.76705736946383
5.851675837918959	2.7677830921499544
5.852176088044022	2.7685088148360784
5.8526763381690845	2.7692345375222027
5.853176588294147	2.769960260208327
5.85367683841921	2.770685982894451
5.854177088544272	2.7714117055805754
5.854677338669335	2.7721374282666993
5.8551775887943975	2.7728631509528237
5.85567783891946	2.7735888736389476
5.856178089044522	2.7743145963250706
5.8566783391695845	2.7750403190111945
5.857178589294647	2.775766041697319
5.85767883941971	2.776491764383443
5.858179089544772	2.777217487069567
5.858679339669835	2.777943209755691
5.8591795897948975	2.7786689324418155
5.85967983991996	2.7793946551279394
5.860180090045023	2.7801203778140637
5.860680340170085	2.780846100500188
5.861180590295148	2.781571823186312
5.86168084042021	2.782297545872435
5.862181090545272	2.783023268558559
5.862681340670335	2.7837489912446833
5.8631815907953975	2.7844747139308073
5.86368184092046	2.7852004366169316
5.864182091045523	2.7859261593030555
5.864682341170585	2.78665188198918
5.865182591295648	2.787377604675304
5.8656828414207105	2.788103327361428
5.866183091545773	2.788829050047552
5.866683341670836	2.7895547727336765
5.867183591795898	2.7902804954198004
5.86768384192096	2.7910062181059234
5.868184092046023	2.791731940792048
5.868684342171085	2.7924576634781717
5.869184592296148	2.793183386164296
5.8696848424212105	2.79390910885042
5.870185092546273	2.7946348315365444
5.870685342671336	2.7953605542226683
5.871185592796398	2.7960862769087926
5.871685842921461	2.7968119995949166
5.8721860930465235	2.797537722281041
5.872686343171586	2.798263444967165
5.873186593296648	2.798989167653288
5.87368684342171	2.799714890339412
5.874187093546773	2.800440613025536
5.874687343671836	2.8011663357116605
5.875187593796898	2.8018920583977844
5.875687843921961	2.802617781083909
5.8761880940470235	2.8033435037700327
5.876688344172086	2.804069226456157
5.877188594297149	2.804794949142281
5.877688844422211	2.8055206718284054
5.878189094547274	2.8062463945145293
5.8786893446723365	2.8069721172006536
5.879189594797399	2.8076978398867776
5.879689844922461	2.8084235625729006
5.880190095047523	2.8091492852590245
5.880690345172586	2.8098328508410786
5.881190595297649	2.8085200288429206
5.881690845422711	2.807207206844763
5.882191095547774	2.805894384846605
5.8826913456728365	2.804581562848447
5.883191595797899	2.8032687408502897
5.883691845922962	2.8019559188521317
5.884192096048024	2.8006430968539737
5.884692346173087	2.799330274855816
5.885192596298149	2.7980174528576605
5.885692846423211	2.796704630859503
5.886193096548274	2.795391808861345
5.886693346673336	2.794078986863187
5.887193596798399	2.7927661648650295
5.887693846923462	2.7914533428668715
5.888194097048524	2.7901405208687136
5.888694347173587	2.788827698870556
5.8891945972986495	2.787514876872398
5.889694847423712	2.78620205487424
5.890195097548775	2.7848892328760826
5.890695347673837	2.7835764108779246
5.891195597798899	2.7822635888797693
5.891695847923962	2.7809507668816114
5.892196098049024	2.7796379448834534
5.892696348174087	2.778325122885296
5.893196598299149	2.777012300887138
5.893696848424212	2.7756994788889804
5.894197098549275	2.7743866568908224
5.894697348674337	2.7730738348926645
5.8951975987994	2.771761012894507
5.8956978489244625	2.770448190896349
5.896198099049525	2.769135368898191
5.896698349174587	2.7678225469000357
5.897198599299649	2.7665097249018777
5.897698849424712	2.76519690290372
5.898199099549775	2.7638840809055623
5.898699349674837	2.7625712589074043
5.8991995997999	2.7612584369092468
5.899699849924962	2.759945614911089
5.900200100050025	2.758632792912931
5.900700350175088	2.7573199709147733
5.90120060030015	2.7560071489166154
5.901700850425213	2.7546943269184574
5.9022011005502755	2.7533815049203
5.902701350675338	2.752068682922142
5.9032016008004	2.7507558609239866
5.903701850925462	2.7494430389258286
5.904202101050525	2.7481302169276707
5.904702351175588	2.746817394929513
5.90520260130065	2.745504572931355
5.905702851425713	2.7441917509331972
5.906203101550775	2.7428789289350397
5.906703351675838	2.7415661069368817
5.907203601800901	2.740253284938724
5.907703851925963	2.7389404629405663
5.908204102051026	2.7376276409424083
5.908704352176088	2.736314818944253
5.90920460230115	2.735001996946095
5.909704852426213	2.7336891749479375
5.910205102551275	2.7323763529497795
5.910705352676338	2.7310635309516216
5.911205602801401	2.729750708953464
5.911705852926463	2.728437886955306
5.912206103051526	2.727125064957148
5.912706353176588	2.7258122429589906
5.913206603301651	2.7244994209608326
5.913706853426714	2.7231865989626747
5.914207103551776	2.721873776964517
5.914707353676838	2.7205609549663614
5.915207603801901	2.719248132968204
5.915707853926963	2.717935310970046
5.916208104052026	2.7165365359853495
5.916708354177088	2.7128486660031914
5.917208604302151	2.7091607960210333
5.917708854427214	2.7054729260388752
5.918209104552276	2.701785056056717
5.918709354677339	2.698097186074559
5.919209604802401	2.694409316092401
5.919709854927464	2.6907214461102424
5.920210105052526	2.687033576128091
5.920710355177588	2.683345706145933
5.921210605302651	2.679657836163775
5.921710855427714	2.6759699661816168
5.922211105552776	2.6722820961994587
5.922711355677839	2.6685942262173006
5.923211605802901	2.6649063562351425
5.923711855927964	2.6612184862529844
5.924212106053027	2.657530616270826
5.924712356178089	2.653842746288668
5.925212606303152	2.6501548763065097
5.925712856428214	2.6464670063243516
5.926213106553277	2.6427791363421935
5.926713356678339	2.639091266360042
5.927213606803401	2.635403396377884
5.927713856928464	2.631715526395726
5.928214107053527	2.628027656413568
5.928714357178589	2.6243397864314093
5.929214607303652	2.620651916449251
5.929714857428714	2.616964046467093
5.930215107553777	2.613276176484935
5.93071535767884	2.609588306502777
5.931215607803902	2.605900436520619
5.931715857928965	2.602212566538461
5.9322161080540265	2.5985246965563094
5.932716358179089	2.5948368265741513
5.933216608304152	2.5911489565919927
5.933716858429214	2.5874610866098346
5.934217108554277	2.5837732166276766
5.93471735867934	2.5800853466455185
5.935217608804402	2.5763974766633604
5.935717858929465	2.5727096066812023
5.936218109054527	2.569021736699044
5.93671835917959	2.565333866716886
5.937218609304653	2.561645996734728
5.937718859429715	2.55795812675257
5.938219109554777	2.554270256770418
5.9387193596798395	2.55058238678826
5.939219609804902	2.546894516806102
5.939719859929965	2.543206646823944
5.940220110055027	2.5395187768417857
5.94072036018009	2.5358309068596276
5.941220610305153	2.5321430368774696
5.941720860430215	2.5284551668953115
5.942221110555278	2.5247672969131534
5.94272136068034	2.521079426930995
5.943221610805403	2.5173915569488368
5.943721860930466	2.5137036869666787
5.944222111055527	2.5100158169845272
5.94472236118059	2.506528307513493
5.9452226113056525	2.5036595728997937
5.945722861430715	2.500790838286094
5.946223111555778	2.4979221036723946
5.94672336168084	2.4950533690586956
5.947223611805903	2.492184634444996
5.947723861930966	2.4893158998312965
5.948224112056028	2.4864471652175975
5.948724362181091	2.483578430603898
5.949224612306153	2.4807096959901984
5.949724862431216	2.477840961376499
5.950225112556278	2.4749722267628047
5.95072536268134	2.4721034921491056
5.951225612806403	2.469234757535406
5.9517258629314655	2.4663660229217066
5.952226113056528	2.463497288308007
5.952726363181591	2.460628553694308
5.953226613306653	2.4577598190806085
5.953726863431716	2.454891084466909
5.954227113556779	2.45202234985321
5.954727363681841	2.4491536152395104
5.955227613806904	2.446284880625811
5.9557278639319655	2.4434161460121167
5.956228114057028	2.440547411398417
5.956728364182091	2.437678676784718
5.957228614307153	2.4348099421710185
5.957728864432216	2.431941207557319
5.9582291145572785	2.4290724729436195
5.958729364682341	2.4262037383299204
5.959229614807404	2.423335003716221
5.959729864932466	2.4204662691025214
5.960230115057529	2.4175975344888223
5.960730365182592	2.414728799875123
5.961230615307654	2.4118600652614233
5.961730865432716	2.408991330647729
5.9622311155577785	2.4061225960340296
5.962731365682841	2.4032538614203305
5.963231615807904	2.400385126806631
5.963731865932966	2.3975163921929314
5.964232116058029	2.394647657579232
5.9647323661830915	2.391778922965533
5.965232616308154	2.3889101883518333
5.965732866433217	2.386041453738134
5.966233116558279	2.3831727191244347
5.966733366683342	2.380303984510735
5.967233616808405	2.3774352498970357
5.967733866933466	2.3745665152833415
5.968234117058529	2.371697780669642
5.9687343671835915	2.368829046055943
5.969234617308654	2.3659603114422434
5.969734867433717	2.363091576828544
5.970235117558779	2.3602228422148444
5.970735367683842	2.3573541076011453
5.9712356178089045	2.3544853729874458
5.971735867933967	2.3516166383737462
5.97223611805903	2.348747903760047
5.972736368184092	2.3458791691463476
5.973236618309155	2.343979148613731
5.973736868434217	2.3432488084749523
5.974237118559279	2.3425184683361717
5.974737368684342	2.341788128197391
5.9752376188094045	2.341057788058611
5.975737868934467	2.3403274479198304
5.97623811905953	2.3395971077810502
5.976738369184592	2.3388667676422696
5.977238619309655	2.3381364275034895
5.9777388694347176	2.337406087364709
5.97823911955978	2.3366757472259287
5.978739369684843	2.335945407087148
5.9792396198099045	2.335215066948369
5.979739869934967	2.3344847268095887
5.98024012006003	2.333754386670808
5.980740370185092	2.333024046532028
5.981240620310155	2.3322937063932474
5.9817408704352175	2.3315633662544673
5.98224112056028	2.3308330261156867
5.982741370685343	2.330102685976906
5.983241620810405	2.329372345838126
5.983741870935468	2.3286420056993453
5.9842421210605306	2.327911665560565
5.984742371185593	2.3271813254217846
5.985242621310656	2.3264509852830044
5.9857428714357175	2.325720645144225
5.98624312156078	2.324990305005445
5.986743371685843	2.3242599648666644
5.987243621810905	2.323529624727884
5.987743871935968	2.3227992845891037
5.9882441220610305	2.322068944450323
5.988744372186093	2.321338604311543
5.989244622311156	2.3206082641727623
5.989744872436218	2.319877924033982
5.990245122561281	2.3191475838952016
5.9907453726863436	2.3184172437564214
5.991245622811405	2.317686903617642
5.991745872936468	2.3169565634788616
5.9922461230615305	2.3162262233400814
5.992746373186593	2.315495883201301
5.993246623311656	2.3147655430625207
5.993746873436718	2.31403520292374
5.994247123561781	2.31330486278496
5.9947473736868435	2.3125745226461794
5.995247623811906	2.3118441825073988
5.995747873936969	2.3111138423686186
5.996248124062031	2.310383502229838
5.996748374187094	2.309653162091058
5.997248624312156	2.3089228219522786
5.997748874437218	2.3081924818134985
5.998249124562281	2.307462141674718
5.9987493746873435	2.3067318015359373
5.999249624812406	2.306001461397157
5.999749874937469	2.3052711212583765
6.000250125062531	2.3045407811195964
6.000750375187594	2.3038104409808158
6.0012506253126565	2.3030801008420356
6.001750875437719	2.302349760703255
6.002251125562782	2.301619420564475
6.0027513756878434	2.3008890804256956
6.003251625812906	2.300158740286915
6.003751875937969	2.299428400148135
6.004252126063031	2.2986980600093543
6.004752376188094	2.297967719870574
6.0052526263131565	2.2972373797317935
6.005752876438219	2.2965070395930134
6.006253126563282	2.295776699454233
6.006753376688344	2.2950463593154526
6.007253626813407	2.294316019176672
6.0077538769384695	2.2935856790378915
6.008254127063532	2.2928553388991113
6.008754377188595	2.2921249987603307
6.0092546273136564	2.291394658621552
6.009754877438719	2.2906643184827713
6.010255127563782	2.289933978343991
6.010755377688844	2.2892036382052106
6.011255627813907	2.28847329806643
6.0117558779389695	2.28774295792765
6.012256128064032	2.287012617788869
6.012756378189095	2.286282277650089
6.013256628314157	2.2855519375113085
6.01375687843922	2.2848215973725283
6.014257128564282	2.284091257233749
6.014757378689344	2.2833609170949685
6.015257628814407	2.2826305769561883
6.0157578789394694	2.2819002368174077
6.016258129064532	2.2811698966786276
6.016758379189595	2.280439556539847
6.017258629314657	2.279709216401067
6.01775887943972	2.2789788762622862
6.0182591295647825	2.278248536123506
6.018759379689845	2.2775181959847255
6.019259629814908	2.276787855845945
6.01975987993997	2.2760575157071647
6.020260130065033	2.275327175568384
6.020760380190095	2.2745968354296053
6.021260630315157	2.2738664952908247
6.02176088044022	2.2731361551520446
6.0222611305652824	2.272405815013264
6.022761380690345	2.271675474874484
6.023261630815408	2.2709451347357033
6.02376188094047	2.2702147945969227
6.024262131065533	2.2694844544581425
6.0247623811905955	2.268754114319362
6.025262631315658	2.2680237741805818
6.025762881440721	2.267293434041801
6.026263131565782	2.2665630939030224
6.026763381690845	2.2658327537642418
6.027263631815908	2.265102413625461
6.02776388194097	2.264372073486681
6.028264132066033	2.2636417333479004
6.0287643821910955	2.2629113932091203
6.029264632316158	2.2621810530703397
6.029764882441221	2.2614507129315595
6.030265132566283	2.260720372792779
6.030765382691346	2.259990032653999
6.0312656328164085	2.259259692515218
6.031765882941471	2.2585293523764376
6.032266133066534	2.2577990122376574
6.032766383191595	2.257068672098878
6.033266633316658	2.256338331960098
6.033766883441721	2.2556079918213174
6.034267133566783	2.2548776516825373
6.034767383691846	2.2541473115437567
6.0352676338169085	2.253416971404976
6.035767883941971	2.252686631266196
6.036268134067034	2.2519562911274154
6.036768384192096	2.251225950988635
6.037268634317159	2.2520971165122696
6.037768884442221	2.2537326128150874
6.038269134567283	2.2553681091179083
6.038769384692346	2.257003605420729
6.039269634817408	2.2586391017235496
6.039769884942471	2.2602745980263705
6.040270135067534	2.2619100943291914
6.040770385192596	2.2635455906320123
6.041270635317659	2.265181086934833
6.0417708854427215	2.2668165832376537
6.042271135567784	2.2684520795404746
6.042771385692847	2.2700875758432955
6.043271635817909	2.2717230721461164
6.043771885942972	2.2733585684489372
6.044272136068034	2.274994064751755
6.044772386193096	2.276629561054576
6.045272636318159	2.278265057357397
6.045772886443221	2.2799005536602177
6.046273136568284	2.281536049963038
6.046773386693347	2.283171546265859
6.047273636818409	2.28480704256868
6.047773886943472	2.286442538871501
6.0482741370685345	2.2880780351743217
6.048774387193597	2.2897135314771426
6.04927463731866	2.291349027779963
6.049774887443721	2.2929845240827813
6.050275137568784	2.2946200203856018
6.050775387693847	2.2962555166884226
6.051275637818909	2.2978910129912435
6.051775887943972	2.2995265092940644
6.052276138069034	2.3011620055968853
6.052776388194097	2.3027975018997062
6.05327663831916	2.3044329982025267
6.053776888444222	2.3060684945053476
6.054277138569285	2.3077039908081685
6.0547773886943475	2.3093394871109894
6.05527763881941	2.3109749834138102
6.055777888944473	2.312610479716631
6.056278139069534	2.314245976019449
6.056778389194597	2.31588147232227
6.05727863931966	2.3175169686250907
6.057778889444722	2.319152464927911
6.058279139569785	2.320787961230732
6.058779389694847	2.322423457533553
6.05927963981991	2.324058953836374
6.059779889944973	2.3256944501391947
6.060280140070035	2.327329946442015
6.060780390195098	2.328965442744836
6.06128064032016	2.3306009390476543
6.061780890445222	2.3322364353504748
6.062281140570285	2.3338719316532957
6.062781390695347	2.3355074279561165
6.06328164082041	2.3371429242589374
6.063781890945473	2.3387784205617583
6.064282141070535	2.3404139168645792
6.064782391195598	2.3420494131673997
6.06528264132066	2.3436849094702206
6.065782891445723	2.3453204057730415
6.066283141570786	2.3469559020758624
6.066783391695848	2.3485913983786832
6.067283641820911	2.350226894681504
6.067783891945973	2.351862390984322
6.068284142071035	2.353497887287143
6.068784392196098	2.3551333835899633
6.06928464232116	2.356768879892784
6.069784892446223	2.358404376195605
6.070285142571286	2.360039872498426
6.070785392696348	2.361675368801247
6.071285642821411	2.3633108651040677
6.071785892946473	2.364946361406888
6.072286143071536	2.366581857709709
6.072786393196599	2.36821735401253
6.07328664332166	2.3698528503153478
6.073786893446723	2.3714883466181687
6.074287143571786	2.3731238429209895
6.074787393696848	2.3747593392238104
6.075287643821911	2.3763948355266313
6.075787893946973	2.378030331829452
6.076288144072036	2.3796658281322727
6.076788394197099	2.3813013244350936
6.077288644322161	2.3829368207379145
6.077788894447224	2.3845723170407354
6.078289144572286	2.3862078133435562
6.078789394697349	2.387843309646377
6.079289644822412	2.3894788059491976
6.079789894947473	2.3914511505571707
6.080290145072536	2.3937890726866122
6.080790395197599	2.396126994816054
6.081290645322661	2.3984649169454957
6.081790895447724	2.400802839074937
6.082291145572786	2.403140761204379
6.082791395697849	2.4054786833338206
6.083291645822912	2.407816605463262
6.083791895947974	2.410154527592704
6.084292146073037	2.4124924497221456
6.0847923961980985	2.414830371851583
6.085292646323161	2.4171682939810246
6.085792896448224	2.4195062161104666
6.086293146573286	2.421844138239908
6.086793396698349	2.4241820603693496
6.087293646823412	2.4265199824987915
6.087793896948474	2.428857904628233
6.088294147073537	2.4311958267576745
6.088794397198599	2.4335337488871165
6.089294647323662	2.435871671016558
6.089794897448725	2.4382095931459995
6.090295147573787	2.4405475152754414
6.09079539769885	2.442885437404883
6.0912956478239115	2.4452233595343205
6.091795897948974	2.447561281663762
6.092296148074037	2.449899203793204
6.092796398199099	2.4522371259226454
6.093296648324162	2.454575048052087
6.093796898449225	2.456912970181529
6.094297148574287	2.4592508923109704
6.09479739869935	2.461588814440412
6.095297648824412	2.463926736569854
6.095797898949475	2.4662646586992953
6.096298149074538	2.468602580828737
6.096798399199599	2.4709405029581744
6.097298649324662	2.4732784250876163
6.0977988994497245	2.475616347217058
6.098299149574787	2.4779542693464993
6.09879939969985	2.4802921914759413
6.099299649824912	2.4826301136053828
6.099799899949975	2.4849680357348243
6.100300150075038	2.4873059578642662
6.1008004002001	2.4896438799937077
6.101300650325163	2.4919818021231492
6.101800900450225	2.494319724252591
6.102301150575288	2.4966576463820327
6.102801400700351	2.498995568511474
6.103301650825412	2.5013334906409117
6.103801900950475	2.5036714127703537
6.1043021510755375	2.506009334899795
6.1048024012006	2.5083472570292367
6.105302651325663	2.5106851791586786
6.105802901450725	2.51302310128812
6.106303151575788	2.5153610234175616
6.106803401700851	2.5176989455470036
6.107303651825913	2.520036867676445
6.107803901950976	2.5223747898058866
6.1083041520760375	2.524712711935324
6.1088044022011	2.527050634064766
6.109304652326163	2.5293885561942075
6.109804902451225	2.531726478323649
6.110305152576288	2.5340644004530906
6.1108054027013505	2.5364023225825325
6.111305652826413	2.538740244711974
6.111805902951476	2.5410781668414155
6.112306153076538	2.5434160889708575
6.112806403201601	2.545754011100299
6.113306653326664	2.5480919332297405
6.113806903451726	2.5504298553591824
6.114307153576789	2.552767777488624
6.1148074037018505	2.5551056996180614
6.115307653826913	2.557443621747503
6.115807903951976	2.559781543876945
6.116308154077038	2.5621194660063864
6.116808404202101	2.564457388135828
6.1173086543271635	2.56679531026527
6.117808904452226	2.5691332323947114
6.118309154577289	2.571471154524153
6.118809404702351	2.573809076653595
6.119309654827414	2.5761469987830363
6.119809904952477	2.578484920912478
6.120310155077538	2.5808228430419153
6.120810405202601	2.5831607651713573
6.1213106553276635	2.585498687300799
6.121810905452726	2.5878366094302403
6.122311155577789	2.5901745315596822
6.122811405702851	2.5925124536891238
6.123311655827914	2.5948503758185653
6.1238119059529765	2.597188297948007
6.124312156078039	2.5995262200774487
6.124812406203102	2.60186414220689
6.125312656328164	2.604202064336332
6.125812906453227	2.6065399864657737
6.12631315657829	2.608877908595215
6.126813406703351	2.6112158307246527
6.127313656828414	2.6135537528540946
6.1278139069534765	2.615891674983536
6.128314157078539	2.6182295971129776
6.128814407203602	2.6205675192424196
6.129314657328664	2.6233655467644614
6.129814907453727	2.62991457444583
6.1303151575787895	2.6364636021271988
6.130815407703852	2.6430126298085677
6.131315657828915	2.649561657489936
6.1318159079539765	2.6561106851712935
6.132316158079039	2.662659712852662
6.132816408204102	2.669208740534031
6.133316658329164	2.6757577682153997
6.133816908454227	2.682306795896768
6.1343171585792895	2.688855823578137
6.134817408704352	2.695404851259506
6.135317658829415	2.7019538789408744
6.135817908954477	2.7085029066222432
6.13631815907954	2.715051934303612
6.1368184092046025	2.7216009619849806
6.137318659329665	2.7281499896663495
6.137818909454728	2.7346990173477184
6.1383191595797895	2.7412480450290753
6.138819409704852	2.747797072710444
6.139319659829915	2.7543461003918126
6.139819909954977	2.7608951280731815
6.14032016008004	2.7674441557545504
6.1408204102051025	2.773993183435919
6.141320660330165	2.7805422111172877
6.141820910455228	2.7870912387986566
6.14232116058029	2.793640266480025
6.142821410705353	2.800189294161394
6.1433216608304155	2.806738321842763
6.143821910955477	2.8132873495241197
6.14432216108054	2.8198363772054886
6.1448224112056025	2.826385404886857
6.145322661330665	2.832934432568226
6.145822911455728	2.839483460249595
6.14632316158079	2.8460324879309633
6.146823411705853	2.852581515612332
6.1473236618309155	2.859130543293701
6.147823911955978	2.8656795709750695
6.148324162081041	2.8722285986564384
6.148824412206103	2.8787776263378073
6.149324662331166	2.8853266540191758
6.1498249124562285	2.8918756817005447
6.15032516258129	2.898424709381902
6.150825412706353	2.905601168625489
6.1513256628314155	2.9133790808128404
6.151825912956478	2.9211569930001917
6.152326163081541	2.928934905187543
6.152826413206603	2.936712817374895
6.153326663331666	2.9444907295622462
6.1538269134567285	2.9522686417495976
6.154327163581791	2.960046553936949
6.154827413706854	2.9678244661243003
6.155327663831915	2.975602378311638
6.155827913956978	2.9833802904989897
6.156328164082041	2.991158202686341
6.156828414207103	2.9989361148736924
6.157328664332166	3.0067140270610437
6.1578289144572285	3.014491939248395
6.158329164582291	3.022269851435747
6.158829414707354	3.0300477636230982
6.159329664832416	3.0378256758104496
6.159829914957479	3.045603587997801
6.1603301650825415	3.0533815001851523
6.160830415207604	3.061159412372504
6.161330665332667	3.0689373245598555
6.161830915457728	3.076715236747193
6.162331165582791	3.0844931489345444
6.162831415707854	3.0922710611218958
6.163331665832916	3.100048973309247
6.163831915957979	3.107826885496599
6.1643321660830415	3.1156047976839503
6.164832416208104	3.1233827098713016
6.165332666333167	3.131160622058653
6.165832916458229	3.1389385342460043
6.166333166583292	3.1467164464333557
6.1668334167083545	3.1544943586207075
6.167333666833416	3.162272270808045
6.167833916958479	3.1700501829953964
6.168334167083541	3.177828095182748
6.168834417208604	3.185606007370099
6.169334667333667	3.1933839195574505
6.169834917458729	3.2011618317448023
6.170335167583792	3.2089397439321536
6.1708354177088545	3.216717656119505
6.171335667833917	3.2244955683068564
6.17183591795898	3.232273480494208
6.172336168084042	3.2400513926815595
6.172836418209105	3.247829304868911
6.1733366683341675	3.255607217056262
6.173836918459229	3.2633851292436
6.174337168584292	3.271163041430951
6.174837418709354	3.278940953618303
6.175337668834417	3.2867188658056543
6.17583791895948	3.2944967779930057
6.176338169084542	3.302274690180357
6.176838419209605	3.3100526023677084
6.1773386693346675	3.3178305145550597
6.17783891945973	3.3256084267424115
6.178339169584793	3.333386338929763
6.178839419709854	3.3411642511171005
6.179339669834917	3.350024155035253
6.17983991995998	3.3593069654545484
6.180340170085042	3.3685897758738443
6.180840420210105	3.37787258629314
6.181340670335167	3.3871553967124353
6.18184092046023	3.3964382071317307
6.182341170585293	3.405721017551026
6.182841420710355	3.4150038279703216
6.183341670835418	3.424286638389617
6.1838419209604805	3.4335694488089126
6.184342171085543	3.442852259228208
6.184842421210606	3.452135069647504
6.185342671335667	3.461417880066783
6.18584292146073	3.4707006904860784
6.186343171585793	3.479983500905374
6.186843421710855	3.4892663113246694
6.187343671835918	3.498549121743965
6.18784392196098	3.5078319321632603
6.188344172086043	3.5171147425825557
6.188844422211106	3.526397553001851
6.189344672336168	3.5356803634211467
6.189844922461231	3.5449631738404426
6.1903451725862935	3.554245984259738
6.190845422711355	3.563528794679017
6.191345672836418	3.5728116050983125
6.19184592296148	3.582094415517608
6.192346173086543	3.5913772259369035
6.192846423211606	3.600660036356199
6.193346673336668	3.6099428467754944
6.193846923461731	3.61922565719479
6.194347173586793	3.6285084676140853
6.194847423711856	3.637791278033381
6.195347673836919	3.647074088452676
6.195847923961981	3.656356898871972
6.196348174087044	3.6656397092912676
6.1968484242121065	3.674922519710563
6.197348674337168	3.684205330129842
6.197848924462231	3.6934881405491375
6.198349174587293	3.702770950968433
6.198849424712356	3.7120537613877285
6.199349674837419	3.721336571807024
6.199849924962481	3.7306193822263194
6.200350175087544	3.7400926897931686
6.200850425212606	3.7507334781676533
6.201350675337669	3.761374266542138
6.201850925462732	3.7720150549166234
6.202351175587793	3.782655843291089
6.202851425712856	3.7932966316655743
6.203351675837919	3.803937420040059
6.203851925962981	3.814578208414544
6.204352176088044	3.8252189967890287
6.204852426213106	3.8358597851635134
6.205352676338169	3.8465005735379987
6.205852926463232	3.8571413619124835
6.206353176588294	3.8677821502869683
6.206853426713357	3.878422938661453
6.207353676838419	3.8890637270359383
6.207853926963482	3.899704515410423
6.208354177088545	3.910345303784908
6.208854427213606	3.920986092159374
6.209354677338669	3.931626880533859
6.209854927463732	3.9422676689083436
6.210355177588794	3.9529084572828284
6.210855427713857	3.9635492456573136
6.211355677838919	3.9741900340317984
6.211855927963982	3.984830822406283
6.212356178089045	3.995471610780768
6.212856428214107	4.006112399155253
6.21335667833917	4.016753187529738
6.213856928464232	4.027393975904222
6.214357178589294	4.038034764278689
6.214857428714357	4.046875739563443
6.215357678839419	4.055066102350471
6.215857928964482	4.063256465137499
6.216358179089545	4.071446827924527
6.216858429214607	4.079637190711556
6.21735867933967	4.087827553498584
6.217858929464732	4.096017916285612
6.218359179589795	4.10420827907264
6.218859429714858	4.112398641859668
6.21935967983992	4.120589004646696
6.219859929964983	4.128779367433724
6.220360180090045	4.136969730220753
6.220860430215107	4.1451600930077666
6.22136068034017	4.1533504557947944
6.221860930465232	4.161540818581822
6.222361180590295	4.169731181368851
6.222861430715358	4.177921544155879
6.22336168084042	4.186111906942907
6.223861930965483	4.194302269729935
6.224362181090545	4.202492632516964
6.224862431215608	4.2106829953039915
6.225362681340671	4.218873358091019
6.225862931465732	4.227063720878033
6.226363181590795	4.235254083665062
6.2268634317158575	4.24344444645209
6.22736368184092	4.251634809239118
6.227863931965983	4.2598251720261455
6.228364182091045	4.268015534813174
6.228864432216108	4.2740631398064375
6.229364682341171	4.276108336991444
6.229864932466233	4.27815353417645
6.230365182591296	4.280198731361456
6.230865432716358	4.282243928546462
6.231365682841421	4.284289125731468
6.231865932966484	4.286334322916474
6.232366183091546	4.28837952010148
6.232866433216608	4.2904247172864824
6.2333666833416705	4.292469914471488
6.233866933466733	4.294515111656494
6.234367183591796	4.296560308841501
6.234867433716858	4.298605506026507
6.235367683841921	4.300650703211513
6.235867933966984	4.302695900396519
6.236368184092046	4.304741097581525
6.236868434217109	4.306786294766531
6.237368684342171	4.308831491951537
6.237868934467233	4.310876689136539
6.238369184592296	4.312921886321545
6.238869434717358	4.314967083506551
6.239369684842421	4.317012280691558
6.2398699349674835	4.319057477876564
6.240370185092546	4.32110267506157
6.240870435217609	4.323147872246576
6.241370685342671	4.325193069431582
6.241870935467734	4.327238266616588
6.242371185592797	4.329283463801594
6.242871435717859	4.3313286609866
6.243371685842922	4.333373858171606
6.243871935967984	4.335419055356612
6.244372186093046	4.337464252541614
6.244872436218109	4.339509449726621
6.245372686343171	4.341554646911627
6.245872936468234	4.343599844096633
6.2463731865932965	4.345645041281639
6.246873436718359	4.347690238466645
6.247373686843422	4.349735435651651
6.247873936968484	4.351780632836657
6.248374187093547	4.353825830021663
6.24887443721861	4.3558710272066685
6.249374687343671	4.357916224391671
6.249874937468734	4.359961421576678
6.2503751875937965	4.362006618761684
6.250875437718859	4.36405181594669
6.251375687843922	4.366097013131696
6.251875937968984	4.368142210316702
6.252376188094047	4.3701874075017075
6.2528764382191095	4.3722326046867135
6.253376688344172	4.374277801871719
6.253876938469235	4.376322999056725
6.254377188594297	4.378368196241731
6.25487743871936	4.380413393426738
6.255377688844423	4.382458590611744
6.255877938969485	4.38450378779675
6.256378189094547	4.3865489849817525
6.2568784392196095	4.3885941821667585
6.257378689344672	4.389042482540109
6.257878939469735	4.388221234182738
6.258379189594797	4.3873999858253665
6.25887943971986	4.386578737467995
6.2593796898449225	4.385757489110624
6.259879939969985	4.384936240753253
6.260380190095048	4.384114992395881
6.26088044022011	4.38329374403851
6.261380690345172	4.38247249568114
6.261880940470235	4.381651247323768
6.262381190595297	4.380829998966397
6.26288144072036	4.380008750609026
6.2633816908454225	4.379187502251654
6.263881940970485	4.378366253894283
6.264382191095548	4.377545005536912
6.26488244122061	4.3767237571795405
6.265382691345673	4.375902508822169
6.2658829414707355	4.375081260464798
6.266383191595798	4.374260012107427
6.266883441720861	4.373438763750055
6.267383691845923	4.372617515392684
6.267883941970985	4.371796267035314
6.268384192096048	4.370975018677942
6.26888444222111	4.370153770320571
6.269384692346173	4.3693325219632
6.2698849424712355	4.3685112736058285
6.270385192596298	4.367690025248457
6.270885442721361	4.366868776891086
6.271385692846423	4.366047528533715
6.271885942971486	4.365226280176343
6.2723861930965485	4.364405031818972
6.27288644322161	4.363583783461602
6.273386693346673	4.36276253510423
6.2738869434717355	4.361941286746859
6.274387193596798	4.361120038389488
6.274887443721861	4.360298790032116
6.275387693846923	4.359477541674745
6.275887943971986	4.358656293317374
6.2763881940970485	4.3578350449600025
6.276888444222111	4.357013796602631
6.277388694347174	4.35619254824526
6.277888944472236	4.355371299887889
6.278389194597299	4.354550051530517
6.2788894447223615	4.353728803173146
6.279389694847424	4.352907554815775
6.279889944972486	4.352086306458404
6.2803901950975485	4.351265058101033
6.280890445222611	4.350443809743662
6.281390695347674	4.34962256138629
6.281890945472736	4.348801313028919
6.282391195597799	4.347980064671548
6.2828914457228615	4.3471588163141766
6.283391695847924	4.346337567956805
6.283891945972987	4.345516319599434
6.284392196098049	4.344695071242063
6.284892446223111	4.343873822884692
6.285392696348174	4.343052574527321
6.285892946473236	4.3426790785869605
6.286393196598299	4.342442737568503
6.2868934467233615	4.342206396550045
6.287393696848424	4.341970055531587
6.287893946973487	4.341733714513129
6.288394197098549	4.341497373494672
6.288894447223612	4.341261032476214
6.2893946973486745	4.341024691457756
6.289894947473737	4.340788350439299
6.2903951975988	4.340552009420841
6.290895447723862	4.340315668402383
6.291395697848924	4.3400793273839255
6.291895947973987	4.3398429863654675
6.292396198099049	4.33960664534701
6.292896448224112	4.339370304328552
6.2933966983491745	4.339133963310094
6.293896948474237	4.338897622291637
6.2943971985993	4.338661281273179
6.294897448724362	4.338424940254721
6.295397698849425	4.338188599236263
6.2958979489744875	4.337952258217806
6.296398199099549	4.337715917199349
6.296898449224612	4.337479576180891
6.2973986993496744	4.337243235162433
6.297898949474737	4.3370068941439746
6.2983991995998	4.336770553125517
6.298899449724862	4.336534212107059
6.299399699849925	4.336297871088601
6.2998999499749875	4.336061530070144
6.30040020010005	4.335825189051686
6.300900450225113	4.335588848033228
6.301400700350175	4.335352507014771
6.301900950475238	4.335116165996313
6.3024012006003005	4.334879824977855
6.302901450725363	4.334643483959397
6.303401700850425	4.33440714294094
6.3039019509754874	4.3341708019224825
6.30440220110055	4.3339344609040245
6.304902451225613	4.333698119885566
6.305402701350675	4.333461778867108
6.305902951475738	4.333225437848651
6.3064032016008005	4.332989096830193
6.306903451725863	4.332752755811735
6.307403701850926	4.332516414793278
6.307903951975988	4.33228007377482
6.30840420210105	4.332043732756363
6.308904452226113	4.331807391737905
6.309404702351175	4.331571050719447
6.309904952476238	4.3313347097009895
6.3104052026013004	4.3310983686825315
6.310905452726363	4.3308620276640735
6.311405702851426	4.330625686645615
6.311905952976488	4.330389345627158
6.312406203101551	4.3301530046087
6.3129064532266135	4.329916663590242
6.313406703351676	4.329680322571785
6.313906953476739	4.329443981553327
6.314407203601801	4.329207640534869
6.314907453726863	4.328971299516412
6.315407703851926	4.328734958497954
6.315907953976988	4.328498617479497
6.316408204102051	4.328262276461039
6.3169084542271134	4.3280259354425805
6.317408704352176	4.327789594424123
6.317908954477239	4.327553253405665
6.318409204602301	4.327316912387207
6.318909454727364	4.327080571368749
6.3194097048524265	4.326844230350292
6.319909954977488	4.326607889331835
6.320410205102551	4.326371548313377
6.320910455227613	4.326135207294919
6.321410705352676	4.325898866276461
6.321910955477739	4.325662525258004
6.322411205602801	4.325426184239546
6.322911455727864	4.325189843221088
6.3234117058529264	4.32495350220263
6.323911955977989	4.324717161184172
6.324412206103052	4.324480820165714
6.324912456228114	4.324244479147257
6.325412706353177	4.324008138128799
6.3259129564782395	4.323771797110341
6.326413206603302	4.323535456091883
6.326913456728364	4.323299115073426
6.327413706853426	4.323062774054968
6.327913956978489	4.322826433036511
6.328414207103552	4.322590092018053
6.328914457228614	4.322353750999595
6.329414707353677	4.3221174099811375
6.3299149574787394	4.321881068962679
6.330415207603802	4.321644727944221
6.330915457728865	4.321408386925764
6.331415707853927	4.321172045907306
6.331915957978989	4.320935704888849
6.332416208104052	4.320699363870391
6.332916458229114	4.320463022851933
6.333416708354177	4.320226681833476
6.333916958479239	4.319990340815018
6.334417208604302	4.31975399979656
6.334917458729365	4.319517658778102
6.335417708854427	4.318985001937787
6.33591795897949	4.317958969738301
6.3364182091045524	4.316932937538815
6.336918459229615	4.315906905339329
6.337418709354678	4.314880873139844
6.33791895947974	4.313854840940357
6.338419209604802	4.312828808740873
6.338919459729865	4.311802776541387
6.339419709854927	4.310776744341901
6.33991995997999	4.309750712142415
6.340420210105052	4.308724679942928
6.340920460230115	4.307698647743443
6.341420710355178	4.306672615543957
6.34192096048024	4.305646583344471
6.342421210605303	4.304620551144985
6.3429214607303654	4.3035945189454985
6.343421710855427	4.302568486746014
6.34392196098049	4.301542454546529
6.344422211105552	4.300516422347043
6.344922461230615	4.2994903901475565
6.345422711355678	4.29846435794807
6.34592296148074	4.297438325748584
6.346423211605803	4.296412293549098
6.346923461730865	4.295386261349612
6.347423711855928	4.294360229150127
6.347923961980991	4.2933341969506404
6.348424212106053	4.292308164751154
6.348924462231116	4.291282132551668
6.3494247123561784	4.290256100352182
6.349924962481241	4.289230068152696
6.350425212606303	4.288204035953211
6.350925462731365	4.287178003753726
6.351425712856428	4.28615197155424
6.351925962981491	4.285125939354754
6.352426213106553	4.284099907155268
6.352926463231616	4.2830738749557815
6.353426713356678	4.282047842756295
6.353926963481741	4.281021810556809
6.354427213606804	4.279995778357324
6.354927463731866	4.278969746157838
6.355427713856928	4.277943713958353
6.355927963981991	4.276917681758867
6.356428214107053	4.275891649559381
6.356928464232116	4.274865617359895
6.357428714357178	4.273839585160409
6.357928964482241	4.2728135529609235
6.358429214607304	4.271787520761437
6.358929464732366	4.270761488561951
6.359429714857429	4.269735456362465
6.359929964982491	4.268709424162979
6.360430215107554	4.267683391963493
6.360930465232617	4.2666573597640065
6.361430715357679	4.265631327564521
6.361930965482741	4.264605295365037
6.362431215607804	4.263579263165551
6.362931465732866	4.2625532309660645
6.363431715857929	4.261527198766578
6.363931965982991	4.260501166567092
6.364432216108054	4.259475134367607
6.364932466233117	4.258449102168121
6.365432716358179	4.257423069968635
6.365932966483242	4.2563970377691485
6.366433216608304	4.255371005569662
6.366933466733366	4.254344973370178
6.367433716858429	4.253318941170692
6.367933966983491	4.2522929089712065
6.368434217108554	4.25126687677172
6.368934467233617	4.250240844572234
6.369434717358679	4.249214812372748
6.369934967483742	4.248188780173262
6.370435217608804	4.247162747973776
6.370935467733867	4.2461367157742895
6.37143571785893	4.245110683574804
6.371935967983992	4.244084651375318
6.372436218109055	4.243058619175832
6.372936468234117	4.242032586976346
6.37343671835918	4.24100655477686
6.373936968484242	4.239980522577375
6.374437218609304	4.23895449037789
6.374937468734367	4.237928458178404
6.37543771885943	4.236902425978918
6.375937968984492	4.2358763937794315
6.376438219109555	4.234850361579945
6.376938469234617	4.233824329380459
6.37743871935968	4.232798297180973
6.377938969484743	4.231772264981488
6.378439219609805	4.230746232782002
6.378939469734867	4.229720200582517
6.3794397198599295	4.228694168383031
6.379939969984992	4.227668136183545
6.380440220110055	4.226642103984059
6.380940470235117	4.2256160717845725
6.38144072036018	4.224590039585087
6.381940970485243	4.223564007385601
6.382441220610305	4.222537975186115
6.382941470735368	4.221511942986629
6.38344172086043	4.220485910787143
6.383941970985493	4.2194598785876565
6.384442221110556	4.21843384638817
6.384942471235618	4.217407814188685
6.38544272136068	4.216381781989201
6.3859429714857425	4.2153557497897145
6.386443221610805	4.214329717590228
6.386943471735868	4.213303685390742
6.38744372186093	4.212277653191256
6.387943971985993	4.211251620991771
6.388444222111056	4.210225588792285
6.388944472236118	4.209199556592798
6.389444722361181	4.208173524393312
6.389944972486243	4.207147492193826
6.390445222611305	4.206121459994342
6.390945472736368	4.205095427794856
6.39144572286143	4.20406939559537
6.391945972986493	4.203043363395884
6.3924462231115555	4.202287506305371
6.392946473236618	4.201602582759345
6.393446723361681	4.200917659213319
6.393946973486743	4.200232735667294
6.394447223611806	4.199547812121268
6.394947473736869	4.198862888575243
6.395447723861931	4.198177965029217
6.395947973986994	4.197493041483192
6.396448224112056	4.196808117937166
6.396948474237119	4.19612319439114
6.397448724362181	4.1954382708451154
6.397948974487243	4.19475334729909
6.398449224612306	4.194068423753064
6.3989494747373685	4.193383500207038
6.399449724862431	4.192698576661013
6.399949974987494	4.192013653114987
6.400450225112556	4.191328729568962
6.400950475237619	4.190643806022936
6.401450725362682	4.18995888247691
6.401950975487744	4.189273958930885
6.402451225612806	4.188589035384861
6.4029514757378685	4.187904111838835
6.403451725862931	4.187219188292809
6.403951975987994	4.186534264746784
6.404452226113056	4.185849341200758
6.404952476238119	4.1851644176547325
6.4054527263631815	4.1844794941087065
6.405952976488244	4.183794570562681
6.406453226613307	4.183109647016655
6.406953476738369	4.182424723470629
6.407453726863432	4.181739799924604
6.407953976988495	4.181054876378578
6.408454227113557	4.180369952832553
6.408954477238619	4.179685029286528
6.4094547273636815	4.179000105740503
6.409954977488744	4.178315182194477
6.410455227613807	4.177630258648452
6.410955477738869	4.176945335102426
6.411455727863932	4.1762604115564
6.4119559779889945	4.175575488010375
6.412456228114057	4.174890564464349
6.41295647823912	4.1742056409183235
6.413456728364182	4.1735207173722975
6.413956978489244	4.172835793826273
6.414457228614307	4.172150870280247
6.414957478739369	4.171465946734222
6.415457728864432	4.170781023188196
6.4159579789894945	4.17009609964217
6.416458229114557	4.169411176096145
6.41695847923962	4.168726252550119
6.417458729364682	4.168041329004094
6.417958979489745	4.167356405458068
6.4184592296148075	4.166671481912043
6.41895947973987	4.165986558366017
6.419459729864933	4.165301634819991
6.419959979989995	4.164616711273966
6.420460230115058	4.16393178772794
6.42096048024012	4.163246864181915
6.421460730365182	4.162561940635889
6.421960980490245	4.161877017089864
6.4224612306153075	4.161192093543838
6.42296148074037	4.160507169997813
6.423461730865433	4.159822246451787
6.423961980990495	4.159137322905761
6.424462231115558	4.158452399359736
6.4249624812406205	4.15776747581371
6.425462731365683	4.157082552267685
6.425962981490745	4.15639762872166
6.4264632316158075	4.155712705175635
6.42696348174087	4.155027781629609
6.427463731865933	4.1543428580835835
6.427963981990995	4.1536579345375575
6.428464232116058	4.152973010991532
6.4289644822411205	4.152288087445506
6.429464732366183	4.15160316389948
6.429964982491246	4.150918240353455
6.430465232616308	4.150233316807429
6.430965482741371	4.149548393261404
6.4314657328664335	4.148863469715378
6.431965982991496	4.148178546169352
6.432466233116558	4.147493622623328
6.4329664832416205	4.146808699077303
6.433466733366683	4.146123775531277
6.433966983491746	4.145438851985251
6.434467233616808	4.144753928439226
6.434967483741871	4.1440690048932
6.4354677338669335	4.1433840813471745
6.435967983991996	4.1426991578011485
6.436468234117059	4.142014234255123
6.436968484242121	4.141329310709097
6.437468734367183	4.140644387163073
6.437968984492246	4.139959463617047
6.438469234617308	4.139274540071022
6.438969484742371	4.138589616524996
6.4394697348674335	4.13790469297897
6.439969984992496	4.137219769432945
6.440470235117559	4.136534845886919
6.440970485242621	4.135849922340894
6.441470735367684	4.135164998794868
6.4419709854927465	4.134480075248842
6.442471235617809	4.133795151702817
6.442971485742872	4.133110228156791
6.443471735867934	4.1324253046107655
6.443971985992997	4.1317403810647395
6.444472236118059	4.131055457518715
6.444972486243121	4.130370533972689
6.445472736368184	4.129685610426664
6.4459729864932465	4.129000686880638
6.446473236618309	4.128315763334612
6.446973486743372	4.127630839788587
6.447473736868434	4.126945916242561
6.447973986993497	4.126260992696536
6.4484742371185595	4.12557606915051
6.448974487243622	4.124891145604485
6.449474737368684	4.12420622205846
6.449974987493746	4.1235212985124345
6.450475237618809	4.1228363749664085
6.450975487743872	4.122151451420383
6.451475737868934	4.121466527874357
6.451975987993997	4.120781604328331
6.4524762381190595	4.120096680782306
6.452976488244122	4.11941175723628
6.453476738369185	4.118726833690255
6.453976988494247	4.118041910144229
6.45447723861931	4.117356986598203
6.4549774887443725	4.116672063052178
6.455477738869435	4.115987139506152
6.455977988994497	4.115302215960128
6.456478239119559	4.114617292414102
6.456978489244622	4.113932368868077
6.457478739369685	4.113247445322051
6.457978989494747	4.1125625217760255
6.45847923961981	4.1118775982299995
6.4589794897448725	4.111192674683974
6.459479739869935	4.110507751137948
6.459979989994998	4.109822827591922
6.46048024012006	4.109137904045897
6.460980490245122	4.108452980499873
6.461480740370185	4.107768056953847
6.461980990495247	4.107083133407821
6.46248124062031	4.106398209861796
6.462981490745372	4.10571328631577
6.463481740870435	4.105028362769745
6.463981990995498	4.104343439223719
6.46448224112056	4.103658515677693
6.464982491245623	4.102973592131668
6.4654827413706855	4.102288668585642
6.465982991495748	4.1016037450396166
6.466483241620811	4.1009188214935905
6.466983491745873	4.1002338979475645
6.467483741870936	4.099548974401539
6.467983991995998	4.098864050855515
6.46848424212106	4.098179127309489
6.468984492246123	4.097494203763464
6.469484742371185	4.096809280217438
6.469984992496248	4.096124356671412
6.470485242621311	4.095439433125387
6.470985492746373	4.094754509579361
6.471485742871436	4.094069586033336
6.4719859929964985	4.09338466248731
6.472486243121561	4.092699738941284
6.472986493246623	4.09201481539526
6.473486743371685	4.0913298918492345
6.473986993496748	4.0906449683032085
6.474487243621811	4.0899600447571824
6.474987493746873	4.089275121211157
6.475487743871936	4.088590197665131
6.475987993996998	4.087905274119106
6.476488244122061	4.08722035057308
6.476988494247124	4.086535427027054
6.477488744372186	4.08598980875998
6.477988994497249	4.085623464761949
6.4784892446223115	4.0852571207639174
6.478989494747374	4.084890776765886
6.479489744872436	4.0845244327678545
6.479989994997498	4.084158088769823
6.480490245122561	4.0837917447717915
6.480990495247624	4.08342540077376
6.481490745372686	4.083059056775729
6.481990995497749	4.082692712777697
6.482491245622811	4.082326368779665
6.482991495747874	4.081960024781633
6.483491745872937	4.081593680783602
6.483991995997999	4.08122733678557
6.484492246123061	4.08086099278754
6.484992496248124	4.080494648789507
6.485492746373186	4.080128304791476
6.485992996498249	4.079761960793444
6.486493246623311	4.079395616795413
6.486993496748374	4.079029272797381
6.487493746873437	4.07866292879935
6.487993996998499	4.078296584801318
6.488494247123562	4.077930240803286
6.488994497248624	4.0775638968052546
6.489494747373687	4.077197552807223
6.48999499749875	4.076831208809192
6.490495247623812	4.07646486481116
6.490995497748875	4.076098520813129
6.491495747873937	4.075732176815097
6.491995997998999	4.075365832817066
6.492496248124062	4.074999488819034
6.492996498249124	4.074633144821003
6.493496748374187	4.074266800822971
6.49399699849925	4.07390045682494
6.494497248624312	4.073534112826907
6.494997498749375	4.073167768828876
6.495497748874437	4.072801424830844
6.4959979989995	4.072435080832813
6.496498249124562	4.072068736834782
6.496998499249624	4.07170239283675
6.497498749374687	4.0713360488387185
6.49799899949975	4.070969704840687
6.498499249624812	4.0706033608426555
6.498999499749875	4.070237016844624
6.499499749874937	4.0698706728465925
6.5	4.069504328848561
