# Fresnel Simulation Metadata
# ---------------------------
# Layer 0: Air (Espesor Infinito)
# Layer 1: AlN (cubico) | Input: 100.00 nm | Optimized: 80.66 nm
# Layer 2: SiC | Input: 1480.00 nm | Optimized: 1488.88 nm
# Layer 3: Si (Espesor Infinito)
# 
# Wavelength(nm)	Response
3.300000000000000000e+02	3.080348868288920627e+01
3.310000000000000000e+02	4.375461540642201896e+01
3.320000000000000000e+02	5.265382840912127449e+01
3.330000000000000000e+02	5.709472640414515610e+01
3.340000000000000000e+02	5.752186375328322043e+01
3.350000000000000000e+02	5.401582728683832357e+01
3.360000000000000000e+02	4.626203545942017570e+01
3.370000000000000000e+02	3.445924274968305667e+01
3.380000000000000000e+02	2.183450088368218900e+01
3.390000000000000000e+02	1.621810886969999288e+01
3.400000000000000000e+02	2.237822685440784554e+01
3.410000000000000000e+02	3.470778210254997020e+01
3.420000000000000000e+02	4.591987006756482970e+01
3.430000000000000000e+02	5.332688402874448030e+01
3.440000000000000000e+02	5.685064084016231334e+01
3.450000000000000000e+02	5.682726148137806632e+01
3.460000000000000000e+02	5.328351727604195531e+01
3.470000000000000000e+02	4.595132960623373464e+01
3.480000000000000000e+02	3.496450770343953707e+01
3.490000000000000000e+02	2.280413516559077891e+01
3.500000000000000000e+02	1.602776844684850488e+01
3.510000000000000000e+02	2.010202469202045350e+01
3.520000000000000000e+02	3.154541477321304299e+01
3.530000000000000000e+02	4.323544126830680767e+01
3.540000000000000000e+02	5.167266701671480433e+01
3.550000000000000000e+02	5.639649717900482528e+01
3.560000000000000000e+02	5.777762546012357348e+01
3.570000000000000000e+02	5.602526141238105595e+01
3.580000000000000000e+02	5.097584735656841559e+01
3.590000000000000000e+02	4.232611002124983202e+01
3.600000000000000000e+02	3.057783309007589523e+01
3.610000000000000000e+02	1.914641610100896685e+01
3.620000000000000000e+02	1.497569996332359921e+01
3.630000000000000000e+02	2.157286881482452401e+01
3.640000000000000000e+02	3.371159436708504131e+01
3.650000000000000000e+02	4.490931794919376330e+01
3.660000000000000000e+02	5.265208313789477046e+01
3.670000000000000000e+02	5.687343439417457347e+01
3.680000000000000000e+02	5.804184146836426095e+01
3.690000000000000000e+02	5.643412195020330557e+01
3.700000000000000000e+02	5.200902386571547709e+01
3.710000000000000000e+02	4.456614512973219888e+01
3.720000000000000000e+02	3.432077387376519084e+01
3.730000000000000000e+02	2.317612706736438355e+01
3.740000000000000000e+02	1.567891195700975260e+01
3.750000000000000000e+02	1.631539941606353850e+01
3.760000000000000000e+02	2.435492855979065041e+01
3.770000000000000000e+02	3.487191982956143477e+01
3.780000000000000000e+02	4.398513360978731157e+01
3.790000000000000000e+02	5.036426800206717758e+01
3.800000000000000000e+02	5.401632605641491125e+01
3.810000000000000000e+02	5.526015335117958216e+01
3.820000000000000000e+02	5.432829812504073175e+01
3.830000000000000000e+02	5.129269175671693404e+01
3.840000000000000000e+02	4.613830311885316604e+01
3.850000000000000000e+02	3.896141500906777821e+01
3.860000000000000000e+02	3.034073066411961861e+01
3.870000000000000000e+02	2.186816094586918879e+01
3.880000000000000000e+02	1.626435534360249235e+01
3.890000000000000000e+02	1.597649246172601956e+01
3.900000000000000000e+02	2.099106374498154182e+01
3.910000000000000000e+02	2.885894741100371164e+01
3.920000000000000000e+02	3.687662774574425839e+01
3.930000000000000000e+02	4.347669028033140393e+01
3.940000000000000000e+02	4.814356880802600358e+01
3.950000000000000000e+02	5.088362669374094338e+01
3.960000000000000000e+02	5.185078301562852232e+01
3.970000000000000000e+02	5.118163999086890215e+01
3.980000000000000000e+02	4.895163196877242484e+01
3.990000000000000000e+02	4.518930522550959950e+01
4.000000000000000000e+02	3.995034128284930830e+01
4.010000000000000000e+02	3.347664937598558765e+01
4.020000000000000000e+02	2.643509315921258107e+01
4.030000000000000000e+02	2.008368798556234935e+01
4.040000000000000000e+02	1.608613755219165853e+01
4.050000000000000000e+02	1.574793486466890613e+01
4.060000000000000000e+02	1.911413920005158928e+01
4.070000000000000000e+02	2.492486863520701945e+01
4.080000000000000000e+02	3.150420464341978644e+01
4.090000000000000000e+02	3.757236623396885733e+01
4.100000000000000000e+02	4.245201664826879551e+01
4.110000000000000000e+02	4.591416290955694279e+01
4.120000000000000000e+02	4.796065702192747437e+01
4.130000000000000000e+02	4.867299683758552220e+01
4.140000000000000000e+02	4.813552053036924150e+01
4.150000000000000000e+02	4.640988466047718219e+01
4.160000000000000000e+02	4.354194279100897802e+01
4.170000000000000000e+02	3.959544155442500823e+01
4.180000000000000000e+02	3.471258296822028910e+01
4.190000000000000000e+02	2.920200423711753501e+01
4.200000000000000000e+02	2.363337225973978661e+01
4.210000000000000000e+02	1.886417674917224119e+01
4.220000000000000000e+02	1.587756977424340832e+01
4.230000000000000000e+02	1.540447207377347816e+01
4.240000000000000000e+02	1.753304659624046025e+01
4.250000000000000000e+02	2.164401782387543705e+01
4.260000000000000000e+02	2.674847543233440206e+01
4.270000000000000000e+02	3.192059509432451492e+01
4.280000000000000000e+02	3.652457861459293298e+01
4.290000000000000000e+02	4.022170671222421845e+01
4.300000000000000000e+02	4.288134716121490442e+01
4.310000000000000000e+02	4.448929947317672884e+01
4.320000000000000000e+02	4.508332377345093533e+01
4.330000000000000000e+02	4.471822920069422480e+01
4.340000000000000000e+02	4.344920620358527685e+01
4.350000000000000000e+02	4.132529952194818890e+01
4.360000000000000000e+02	3.839605348978351174e+01
4.370000000000000000e+02	3.474045994528204062e+01
4.380000000000000000e+02	3.051682010262775080e+01
4.390000000000000000e+02	2.601545296807318763e+01
4.400000000000000000e+02	2.167526179125709973e+01
4.410000000000000000e+02	1.804914826232079861e+01
4.420000000000000000e+02	1.570195420446898282e+01
4.430000000000000000e+02	1.506064349389959389e+01
4.440000000000000000e+02	1.624921522789030348e+01
4.450000000000000000e+02	1.900977502467197766e+01
4.460000000000000000e+02	2.279448843225828014e+01
4.470000000000000000e+02	2.697586601817751273e+01
4.480000000000000000e+02	3.103702118885747296e+01
4.490000000000000000e+02	3.462811750057885973e+01
4.500000000000000000e+02	3.754581675226683757e+01
4.510000000000000000e+02	3.968487960260807057e+01
4.520000000000000000e+02	4.101222673254569884e+01
4.530000000000000000e+02	4.154115762959606428e+01
4.540000000000000000e+02	4.130829966476714787e+01
4.550000000000000000e+02	4.035487081574838442e+01
4.560000000000000000e+02	3.872139964471171680e+01
4.570000000000000000e+02	3.645507655104158573e+01
4.580000000000000000e+02	3.362567004373597968e+01
4.590000000000000000e+02	3.034186050644007082e+01
4.600000000000000000e+02	2.676987633583872750e+01
4.610000000000000000e+02	2.314884591972936079e+01
4.620000000000000000e+02	1.979233266531572610e+01
4.630000000000000000e+02	1.706132739331765791e+01
4.640000000000000000e+02	1.530007853673011020e+01
4.650000000000000000e+02	1.475509793735131225e+01
4.660000000000000000e+02	1.550648262477357164e+01
4.670000000000000000e+02	1.743630999634455492e+01
4.680000000000000000e+02	2.024703817811088769e+01
4.690000000000000000e+02	2.354096495911653619e+01
4.700000000000000000e+02	2.692433890091163562e+01
4.710000000000000000e+02	3.009118672494257041e+01
4.720000000000000000e+02	3.284695122385592470e+01
4.730000000000000000e+02	3.507677325108835475e+01
4.740000000000000000e+02	3.671746690238572342e+01
4.750000000000000000e+02	3.773202429429495908e+01
4.760000000000000000e+02	3.811417372868155695e+01
4.770000000000000000e+02	3.788542101582076782e+01
4.780000000000000000e+02	3.708660975799822523e+01
4.790000000000000000e+02	3.576319166264420346e+01
4.800000000000000000e+02	3.395918633115208962e+01
4.810000000000000000e+02	3.172320669781364799e+01
4.820000000000000000e+02	2.912655022279712114e+01
4.830000000000000000e+02	2.628228019516457792e+01
4.840000000000000000e+02	2.334581568861430867e+01
4.850000000000000000e+02	2.051245637716983339e+01
4.860000000000000000e+02	1.800026251291803447e+01
4.870000000000000000e+02	1.603076654492446806e+01
4.880000000000000000e+02	1.479971328922328766e+01
4.890000000000000000e+02	1.443881491007251050e+01
4.900000000000000000e+02	1.498344910876401315e+01
4.910000000000000000e+02	1.635991463435212268e+01
4.920000000000000000e+02	1.840066868766929531e+01
4.930000000000000000e+02	2.088031762448106932e+01
4.940000000000000000e+02	2.355747386644143404e+01
4.950000000000000000e+02	2.621194160709135446e+01
4.960000000000000000e+02	2.866713740391740828e+01
4.970000000000000000e+02	3.079776823634832894e+01
4.980000000000000000e+02	3.252634808313095505e+01
4.990000000000000000e+02	3.381031196749869139e+01
5.000000000000000000e+02	3.463119216341976880e+01
5.010000000000000000e+02	3.498603198624638821e+01
5.020000000000000000e+02	3.488320031294838941e+01
5.030000000000000000e+02	3.434227698868281919e+01
5.040000000000000000e+02	3.339275139150099392e+01
5.050000000000000000e+02	3.207292539699012934e+01
5.060000000000000000e+02	3.042600667839048256e+01
5.070000000000000000e+02	2.850172250919373340e+01
5.080000000000000000e+02	2.636074799417831116e+01
5.090000000000000000e+02	2.408068038615986239e+01
5.100000000000000000e+02	2.176638874323841222e+01
5.110000000000000000e+02	1.954534993491185801e+01
5.120000000000000000e+02	1.755761632583777399e+01
5.130000000000000000e+02	1.594162121438557733e+01
5.140000000000000000e+02	1.481440346205473801e+01
5.150000000000000000e+02	1.425977738222666247e+01
5.160000000000000000e+02	1.431831806833149479e+01
5.170000000000000000e+02	1.498001726104745579e+01
5.180000000000000000e+02	1.618329828289435213e+01
5.190000000000000000e+02	1.782099483321709243e+01
5.200000000000000000e+02	1.975685607410090938e+01
5.210000000000000000e+02	2.184523610868752286e+01
5.220000000000000000e+02	2.394925144385281612e+01
5.230000000000000000e+02	2.595403774733837921e+01
5.240000000000000000e+02	2.776951811925263769e+01
5.250000000000000000e+02	2.932976651932447965e+01
5.260000000000000000e+02	3.059004639630289901e+01
5.270000000000000000e+02	3.152189744588159215e+01
5.280000000000000000e+02	3.211109641087249855e+01
5.290000000000000000e+02	3.235595036944533831e+01
5.300000000000000000e+02	3.226461381789798111e+01
5.310000000000000000e+02	3.185312222223374690e+01
5.320000000000000000e+02	3.114323086039263444e+01
5.330000000000000000e+02	3.016063628902760740e+01
5.340000000000000000e+02	2.893509083302907570e+01
5.350000000000000000e+02	2.750114589702890555e+01
5.360000000000000000e+02	2.589920082261733114e+01
5.370000000000000000e+02	2.417707955470566361e+01
5.380000000000000000e+02	2.239110555708933248e+01
5.390000000000000000e+02	2.060623776579113908e+01
5.400000000000000000e+02	1.889533529778486809e+01
5.410000000000000000e+02	1.733740690680695451e+01
5.420000000000000000e+02	1.601134014499073999e+01
5.430000000000000000e+02	1.498872237451544542e+01
5.440000000000000000e+02	1.432654019452373007e+01
5.450000000000000000e+02	1.406049094184744241e+01
5.460000000000000000e+02	1.420196021106796813e+01
5.470000000000000000e+02	1.473825795917964676e+01
5.480000000000000000e+02	1.563385894631200124e+01
5.490000000000000000e+02	1.683383604537790745e+01
5.500000000000000000e+02	1.826697282334034611e+01
5.510000000000000000e+02	1.985031691104595808e+01
5.520000000000000000e+02	2.149874959085975945e+01
5.530000000000000000e+02	2.313252747844336810e+01
5.540000000000000000e+02	2.468277755234356619e+01
5.550000000000000000e+02	2.609714309583135616e+01
5.560000000000000000e+02	2.733905888629599090e+01
5.570000000000000000e+02	2.838266468987761471e+01
5.580000000000000000e+02	2.921048284222844771e+01
5.590000000000000000e+02	2.981137329051647455e+01
5.600000000000000000e+02	3.017833036582138106e+01
5.610000000000000000e+02	3.030924384342642952e+01
5.620000000000000000e+02	3.020786477505673773e+01
5.630000000000000000e+02	2.988314874485378780e+01
5.640000000000000000e+02	2.934870199585556350e+01
5.650000000000000000e+02	2.862180533622947820e+01
5.660000000000000000e+02	2.772188418812930522e+01
5.670000000000000000e+02	2.667042568528325575e+01
5.680000000000000000e+02	2.549129196421707988e+01
5.690000000000000000e+02	2.421111874265262998e+01
5.700000000000000000e+02	2.286031683365521516e+01
5.710000000000000000e+02	2.147407897335417104e+01
5.720000000000000000e+02	2.009151383679129310e+01
5.730000000000000000e+02	1.875474912793849924e+01
5.740000000000000000e+02	1.750759384319725953e+01
5.750000000000000000e+02	1.639359597128612478e+01
5.760000000000000000e+02	1.545350400340798913e+01
5.770000000000000000e+02	1.472296716514257398e+01
5.780000000000000000e+02	1.423018286768871477e+01
5.790000000000000000e+02	1.399378296115991560e+01
5.800000000000000000e+02	1.402133380030317689e+01
5.810000000000000000e+02	1.430886786350851025e+01
5.820000000000000000e+02	1.484142479886083166e+01
5.830000000000000000e+02	1.559415582737826256e+01
5.840000000000000000e+02	1.653410512251771181e+01
5.850000000000000000e+02	1.762247265051355782e+01
5.860000000000000000e+02	1.881693049696914244e+01
5.870000000000000000e+02	2.007384457223690077e+01
5.880000000000000000e+02	2.135078072227111790e+01
5.890000000000000000e+02	2.260837188239964135e+01
5.900000000000000000e+02	2.381159642683416422e+01
5.910000000000000000e+02	2.493051238950948445e+01
5.920000000000000000e+02	2.594042727842037976e+01
5.930000000000000000e+02	2.682180961364930027e+01
5.940000000000000000e+02	2.756004518918208390e+01
5.950000000000000000e+02	2.814498707718299997e+01
5.960000000000000000e+02	2.857044012379467546e+01
5.970000000000000000e+02	2.883367745946472027e+01
5.980000000000000000e+02	2.893509505835489648e+01
5.990000000000000000e+02	2.887765607745845386e+01
6.000000000000000000e+02	2.866648775163871221e+01
6.010000000000000000e+02	2.830862970558885650e+01
6.020000000000000000e+02	2.781286597603920896e+01
6.030000000000000000e+02	2.718955007650954059e+01
6.040000000000000000e+02	2.645041643028750755e+01
6.050000000000000000e+02	2.560880203299491598e+01
6.060000000000000000e+02	2.467974996203593463e+01
6.070000000000000000e+02	2.368006456181967678e+01
6.080000000000000000e+02	2.262833517650221538e+01
6.090000000000000000e+02	2.154496821705812337e+01
6.100000000000000000e+02	2.045208299443590860e+01
6.110000000000000000e+02	1.937304604814192999e+01
6.120000000000000000e+02	1.833204445130692051e+01
6.130000000000000000e+02	1.735354880358680063e+01
6.140000000000000000e+02	1.646164349076266831e+01
6.150000000000000000e+02	1.567929296726180866e+01
6.160000000000000000e+02	1.502754694004321045e+01
6.170000000000000000e+02	1.452452221439724234e+01
6.180000000000000000e+02	1.418447029632693379e+01
6.190000000000000000e+02	1.401698169070102473e+01
6.200000000000000000e+02	1.402639637311000165e+01
6.210000000000000000e+02	1.421148610139654345e+01
6.220000000000000000e+02	1.456557564426389106e+01
6.230000000000000000e+02	1.507706338606104879e+01
6.240000000000000000e+02	1.573005571678915437e+01
6.250000000000000000e+02	1.650517450290914212e+01
6.260000000000000000e+02	1.738048441759607954e+01
6.270000000000000000e+02	1.833241820803372946e+01
6.280000000000000000e+02	1.933637200852417948e+01
6.290000000000000000e+02	2.036762483173970395e+01
6.300000000000000000e+02	2.140227479279541711e+01
6.310000000000000000e+02	2.241792233329140771e+01
6.320000000000000000e+02	2.339418421223179934e+01
6.330000000000000000e+02	2.431304454823460759e+01
6.340000000000000000e+02	2.515925297146545958e+01
6.350000000000000000e+02	2.592042161184796356e+01
6.360000000000000000e+02	2.658666417852460739e+01
6.370000000000000000e+02	2.715040742224588755e+01
6.380000000000000000e+02	2.760618739096754126e+01
6.390000000000000000e+02	2.795043394424770611e+01
6.400000000000000000e+02	2.818124599803222807e+01
6.410000000000000000e+02	2.829815275241238126e+01
6.420000000000000000e+02	2.830203789986398633e+01
6.430000000000000000e+02	2.819503906950801309e+01
6.440000000000000000e+02	2.798044206353812768e+01
6.450000000000000000e+02	2.766260199625445537e+01
6.460000000000000000e+02	2.724688940018381800e+01
6.470000000000000000e+02	2.673966471064353101e+01
6.480000000000000000e+02	2.614827232741430052e+01
6.490000000000000000e+02	2.548102279761069866e+01
6.500000000000000000e+02	2.474718860100129092e+01
6.510000000000000000e+02	2.395699907462439882e+01
6.520000000000000000e+02	2.312162466703313868e+01
6.530000000000000000e+02	2.225314075451862550e+01
6.540000000000000000e+02	2.136441130078877393e+01
6.550000000000000000e+02	2.046899662169643364e+01
6.560000000000000000e+02	1.958111069087723877e+01
6.570000000000000000e+02	1.871544694520581942e+01
6.580000000000000000e+02	1.788695291089879902e+01
6.590000000000000000e+02	1.711055326922200948e+01
6.600000000000000000e+02	1.640082543434123608e+01
6.610000000000000000e+02	1.577165442079069813e+01
6.620000000000000000e+02	1.523579480201895109e+01
6.630000000000000000e+02	1.480441661665751596e+01
6.640000000000000000e+02	1.448671830119702264e+01
6.650000000000000000e+02	1.428958669658339176e+01
6.660000000000000000e+02	1.421732642698014182e+01
6.670000000000000000e+02	1.427147969907638902e+01
6.680000000000000000e+02	1.445076091071618762e+01
6.690000000000000000e+02	1.475111474302638470e+01
6.700000000000000000e+02	1.516586456227688906e+01
6.710000000000000000e+02	1.568595757674037117e+01
6.720000000000000000e+02	1.630029428685147863e+01
6.730000000000000000e+02	1.699612043489730695e+01
6.740000000000000000e+02	1.775945661431362055e+01
6.750000000000000000e+02	1.857552702861155680e+01
6.760000000000000000e+02	1.942916749862853010e+01
6.770000000000000000e+02	2.030524670480537353e+01
6.780000000000000000e+02	2.118902899089734859e+01
6.790000000000000000e+02	2.206647667451469275e+01
6.800000000000000000e+02	2.292448974938442774e+01
6.810000000000000000e+02	2.375108249605286659e+01
6.820000000000000000e+02	2.453550185409304873e+01
6.830000000000000000e+02	2.526829424270790270e+01
6.840000000000000000e+02	2.594130276115998868e+01
6.850000000000000000e+02	2.654764007373847789e+01
6.860000000000000000e+02	2.708164324372849308e+01
6.870000000000000000e+02	2.753881093833420834e+01
6.880000000000000000e+02	2.791573016163803800e+01
6.890000000000000000e+02	2.820999868344116734e+01
6.900000000000000000e+02	2.842016817036738274e+01
6.910000000000000000e+02	2.854569864236852084e+01
6.920000000000000000e+02	2.858685302297028485e+01
6.930000000000000000e+02	2.854462893061441520e+01
6.940000000000000000e+02	2.842070608082021010e+01
6.950000000000000000e+02	2.821740380257138980e+01
6.960000000000000000e+02	2.793764837118013489e+01
6.970000000000000000e+02	2.758494766140708876e+01
6.980000000000000000e+02	2.716334156800312627e+01
6.990000000000000000e+02	2.667740934785543772e+01
7.000000000000000000e+02	2.613231193795427032e+01
7.010000000000000000e+02	2.553379383757177479e+01
7.020000000000000000e+02	2.488818169331999286e+01
7.030000000000000000e+02	2.420237861414160818e+01
7.040000000000000000e+02	2.348385123179131284e+01
7.050000000000000000e+02	2.274060867522708662e+01
7.060000000000000000e+02	2.198120638200263954e+01
7.070000000000000000e+02	2.121465350023225227e+01
7.080000000000000000e+02	2.045027230423092135e+01
7.090000000000000000e+02	1.969760273853408350e+01
7.100000000000000000e+02	1.896629210471900251e+01
7.110000000000000000e+02	1.826596785158587721e+01
7.120000000000000000e+02	1.760609509761719949e+01
7.130000000000000000e+02	1.699582157549818007e+01
7.140000000000000000e+02	1.644382143311899469e+01
7.150000000000000000e+02	1.595818275679411613e+01
7.160000000000000000e+02	1.554626553721994142e+01
7.170000000000000000e+02	1.521452540160704459e+01
7.180000000000000000e+02	1.496834459809602080e+01
7.190000000000000000e+02	1.481187944508265986e+01
7.200000000000000000e+02	1.474793203076883330e+01
7.210000000000000000e+02	1.477785309423256876e+01
7.220000000000000000e+02	1.490144121215633888e+01
7.230000000000000000e+02	1.511686463737036945e+01
7.240000000000000000e+02	1.542077505164148477e+01
7.250000000000000000e+02	1.580842243829447469e+01
7.260000000000000000e+02	1.627379769218079630e+01
7.270000000000000000e+02	1.680980638344657052e+01
7.280000000000000000e+02	1.740846506865307575e+01
7.290000000000000000e+02	1.806111087342059562e+01
7.300000000000000000e+02	1.875862034448078930e+01
7.310000000000000000e+02	1.949165390851034374e+01
7.320000000000000000e+02	2.025078366404975228e+01
7.330000000000000000e+02	2.102661504344717969e+01
7.340000000000000000e+02	2.180993285246349700e+01
7.350000000000000000e+02	2.259182894793136853e+01
7.360000000000000000e+02	2.336380950106881471e+01
7.370000000000000000e+02	2.411788138060342845e+01
7.380000000000000000e+02	2.484661814740802299e+01
7.390000000000000000e+02	2.554321669642139270e+01
7.400000000000000000e+02	2.620158040124319854e+01
7.410000000000000000e+02	2.681634508472277645e+01
7.420000000000000000e+02	2.738287210332887156e+01
7.430000000000000000e+02	2.789723233992889107e+01
7.440000000000000000e+02	2.835618049046235711e+01
7.450000000000000000e+02	2.875712243318642791e+01
7.460000000000000000e+02	2.909807815493476468e+01
7.470000000000000000e+02	2.937764233842918316e+01
7.480000000000000000e+02	2.959492406611992621e+01
7.490000000000000000e+02	2.974945316634539694e+01
7.500000000000000000e+02	2.984117431300784062e+01
7.510000000000000000e+02	2.987042732632015785e+01
7.520000000000000000e+02	2.983792266263822057e+01
7.530000000000000000e+02	2.974472093694180330e+01
7.540000000000000000e+02	2.959221644978135046e+01
7.550000000000000000e+02	2.938212455054630112e+01
7.560000000000000000e+02	2.911647254850991828e+01
7.570000000000000000e+02	2.879760576964044816e+01
7.580000000000000000e+02	2.842822745308068022e+01
7.590000000000000000e+02	2.801137197775231868e+01
7.600000000000000000e+02	2.755038988852227888e+01
7.610000000000000000e+02	2.704894289013446240e+01
7.620000000000000000e+02	2.651099806450591956e+01
7.630000000000000000e+02	2.594082049458809536e+01
7.640000000000000000e+02	2.534296345002466921e+01
7.650000000000000000e+02	2.472225528414566753e+01
7.660000000000000000e+02	2.408377636725348125e+01
7.670000000000000000e+02	2.343278387669795038e+01
7.680000000000000000e+02	2.277471552312055536e+01
7.690000000000000000e+02	2.211519872391893671e+01
7.700000000000000000e+02	2.146001807512694981e+01
7.710000000000000000e+02	2.081507533203516047e+01
7.720000000000000000e+02	2.018634213605458427e+01
7.730000000000000000e+02	1.957980551340235209e+01
7.740000000000000000e+02	1.900140646312727455e+01
7.750000000000000000e+02	1.845697228304358362e+01
7.760000000000000000e+02	1.795215107261890353e+01
7.770000000000000000e+02	1.749233247508415801e+01
7.780000000000000000e+02	1.708252553961470710e+01
7.790000000000000000e+02	1.672727323471211136e+01
7.800000000000000000e+02	1.643057798756999688e+01
7.810000000000000000e+02	1.619583391582230902e+01
7.820000000000000000e+02	1.602576807732630826e+01
7.830000000000000000e+02	1.592239286625677508e+01
7.840000000000000000e+02	1.588697136604008264e+01
7.850000000000000000e+02	1.591999732323542105e+01
7.860000000000000000e+02	1.602121364099825485e+01
7.870000000000000000e+02	1.618964957048557807e+01
7.880000000000000000e+02	1.642361345461361566e+01
7.890000000000000000e+02	1.672071843619882614e+01
7.900000000000000000e+02	1.707792388266189576e+01
7.910000000000000000e+02	1.749158811793747859e+01
7.920000000000000000e+02	1.795753081915373173e+01
7.930000000000000000e+02	1.847110315292205840e+01
7.940000000000000000e+02	1.902726354227274541e+01
7.950000000000000000e+02	1.962065679962600839e+01
7.960000000000000000e+02	2.024568010158099085e+01
7.970000000000000000e+02	2.089655485391246259e+01
7.980000000000000000e+02	2.156744715939371559e+01
7.990000000000000000e+02	2.225255102373979810e+01
8.000000000000000000e+02	2.294615916394149124e+01
8.010000000000000000e+02	2.364272563473427624e+01
8.020000000000000000e+02	2.433691966905387716e+01
8.030000000000000000e+02	2.502367049059019166e+01
8.040000000000000000e+02	2.569820317632382256e+01
8.050000000000000000e+02	2.635606591529354148e+01
8.060000000000000000e+02	2.699314016347824463e+01
8.070000000000000000e+02	2.760560600351647764e+01
8.080000000000000000e+02	2.818996781250729455e+01
8.090000000000000000e+02	2.874307202423827334e+01
8.100000000000000000e+02	2.926210682499558757e+01
8.110000000000000000e+02	2.974459815589598222e+01
8.120000000000000000e+02	3.018840273464984847e+01
8.130000000000000000e+02	3.059169875970178865e+01
8.140000000000000000e+02	3.095297490717155142e+01
8.150000000000000000e+02	3.127101816904006171e+01
8.160000000000000000e+02	3.154490140865736691e+01
8.170000000000000000e+02	3.177399924312552670e+01
8.180000000000000000e+02	3.195798835059251886e+01
8.190000000000000000e+02	3.209678108080015591e+01
8.200000000000000000e+02	3.219050530242057562e+01
8.210000000000000000e+02	3.223949061862508358e+01
8.220000000000000000e+02	3.224425585349067802e+01
8.230000000000000000e+02	3.220549784876794774e+01
8.240000000000000000e+02	3.212408156988705343e+01
8.250000000000000000e+02	3.200103148568157962e+01
8.260000000000000000e+02	3.183752415735512642e+01
8.270000000000000000e+02	3.163488192534162025e+01
8.280000000000000000e+02	3.139456797795279996e+01
8.290000000000000000e+02	3.111818775354851496e+01
8.300000000000000000e+02	3.080748921534818052e+01
8.310000000000000000e+02	3.046435946470757372e+01
8.320000000000000000e+02	3.009082138790414973e+01
8.330000000000000000e+02	2.968903033431702454e+01
8.340000000000000000e+02	2.926127064545445577e+01
8.350000000000000000e+02	2.880995184988115554e+01
8.360000000000000000e+02	2.833760433737452189e+01
8.370000000000000000e+02	2.784687432687454844e+01
8.380000000000000000e+02	2.734051794729890261e+01
8.390000000000000000e+02	2.682139425847201863e+01
8.400000000000000000e+02	2.629245705161601165e+01
8.410000000000000000e+02	2.575674528543741815e+01
8.420000000000000000e+02	2.521737203514173231e+01
8.430000000000000000e+02	2.467751185786726609e+01
8.440000000000000000e+02	2.414038650920980800e+01
8.450000000000000000e+02	2.360924898154960516e+01
8.460000000000000000e+02	2.308736587552854758e+01
8.470000000000000000e+02	2.257799816074212629e+01
8.480000000000000000e+02	2.208438042958862013e+01
8.490000000000000000e+02	2.160969879068716892e+01
8.500000000000000000e+02	2.115706759954171901e+01
8.510000000000000000e+02	2.072950531682712239e+01
8.520000000000000000e+02	2.032990978930925507e+01
8.530000000000000000e+02	1.996103329295745255e+01
8.540000000000000000e+02	1.962545772361594132e+01
8.550000000000000000e+02	1.932557030099140150e+01
8.560000000000000000e+02	1.906353977632851127e+01
8.570000000000000000e+02	1.884129517831161849e+01
8.580000000000000000e+02	1.866050656406595465e+01
8.590000000000000000e+02	1.852256745386165449e+01
8.600000000000000000e+02	1.842857991673408335e+01
8.610000000000000000e+02	1.837934266296482377e+01
8.620000000000000000e+02	1.837534243032586190e+01
8.630000000000000000e+02	1.841674888477729866e+01
8.640000000000000000e+02	1.850341318177263616e+01
8.650000000000000000e+02	1.863487025401348518e+01
8.660000000000000000e+02	1.881034480824633448e+01
8.670000000000000000e+02	1.902876093051365203e+01
8.680000000000000000e+02	1.928875511919806485e+01
8.690000000000000000e+02	1.958869249109442023e+01
8.700000000000000000e+02	1.992668584019267897e+01
8.710000000000000000e+02	2.030061717399568266e+01
8.720000000000000000e+02	2.070816130966221635e+01
8.730000000000000000e+02	2.114681108306728419e+01
8.740000000000000000e+02	2.161390370844075193e+01
8.750000000000000000e+02	2.210664782436933606e+01
8.760000000000000000e+02	2.262215077289171106e+01
8.770000000000000000e+02	2.315744568094314815e+01
8.780000000000000000e+02	2.370951794591330497e+01
8.790000000000000000e+02	2.427533076768263243e+01
8.800000000000000000e+02	2.485184941617781718e+01
8.810000000000000000e+02	2.543606397415270237e+01
8.820000000000000000e+02	2.602501034755711373e+01
8.830000000000000000e+02	2.661578938862438548e+01
8.840000000000000000e+02	2.720558402805590603e+01
8.850000000000000000e+02	2.779167436098895649e+01
8.860000000000000000e+02	2.837145067571925239e+01
8.870000000000000000e+02	2.894242445359090610e+01
8.880000000000000000e+02	2.950223740251971449e+01
8.890000000000000000e+02	3.004866861504278575e+01
8.900000000000000000e+02	3.057963996453013067e+01
8.910000000000000000e+02	3.109321987043541213e+01
8.920000000000000000e+02	3.158762557549783523e+01
8.930000000000000000e+02	3.206122408512220545e+01
8.940000000000000000e+02	3.251253192220907806e+01
8.950000000000000000e+02	3.294021385011023995e+01
8.960000000000000000e+02	3.334308071269106222e+01
8.970000000000000000e+02	3.372008653427003111e+01
8.980000000000000000e+02	3.407032501403456592e+01
8.990000000000000000e+02	3.439302553989182343e+01
9.000000000000000000e+02	3.468754883607400075e+01
9.010000000000000000e+02	3.495338234756697915e+01
9.020000000000000000e+02	3.519013545291942791e+01
9.030000000000000000e+02	3.539753458549935772e+01
9.040000000000000000e+02	3.557541833202755299e+01
9.050000000000000000e+02	3.572373256640935324e+01
9.060000000000000000e+02	3.584252566664595463e+01
9.070000000000000000e+02	3.593194385303353044e+01
9.080000000000000000e+02	3.599222667699594069e+01
9.090000000000000000e+02	3.602370268180922608e+01
9.100000000000000000e+02	3.602678524913023494e+01
9.110000000000000000e+02	3.600196863867572006e+01
9.120000000000000000e+02	3.594982422255696264e+01
9.130000000000000000e+02	3.587099691063733076e+01
9.140000000000000000e+02	3.576620175881475916e+01
9.150000000000000000e+02	3.563622074829137887e+01
9.160000000000000000e+02	3.548189972063715913e+01
9.170000000000000000e+02	3.530414545072999744e+01
9.180000000000000000e+02	3.510392283746622155e+01
9.190000000000000000e+02	3.488225219036184654e+01
9.200000000000000000e+02	3.464020658888121318e+01
9.210000000000000000e+02	3.437890929040160870e+01
9.220000000000000000e+02	3.409953116220607683e+01
9.230000000000000000e+02	3.380328811273240319e+01
9.240000000000000000e+02	3.349143849745094315e+01
9.250000000000000000e+02	3.316528047528352374e+01
9.260000000000000000e+02	3.282614929224719447e+01
9.270000000000000000e+02	3.247541447016484994e+01
9.280000000000000000e+02	3.211447687967668685e+01
9.290000000000000000e+02	3.174476567851723985e+01
9.300000000000000000e+02	3.136773509801910720e+01
9.310000000000000000e+02	3.098486106306846821e+01
9.320000000000000000e+02	3.059763763330914443e+01
9.330000000000000000e+02	3.020757325615928224e+01
9.340000000000000000e+02	2.981618682527837905e+01
9.350000000000000000e+02	2.942500354136723217e+01
9.360000000000000000e+02	2.903555057564911124e+01
9.370000000000000000e+02	2.864935254001102294e+01
9.380000000000000000e+02	2.826792677155252065e+01
9.390000000000000000e+02	2.789277844313124888e+01
9.400000000000000000e+02	2.752539551543198826e+01
9.410000000000000000e+02	2.716724354995381674e+01
9.420000000000000000e+02	2.681976040620069313e+01
9.430000000000000000e+02	2.648435085005646528e+01
9.440000000000000000e+02	2.616238110390894178e+01
9.450000000000000000e+02	2.585517337237905622e+01
9.460000000000000000e+02	2.556400038052122170e+01
9.470000000000000000e+02	2.529007996397053404e+01
9.480000000000000000e+02	2.503456975272113993e+01
9.490000000000000000e+02	2.479856199187512544e+01
9.500000000000000000e+02	2.458307854386170632e+01
9.510000000000000000e+02	2.438906611715150774e+01
9.520000000000000000e+02	2.421739176637449731e+01
9.530000000000000000e+02	2.406883870802086989e+01
9.540000000000000000e+02	2.394410249443648198e+01
9.550000000000000000e+02	2.384378758671070386e+01
9.560000000000000000e+02	2.376840436428918935e+01
9.570000000000000000e+02	2.371836660569749000e+01
9.580000000000000000e+02	2.369398947075237061e+01
9.590000000000000000e+02	2.369548801007604766e+01
9.600000000000000000e+02	2.372297622267230111e+01
9.610000000000000000e+02	2.377646667690088478e+01
9.620000000000000000e+02	2.385587070442198865e+01
9.630000000000000000e+02	2.396099917073393470e+01
9.640000000000000000e+02	2.409156381984792716e+01
9.650000000000000000e+02	2.424717918457751153e+01
9.660000000000000000e+02	2.442736504793537478e+01
9.670000000000000000e+02	2.463154943536819275e+01
9.680000000000000000e+02	2.485907211209298850e+01
9.690000000000000000e+02	2.510918855472460365e+01
9.700000000000000000e+02	2.538107436179369358e+01
9.710000000000000000e+02	2.567383006370136300e+01
9.720000000000000000e+02	2.598648628922529014e+01
9.730000000000000000e+02	2.631800924288918964e+01
9.740000000000000000e+02	2.666730644540402295e+01
9.750000000000000000e+02	2.703323268796108891e+01
9.760000000000000000e+02	2.741459615043525133e+01
9.770000000000000000e+02	2.781016463350309564e+01
9.780000000000000000e+02	2.821867185528514099e+01
9.790000000000000000e+02	2.863882376433129906e+01
9.800000000000000000e+02	2.906930482254735892e+01
9.810000000000000000e+02	2.950878421393806050e+01
9.820000000000000000e+02	2.995592193776642276e+01
9.830000000000000000e+02	3.040937474781839711e+01
9.840000000000000000e+02	3.086780190285781700e+01
9.850000000000000000e+02	3.132987069697481530e+01
9.860000000000000000e+02	3.179426174231255331e+01
9.870000000000000000e+02	3.225967398051784585e+01
9.880000000000000000e+02	3.272482940315113353e+01
9.890000000000000000e+02	3.318847746513977626e+01
9.900000000000000000e+02	3.364939917911449641e+01
9.910000000000000000e+02	3.410641088208440408e+01
9.920000000000000000e+02	3.455836766934223903e+01
9.930000000000000000e+02	3.500416649370218636e+01
9.940000000000000000e+02	3.544274893115244396e+01
9.950000000000000000e+02	3.587310361671315206e+01
9.960000000000000000e+02	3.629426835671976193e+01
9.970000000000000000e+02	3.670533192590399096e+01
9.980000000000000000e+02	3.710543555950391692e+01
9.990000000000000000e+02	3.749377415221228915e+01
1.000000000000000000e+03	3.786959717707518536e+01
