# Fresnel Simulation Metadata
# ---------------------------
# Layer 0: Air (Espesor Infinito)
# Layer 1: AlN Film | Input: 100.00 nm | Optimized: 78.50 nm
# Layer 2: SiC | Input: 1550.00 nm | Optimized: 1464.88 nm
# Layer 3: Si (Espesor Infinito)
# 
# Wavelength(nm)	Response
3.900000000000000000e+02	5.863730584327710460e+01
3.910000000000000000e+02	5.916729140650495111e+01
3.920000000000000000e+02	5.771698590088718817e+01
3.930000000000000000e+02	5.426287114175040927e+01
3.940000000000000000e+02	4.872429755935641538e+01
3.950000000000000000e+02	4.113007181284734060e+01
3.960000000000000000e+02	3.194270284175228625e+01
3.970000000000000000e+02	2.251355691234465084e+01
3.980000000000000000e+02	1.523954463171973117e+01
3.990000000000000000e+02	1.265384972536385177e+01
4.000000000000000000e+02	1.564390790048758006e+01
4.010000000000000000e+02	2.272179872271326673e+01
4.020000000000000000e+02	3.132206150316265081e+01
4.030000000000000000e+02	3.942336503376832724e+01
4.040000000000000000e+02	4.602262771971865618e+01
4.050000000000000000e+02	5.082380416548993196e+01
4.060000000000000000e+02	5.385381681568684087e+01
4.070000000000000000e+02	5.523635012597764415e+01
4.080000000000000000e+02	5.507464186461285749e+01
4.090000000000000000e+02	5.340942891294581329e+01
4.100000000000000000e+02	5.022870784505554553e+01
4.110000000000000000e+02	4.552120463108349924e+01
4.120000000000000000e+02	3.937080360313118632e+01
4.130000000000000000e+02	3.210845631176206894e+01
4.140000000000000000e+02	2.449757449606215687e+01
4.150000000000000000e+02	1.781805832287220426e+01
4.160000000000000000e+02	1.361289828662664014e+01
4.170000000000000000e+02	1.300653832644861296e+01
4.180000000000000000e+02	1.603665260627146338e+01
4.190000000000000000e+02	2.166042139712703118e+01
4.200000000000000000e+02	2.841071665542235536e+01
4.210000000000000000e+02	3.505027737218780004e+01
4.220000000000000000e+02	4.082476025975445566e+01
4.230000000000000000e+02	4.539260483800573098e+01
4.240000000000000000e+02	4.865966308879048086e+01
4.250000000000000000e+02	5.064612884453823227e+01
4.260000000000000000e+02	5.140735672195169315e+01
4.270000000000000000e+02	5.099206511221987626e+01
4.280000000000000000e+02	4.942573211638752895e+01
4.290000000000000000e+02	4.671650540858171041e+01
4.300000000000000000e+02	4.288309120276580444e+01
4.310000000000000000e+02	3.800507134703394740e+01
4.320000000000000000e+02	3.229905328720687407e+01
4.330000000000000000e+02	2.619912112622528610e+01
4.340000000000000000e+02	2.039447633720217823e+01
4.350000000000000000e+02	1.575617825662681248e+01
4.360000000000000000e+02	1.312924039671924348e+01
4.370000000000000000e+02	1.303163368602338323e+01
4.380000000000000000e+02	1.541271482532423320e+01
4.390000000000000000e+02	1.966216330202819051e+01
4.400000000000000000e+02	2.489798631644535831e+01
4.410000000000000000e+02	3.030477728961097839e+01
4.420000000000000000e+02	3.531238352641918254e+01
4.430000000000000000e+02	3.958846619862557503e+01
4.440000000000000000e+02	4.296719318148745259e+01
4.450000000000000000e+02	4.537987155988453480e+01
4.460000000000000000e+02	4.681917432060898676e+01
4.470000000000000000e+02	4.730779119556160595e+01
4.480000000000000000e+02	4.687536739996955504e+01
4.490000000000000000e+02	4.553878591270775189e+01
4.500000000000000000e+02	4.330561376411945673e+01
4.510000000000000000e+02	4.020216683441677219e+01
4.520000000000000000e+02	3.630676344625069873e+01
4.530000000000000000e+02	3.178127616216488960e+01
4.540000000000000000e+02	2.689316998677776027e+01
4.550000000000000000e+02	2.203115185613184934e+01
4.560000000000000000e+02	1.770271524507044347e+01
4.570000000000000000e+02	1.446778896710422302e+01
4.580000000000000000e+02	1.280450398468911288e+01
4.590000000000000000e+02	1.294977769509795706e+01
4.600000000000000000e+02	1.481539979673640772e+01
4.610000000000000000e+02	1.802808694922615373e+01
4.620000000000000000e+02	2.206373753171949659e+01
4.630000000000000000e+02	2.639665830216462439e+01
4.640000000000000000e+02	3.060332540044986871e+01
4.650000000000000000e+02	3.439557472705962482e+01
4.660000000000000000e+02	3.759846642353498680e+01
4.670000000000000000e+02	4.011526516050580682e+01
4.680000000000000000e+02	4.189211163038783070e+01
4.690000000000000000e+02	4.291035135271286549e+01
4.700000000000000000e+02	4.317639728716892478e+01
4.710000000000000000e+02	4.271225420174866372e+01
4.720000000000000000e+02	4.153978351824795823e+01
4.730000000000000000e+02	3.967453838255730147e+01
4.740000000000000000e+02	3.713610141464133108e+01
4.750000000000000000e+02	3.398364804240248560e+01
4.760000000000000000e+02	3.034112549661485048e+01
4.770000000000000000e+02	2.640767748497250267e+01
4.780000000000000000e+02	2.245005857529045556e+01
4.790000000000000000e+02	1.876740660357487656e+01
4.800000000000000000e+02	1.568562272058798612e+01
4.810000000000000000e+02	1.352162782559062748e+01
4.820000000000000000e+02	1.252795768152070899e+01
4.830000000000000000e+02	1.281546320718131682e+01
4.840000000000000000e+02	1.430716937554303314e+01
4.850000000000000000e+02	1.676424556062205085e+01
4.860000000000000000e+02	1.986296766068242192e+01
4.870000000000000000e+02	2.327228292051834657e+01
4.880000000000000000e+02	2.670247023431223710e+01
4.890000000000000000e+02	2.992808514881402715e+01
4.900000000000000000e+02	3.278905374718699761e+01
4.910000000000000000e+02	3.518238030488927848e+01
4.920000000000000000e+02	3.704851372747422289e+01
4.930000000000000000e+02	3.835739197579458448e+01
4.940000000000000000e+02	3.909761916226923262e+01
4.950000000000000000e+02	3.927037820807967705e+01
4.960000000000000000e+02	3.888552798566057334e+01
4.970000000000000000e+02	3.795982965305196188e+01
4.980000000000000000e+02	3.651572835397401917e+01
4.990000000000000000e+02	3.458403271632008114e+01
5.000000000000000000e+02	3.220979896862607461e+01
5.010000000000000000e+02	2.946183412896789378e+01
5.020000000000000000e+02	2.644606834832450204e+01
5.030000000000000000e+02	2.330798688310796152e+01
5.040000000000000000e+02	2.022952191607229366e+01
5.050000000000000000e+02	1.741503486630194431e+01
5.060000000000000000e+02	1.506542425835043275e+01
5.070000000000000000e+02	1.336206297598551984e+01
5.080000000000000000e+02	1.244373593038984183e+01
5.090000000000000000e+02	1.238403461520651128e+01
5.100000000000000000e+02	1.317269278972427138e+01
5.110000000000000000e+02	1.470939815224983782e+01
5.120000000000000000e+02	1.682488329366118762e+01
5.130000000000000000e+02	1.931560015782222095e+01
5.140000000000000000e+02	2.198391763427088819e+01
5.150000000000000000e+02	2.466002917222956370e+01
5.160000000000000000e+02	2.720740991907474537e+01
5.170000000000000000e+02	2.952295062749149324e+01
5.180000000000000000e+02	3.153075754610643244e+01
5.190000000000000000e+02	3.317738350767758249e+01
5.200000000000000000e+02	3.442997650644585406e+01
5.210000000000000000e+02	3.527147016084929732e+01
5.220000000000000000e+02	3.569662708686804820e+01
5.230000000000000000e+02	3.570834547507348589e+01
5.240000000000000000e+02	3.531412782235051395e+01
5.250000000000000000e+02	3.452546095703746687e+01
5.260000000000000000e+02	3.335868915640752164e+01
5.270000000000000000e+02	3.183846313579467591e+01
5.280000000000000000e+02	3.000182860150481545e+01
5.290000000000000000e+02	2.790056617654492044e+01
5.300000000000000000e+02	2.560329446421139465e+01
5.310000000000000000e+02	2.319538878497545653e+01
5.320000000000000000e+02	2.077549285917719502e+01
5.330000000000000000e+02	1.845399078105152668e+01
5.340000000000000000e+02	1.634786929240850384e+01
5.350000000000000000e+02	1.457228626886363898e+01
5.360000000000000000e+02	1.323034773159386290e+01
5.370000000000000000e+02	1.240160050978997575e+01
5.380000000000000000e+02	1.213169228009458678e+01
5.390000000000000000e+02	1.242638013209337089e+01
5.400000000000000000e+02	1.325099277794475228e+01
5.410000000000000000e+02	1.453442535325714147e+01
5.420000000000000000e+02	1.617893047062332457e+01
5.430000000000000000e+02	1.807317555744262805e+01
5.440000000000000000e+02	2.010460105856706292e+01
5.450000000000000000e+02	2.217043732956948787e+01
5.460000000000000000e+02	2.418518134801012920e+01
5.470000000000000000e+02	2.607961872323234331e+01
5.480000000000000000e+02	2.779952658403048105e+01
5.490000000000000000e+02	2.930362220223792136e+01
5.500000000000000000e+02	3.055954055442037287e+01
5.510000000000000000e+02	3.154296926186118455e+01
5.520000000000000000e+02	3.223945032777898234e+01
5.530000000000000000e+02	3.264313016241223409e+01
5.540000000000000000e+02	3.275556949130695727e+01
5.550000000000000000e+02	3.258439490085834223e+01
5.560000000000000000e+02	3.213995221794912993e+01
5.570000000000000000e+02	3.143380591154101111e+01
5.580000000000000000e+02	3.047907727211932638e+01
5.590000000000000000e+02	2.929136607932512959e+01
5.600000000000000000e+02	2.789234870643100805e+01
5.610000000000000000e+02	2.631295266130461741e+01
5.620000000000000000e+02	2.459293661373174089e+01
5.630000000000000000e+02	2.278088062883772125e+01
5.640000000000000000e+02	2.093339829995171186e+01
5.650000000000000000e+02	1.911153290939674321e+01
5.660000000000000000e+02	1.737756820452817763e+01
5.670000000000000000e+02	1.579459372110553161e+01
5.680000000000000000e+02	1.442357216534301401e+01
5.690000000000000000e+02	1.331976540934598496e+01
5.700000000000000000e+02	1.252942860167719985e+01
5.710000000000000000e+02	1.208567420398227910e+01
5.720000000000000000e+02	1.200397930217063447e+01
5.730000000000000000e+02	1.228062520104542443e+01
5.740000000000000000e+02	1.289328359038666427e+01
5.750000000000000000e+02	1.380355074684883476e+01
5.760000000000000000e+02	1.496120404795291314e+01
5.770000000000000000e+02	1.630903663516110313e+01
5.780000000000000000e+02	1.778737290524150083e+01
5.790000000000000000e+02	1.933793650582307322e+01
5.800000000000000000e+02	2.090679779700396068e+01
5.810000000000000000e+02	2.244654439993060535e+01
5.820000000000000000e+02	2.391693544310609099e+01
5.830000000000000000e+02	2.528466746282915523e+01
5.840000000000000000e+02	2.652295961224883314e+01
5.850000000000000000e+02	2.761087410447059298e+01
5.860000000000000000e+02	2.853248072782315958e+01
5.870000000000000000e+02	2.927617638351480878e+01
5.880000000000000000e+02	2.983423331707511750e+01
5.890000000000000000e+02	3.020220498763301364e+01
5.900000000000000000e+02	3.037842514500269075e+01
5.910000000000000000e+02	3.036363233463162814e+01
5.920000000000000000e+02	3.016061356987859554e+01
5.930000000000000000e+02	2.977416628523696929e+01
5.940000000000000000e+02	2.921125114178775917e+01
5.950000000000000000e+02	2.848113382567581908e+01
5.960000000000000000e+02	2.759559726179435302e+01
5.970000000000000000e+02	2.656921414548976657e+01
5.980000000000000000e+02	2.541964734338990084e+01
5.990000000000000000e+02	2.416772544716737769e+01
6.000000000000000000e+02	2.283751523474280276e+01
6.010000000000000000e+02	2.145629548377402784e+01
6.020000000000000000e+02	2.005433091474021268e+01
6.030000000000000000e+02	1.866433675880423237e+01
6.040000000000000000e+02	1.732067308337086331e+01
6.050000000000000000e+02	1.605855799412977092e+01
6.060000000000000000e+02	1.491281505679650010e+01
6.070000000000000000e+02	1.391635434283011996e+01
6.080000000000000000e+02	1.309853654583250737e+01
6.090000000000000000e+02	1.248354589968212736e+01
6.100000000000000000e+02	1.208888984625885676e+01
6.110000000000000000e+02	1.192434772283022504e+01
6.120000000000000000e+02	1.199148506661162905e+01
6.130000000000000000e+02	1.228373054769738637e+01
6.140000000000000000e+02	1.278699724307805496e+01
6.150000000000000000e+02	1.348074490334222375e+01
6.160000000000000000e+02	1.433925639856440881e+01
6.170000000000000000e+02	1.533312172949548291e+01
6.180000000000000000e+02	1.643083682142341573e+01
6.190000000000000000e+02	1.760030918835184721e+01
6.200000000000000000e+02	1.881016051295739899e+01
6.210000000000000000e+02	2.003091397675610708e+01
6.220000000000000000e+02	2.123609495829770566e+01
6.230000000000000000e+02	2.240235681414592506e+01
6.240000000000000000e+02	2.350953017135394418e+01
6.250000000000000000e+02	2.454056303944086537e+01
6.260000000000000000e+02	2.548133600933824283e+01
6.270000000000000000e+02	2.632033275797521554e+01
6.280000000000000000e+02	2.704793656570538118e+01
6.290000000000000000e+02	2.765650968920251529e+01
6.300000000000000000e+02	2.814041111333184020e+01
6.310000000000000000e+02	2.849579573734474280e+01
6.320000000000000000e+02	2.872043994209674267e+01
6.330000000000000000e+02	2.881360606952091885e+01
6.340000000000000000e+02	2.877606760694817112e+01
6.350000000000000000e+02	2.860997715166204003e+01
6.360000000000000000e+02	2.831858527611711907e+01
6.370000000000000000e+02	2.790622061800636189e+01
6.380000000000000000e+02	2.737832073216607753e+01
6.390000000000000000e+02	2.674149215268105451e+01
6.400000000000000000e+02	2.600359406510710869e+01
6.410000000000000000e+02	2.517386427869926280e+01
6.420000000000000000e+02	2.426304734367975513e+01
6.430000000000000000e+02	2.328346877698917083e+01
6.440000000000000000e+02	2.224907075213200258e+01
6.450000000000000000e+02	2.117539681800260354e+01
6.460000000000000000e+02	2.007950870113591790e+01
6.470000000000000000e+02	1.897982671231586593e+01
6.480000000000000000e+02	1.789587210026590469e+01
6.490000000000000000e+02	1.684788084783757611e+01
6.500000000000000000e+02	1.585633028147159607e+01
6.510000000000000000e+02	1.494137781677468269e+01
6.520000000000000000e+02	1.412223137633595016e+01
6.530000000000000000e+02	1.341648360508946425e+01
6.540000000000000000e+02	1.283944081477696031e+01
6.550000000000000000e+02	1.240355993629273712e+01
6.560000000000000000e+02	1.211798603474652580e+01
6.570000000000000000e+02	1.198816800361163537e+01
6.580000000000000000e+02	1.201564334074299545e+01
6.590000000000000000e+02	1.219800694860187029e+01
6.600000000000000000e+02	1.252906352145244995e+01
6.610000000000000000e+02	1.299910825374372436e+01
6.620000000000000000e+02	1.359537699619635376e+01
6.630000000000000000e+02	1.430267015300501754e+01
6.640000000000000000e+02	1.510401227116482659e+01
6.650000000000000000e+02	1.598131998121401054e+01
6.660000000000000000e+02	1.691603771222191455e+01
6.670000000000000000e+02	1.788970882457210365e+01
6.680000000000000000e+02	1.888448391862230125e+01
6.690000000000000000e+02	1.988350846550137163e+01
6.700000000000000000e+02	2.087116430019059266e+01
6.710000000000000000e+02	2.183324585772456317e+01
6.720000000000000000e+02	2.275705625110567709e+01
6.730000000000000000e+02	2.363143475515484226e+01
6.740000000000000000e+02	2.444673047281656153e+01
6.750000000000000000e+02	2.519472069066691233e+01
6.760000000000000000e+02	2.586850459308237049e+01
6.770000000000000000e+02	2.646243708757906177e+01
6.780000000000000000e+02	2.697202662328853506e+01
6.790000000000000000e+02	2.739382882785791296e+01
6.800000000000000000e+02	2.772534689328598745e+01
6.810000000000000000e+02	2.796494275155624720e+01
6.820000000000000000e+02	2.811175809661274982e+01
6.830000000000000000e+02	2.816562523851718680e+01
6.840000000000000000e+02	2.812702384730577165e+01
6.850000000000000000e+02	2.799706346542009072e+01
6.860000000000000000e+02	2.777747329753081118e+01
6.870000000000000000e+02	2.747060635444617560e+01
6.880000000000000000e+02	2.707945635246561267e+01
6.890000000000000000e+02	2.660768537285353474e+01
6.900000000000000000e+02	2.605968138189786742e+01
6.910000000000000000e+02	2.544062035898809881e+01
6.920000000000000000e+02	2.475645624670184475e+01
6.930000000000000000e+02	2.401394754093801964e+01
6.940000000000000000e+02	2.322068342645822270e+01
6.950000000000000000e+02	2.238509731289970262e+01
6.960000000000000000e+02	2.151646237652837357e+01
6.970000000000000000e+02	2.062486320467366596e+01
6.980000000000000000e+02	1.972113504523371574e+01
6.990000000000000000e+02	1.881679640147482502e+01
7.000000000000000000e+02	1.792393888603622898e+01
7.010000000000000000e+02	1.705505668502672023e+01
7.020000000000000000e+02	1.622283400479136262e+01
7.030000000000000000e+02	1.543989424654104070e+01
7.040000000000000000e+02	1.471851726094723212e+01
7.050000000000000000e+02	1.407033373162139256e+01
7.060000000000000000e+02	1.350598826871968150e+01
7.070000000000000000e+02	1.303480016185364398e+01
7.080000000000000000e+02	1.266449480875360756e+01
7.090000000000000000e+02	1.240098324609283864e+01
7.100000000000000000e+02	1.224819892767344598e+01
7.110000000000000000e+02	1.220800207570579943e+01
7.120000000000000000e+02	1.228015728022054276e+01
7.130000000000000000e+02	1.246238656573945391e+01
7.140000000000000000e+02	1.275054599686889567e+01
7.150000000000000000e+02	1.313881440854705751e+01
7.160000000000000000e+02	1.361982263094578904e+01
7.170000000000000000e+02	1.418487887976855077e+01
7.180000000000000000e+02	1.482422551278233414e+01
7.190000000000000000e+02	1.552730897877591154e+01
7.200000000000000000e+02	1.628305012136560137e+01
7.210000000000000000e+02	1.708010333329864139e+01
7.220000000000000000e+02	1.790708481082723225e+01
7.230000000000000000e+02	1.875281533735874007e+01
7.240000000000000000e+02	1.960657897001621564e+01
7.250000000000000000e+02	2.045828238754577555e+01
7.260000000000000000e+02	2.129856608903178383e+01
7.270000000000000000e+02	2.211887761450245904e+01
7.280000000000000000e+02	2.291151116239750962e+01
7.290000000000000000e+02	2.366961873658349091e+01
7.300000000000000000e+02	2.438719041215269101e+01
7.310000000000000000e+02	2.505893328459328018e+01
7.320000000000000000e+02	2.568020880893590885e+01
7.330000000000000000e+02	2.624702086348573360e+01
7.340000000000000000e+02	2.675597146807911031e+01
7.350000000000000000e+02	2.720421581957627311e+01
7.360000000000000000e+02	2.758941911327324448e+01
7.370000000000000000e+02	2.790971668800086292e+01
7.380000000000000000e+02	2.816367866298975287e+01
7.390000000000000000e+02	2.835031847266130001e+01
7.400000000000000000e+02	2.846919924942710267e+01
7.410000000000000000e+02	2.852032124455420714e+01
7.420000000000000000e+02	2.850406460262791342e+01
7.430000000000000000e+02	2.842117213112490148e+01
7.440000000000000000e+02	2.827273755170297775e+01
7.450000000000000000e+02	2.806019886870450009e+01
7.460000000000000000e+02	2.778533634116037021e+01
7.470000000000000000e+02	2.745027438269938358e+01
7.480000000000000000e+02	2.705744837015134863e+01
7.490000000000000000e+02	2.660953159089250164e+01
7.500000000000000000e+02	2.610953442852098760e+01
7.510000000000000000e+02	2.556084318626277962e+01
7.520000000000000000e+02	2.496723886237214884e+01
7.530000000000000000e+02	2.433291446025134519e+01
7.540000000000000000e+02	2.366248930718411003e+01
7.550000000000000000e+02	2.296101872451702874e+01
7.560000000000000000e+02	2.223399728898940353e+01
7.570000000000000000e+02	2.148737267843693388e+01
7.580000000000000000e+02	2.072758645147968792e+01
7.590000000000000000e+02	1.996148541930392639e+01
7.600000000000000000e+02	1.919625325518926928e+01
7.610000000000000000e+02	1.843934577153023469e+01
7.620000000000000000e+02	1.769841101834417429e+01
7.630000000000000000e+02	1.698119456346119804e+01
7.640000000000000000e+02	1.629543110191869459e+01
7.650000000000000000e+02	1.564872439656656056e+01
7.660000000000000000e+02	1.504841474497381171e+01
7.670000000000000000e+02	1.450141871319821973e+01
7.680000000000000000e+02	1.401413572675445884e+01
7.690000000000000000e+02	1.359235014268782749e+01
7.700000000000000000e+02	1.324111207147093339e+01
7.710000000000000000e+02	1.296462937629530998e+01
7.720000000000000000e+02	1.276617574375418762e+01
7.730000000000000000e+02	1.264801887711433537e+01
7.740000000000000000e+02	1.261137207022759021e+01
7.750000000000000000e+02	1.265637138327589639e+01
7.760000000000000000e+02	1.278206536731322984e+01
7.770000000000000000e+02	1.298640738910000358e+01
7.780000000000000000e+02	1.326633689962638130e+01
7.790000000000000000e+02	1.361787600746384364e+01
7.800000000000000000e+02	1.403623939343539284e+01
7.810000000000000000e+02	1.451595826602864214e+01
7.820000000000000000e+02	1.505101303956300463e+01
7.830000000000000000e+02	1.563496946667068954e+01
7.840000000000000000e+02	1.626111330885215267e+01
7.850000000000000000e+02	1.692257951780718273e+01
7.860000000000000000e+02	1.761249217734219030e+01
7.870000000000000000e+02	1.832407318270304231e+01
7.880000000000000000e+02	1.905068701307056500e+01
7.890000000000000000e+02	1.978590938775287000e+01
7.900000000000000000e+02	2.052358691521183687e+01
7.910000000000000000e+02	2.125788395246900109e+01
7.920000000000000000e+02	2.198331734229662260e+01
7.930000000000000000e+02	2.269478001431860648e+01
7.940000000000000000e+02	2.338755465415213308e+01
7.950000000000000000e+02	2.405731881763505342e+01
7.960000000000000000e+02	2.470015498015383315e+01
7.970000000000000000e+02	2.531257252325177376e+01
7.980000000000000000e+02	2.589148813832012053e+01
7.990000000000000000e+02	2.643420538012836118e+01
8.000000000000000000e+02	2.693839353201197184e+01
8.010000000000000000e+02	2.740206470402668515e+01
8.020000000000000000e+02	2.782355011910443210e+01
8.030000000000000000e+02	2.820147638022730163e+01
8.040000000000000000e+02	2.853474235943942361e+01
8.050000000000000000e+02	2.882249721101129936e+01
8.060000000000000000e+02	2.906410435386743529e+01
8.070000000000000000e+02	2.925905312797939217e+01
8.080000000000000000e+02	2.940699710017660706e+01
8.090000000000000000e+02	2.950777112797318225e+01
8.100000000000000000e+02	2.956138293536410089e+01
8.110000000000000000e+02	2.956800668614762273e+01
8.120000000000000000e+02	2.952797854099408781e+01
8.130000000000000000e+02	2.944179412738415280e+01
8.140000000000000000e+02	2.931010781834972434e+01
8.150000000000000000e+02	2.913373368434667654e+01
8.160000000000000000e+02	2.891364817892708672e+01
8.170000000000000000e+02	2.865100917881537868e+01
8.180000000000000000e+02	2.834716004039335502e+01
8.190000000000000000e+02	2.800359958727032605e+01
8.200000000000000000e+02	2.762198411437264411e+01
8.210000000000000000e+02	2.720413323119692350e+01
8.220000000000000000e+02	2.675203603284399279e+01
8.230000000000000000e+02	2.626785726958895140e+01
8.240000000000000000e+02	2.575394316039616882e+01
8.250000000000000000e+02	2.521282647113584119e+01
8.260000000000000000e+02	2.464723045570619675e+01
8.270000000000000000e+02	2.406007148317227973e+01
8.280000000000000000e+02	2.345446965655276017e+01
8.290000000000000000e+02	2.283375421811241424e+01
8.300000000000000000e+02	2.220144829201082359e+01
8.310000000000000000e+02	2.156125802142531001e+01
8.320000000000000000e+02	2.091705844200062359e+01
8.330000000000000000e+02	2.027287503518492784e+01
8.340000000000000000e+02	1.963286074143349325e+01
8.350000000000000000e+02	1.900126832506544616e+01
8.360000000000000000e+02	1.838241811587949570e+01
8.370000000000000000e+02	1.778066130502469377e+01
8.380000000000000000e+02	1.720033913995965591e+01
8.390000000000000000e+02	1.664573853982703255e+01
8.400000000000000000e+02	1.612104483071648531e+01
8.410000000000000000e+02	1.563029247133936295e+01
8.420000000000000000e+02	1.517731479378915083e+01
8.430000000000000000e+02	1.476569391127278763e+01
8.440000000000000000e+02	1.439871203525750154e+01
8.450000000000000000e+02	1.407930548992561981e+01
8.460000000000000000e+02	1.381002270566881407e+01
8.470000000000000000e+02	1.359298741189205728e+01
8.480000000000000000e+02	1.342986813074151442e+01
8.490000000000000000e+02	1.332185487038629290e+01
8.500000000000000000e+02	1.326964380251385833e+01
8.510000000000000000e+02	1.327343041100135856e+01
8.520000000000000000e+02	1.333291122141594798e+01
8.530000000000000000e+02	1.344729404875649159e+01
8.540000000000000000e+02	1.361531639652630332e+01
8.550000000000000000e+02	1.383527141667573090e+01
8.560000000000000000e+02	1.410504110348351858e+01
8.570000000000000000e+02	1.442213486760515195e+01
8.580000000000000000e+02	1.478373200305282964e+01
8.590000000000000000e+02	1.518672756592499695e+01
8.600000000000000000e+02	1.562778024919349207e+01
8.610000000000000000e+02	1.610336102996470942e+01
8.620000000000000000e+02	1.660980144664326019e+01
8.630000000000000000e+02	1.714334047442826048e+01
8.640000000000000000e+02	1.770016910599883886e+01
8.650000000000000000e+02	1.827647190054737081e+01
8.660000000000000000e+02	1.886846492923353225e+01
8.670000000000000000e+02	1.947242971018042468e+01
8.680000000000000000e+02	2.008474288412645237e+01
8.690000000000000000e+02	2.070190152705286124e+01
8.700000000000000000e+02	2.132054412438473534e+01
8.710000000000000000e+02	2.193746734014424504e+01
8.720000000000000000e+02	2.254963880254943476e+01
8.730000000000000000e+02	2.315420619502080157e+01
8.740000000000000000e+02	2.374850298943042048e+01
8.750000000000000000e+02	2.433005118837401426e+01
8.760000000000000000e+02	2.489656145749395932e+01
8.770000000000000000e+02	2.544593102984614674e+01
8.780000000000000000e+02	2.597623975450650846e+01
8.790000000000000000e+02	2.648574464348071444e+01
8.800000000000000000e+02	2.697287324678475073e+01
8.810000000000000000e+02	2.743621615730333474e+01
8.820000000000000000e+02	2.787451891645024205e+01
8.830000000000000000e+02	2.828667356017524526e+01
8.840000000000000000e+02	2.867171001363738370e+01
8.850000000000000000e+02	2.902878751275529368e+01
8.860000000000000000e+02	2.935718620249593869e+01
8.870000000000000000e+02	2.965629903558500402e+01
8.880000000000000000e+02	2.992562407155838144e+01
8.890000000000000000e+02	3.016475725483006443e+01
8.900000000000000000e+02	3.037338573170751488e+01
8.910000000000000000e+02	3.055128174995641643e+01
8.920000000000000000e+02	3.069829717042533090e+01
8.930000000000000000e+02	3.081435860821162720e+01
8.940000000000000000e+02	3.089946321063489876e+01
8.950000000000000000e+02	3.095367507066397650e+01
8.960000000000000000e+02	3.097712226717196771e+01
8.970000000000000000e+02	3.096999451723662489e+01
8.980000000000000000e+02	3.093254142044366972e+01
8.990000000000000000e+02	3.086507127057429400e+01
9.000000000000000000e+02	3.076795040598034703e+01
9.010000000000000000e+02	3.064160306619561425e+01
9.020000000000000000e+02	3.048651171875221877e+01
9.030000000000000000e+02	3.030321781663434777e+01
9.040000000000000000e+02	3.009232294320407419e+01
9.050000000000000000e+02	2.985449029768503593e+01
9.060000000000000000e+02	2.959044647033682196e+01
9.070000000000000000e+02	2.930098345225247769e+01
9.080000000000000000e+02	2.898696082025896814e+01
9.090000000000000000e+02	2.864930803271197135e+01
9.100000000000000000e+02	2.828902676710213981e+01
9.110000000000000000e+02	2.790719322540449099e+01
9.120000000000000000e+02	2.750496032811902936e+01
9.130000000000000000e+02	2.708355971311751986e+01
9.140000000000000000e+02	2.664430345089134988e+01
9.150000000000000000e+02	2.618858538381885737e+01
9.160000000000000000e+02	2.571788199385584051e+01
9.170000000000000000e+02	2.523375270089116640e+01
9.180000000000000000e+02	2.473783949315905772e+01
9.190000000000000000e+02	2.423186579190371504e+01
9.200000000000000000e+02	2.371763445521450819e+01
9.210000000000000000e+02	2.319702483093069034e+01
9.220000000000000000e+02	2.267198877599553697e+01
9.230000000000000000e+02	2.214454556989264589e+01
9.240000000000000000e+02	2.161677566296425468e+01
9.250000000000000000e+02	2.109081321662879560e+01
9.260000000000000000e+02	2.056883741176566360e+01
9.270000000000000000e+02	2.005306252371196507e+01
9.280000000000000000e+02	1.954572678718783152e+01
9.290000000000000000e+02	1.904908010162283460e+01
9.300000000000000000e+02	1.856537065629662209e+01
9.310000000000000000e+02	1.809683058470153583e+01
9.320000000000000000e+02	1.764566078780856628e+01
9.330000000000000000e+02	1.721401509548095277e+01
9.340000000000000000e+02	1.680398396313627885e+01
9.350000000000000000e+02	1.641757792578592401e+01
9.360000000000000000e+02	1.605671105271024501e+01
9.370000000000000000e+02	1.572318466219912736e+01
9.380000000000000000e+02	1.541867156605495914e+01
9.390000000000000000e+02	1.514470111714474143e+01
9.400000000000000000e+02	1.490264532962849486e+01
9.410000000000000000e+02	1.469370633026150053e+01
9.420000000000000000e+02	1.451890538038906442e+01
9.430000000000000000e+02	1.437907368218655257e+01
9.440000000000000000e+02	1.427484514999914822e+01
9.450000000000000000e+02	1.420665128920106213e+01
9.460000000000000000e+02	1.417471828202097228e+01
9.470000000000000000e+02	1.417906633366142621e+01
9.480000000000000000e+02	1.421951128431946110e+01
9.490000000000000000e+02	1.429566844501451328e+01
9.500000000000000000e+02	1.440695856905306904e+01
9.510000000000000000e+02	1.455261582803059994e+01
9.520000000000000000e+02	1.473169762285241902e+01
9.530000000000000000e+02	1.494309602748638710e+01
9.540000000000000000e+02	1.518555063690895679e+01
9.550000000000000000e+02	1.545766257155326429e+01
9.560000000000000000e+02	1.575790937876047337e+01
9.570000000000000000e+02	1.608466056724936166e+01
9.580000000000000000e+02	1.643619351310985621e+01
9.590000000000000000e+02	1.681070948474761906e+01
9.600000000000000000e+02	1.720634954876605960e+01
9.610000000000000000e+02	1.762121013808301839e+01
9.620000000000000000e+02	1.805335808661480712e+01
9.630000000000000000e+02	1.850084496059261241e+01
9.640000000000000000e+02	1.896172054397283091e+01
9.650000000000000000e+02	1.943404536349153489e+01
9.660000000000000000e+02	1.991590216680155478e+01
9.670000000000000000e+02	2.040540629406579853e+01
9.680000000000000000e+02	2.090071490870315429e+01
9.690000000000000000e+02	2.140003507621240431e+01
9.700000000000000000e+02	2.190163070075403340e+01
9.710000000000000000e+02	2.240382834723916972e+01
9.720000000000000000e+02	2.290502199193242916e+01
9.730000000000000000e+02	2.340367675701977745e+01
9.740000000000000000e+02	2.389833169431480542e+01
9.750000000000000000e+02	2.438760169041864856e+01
9.760000000000000000e+02	2.487017857042341973e+01
9.770000000000000000e+02	2.534483147989823948e+01
9.780000000000000000e+02	2.581040662568200261e+01
9.790000000000000000e+02	2.626582645519857095e+01
9.800000000000000000e+02	2.671008835189160635e+01
9.810000000000000000e+02	2.714226292118480544e+01
9.820000000000000000e+02	2.756149193737056891e+01
9.830000000000000000e+02	2.796698601723312194e+01
9.840000000000000000e+02	2.835802208120400181e+01
9.850000000000000000e+02	2.873394065762310134e+01
9.860000000000000000e+02	2.909414308036132368e+01
9.870000000000000000e+02	2.943808862478166688e+01
9.880000000000000000e+02	2.976529162187467392e+01
9.890000000000000000e+02	3.007531858546441939e+01
9.900000000000000000e+02	3.036778538271692796e+01
9.910000000000000000e+02	3.064235447381425104e+01
9.920000000000000000e+02	3.089873224262371565e+01
9.930000000000000000e+02	3.113666643650022436e+01
9.940000000000000000e+02	3.135594373000768087e+01
9.950000000000000000e+02	3.155638742433884403e+01
9.960000000000000000e+02	3.173785529152752716e+01
9.970000000000000000e+02	3.190023757017115713e+01
9.980000000000000000e+02	3.204345511729771090e+01
9.990000000000000000e+02	3.216745771918954944e+01
1.000000000000000000e+03	3.227222256239783604e+01
