Wavelength(nm)  Reflectance
250.000000 72.781524
251.000000 72.731187
252.000000 72.470754
253.000000 72.048545
254.000000 71.364990
255.000000 70.555742
256.000000 69.517407
257.000000 68.257957
258.000000 66.762045
259.000000 65.026734
260.000000 63.014790
261.000000 60.707109
262.000000 58.084677
263.000000 55.123058
264.000000 51.842579
265.000000 48.256340
266.000000 44.366391
267.000000 40.252821
268.000000 36.040718
269.000000 31.911023
270.000000 28.110655
271.000000 24.912682
272.000000 22.554115
273.000000 21.211435
274.000000 20.966219
275.000000 21.798963
276.000000 23.575732
277.000000 26.080861
278.000000 29.070608
279.000000 32.348408
280.000000 35.748149
281.000000 39.115138
282.000000 42.354347
283.000000 45.416310
284.000000 48.270500
285.000000 50.846285
286.000000 53.109112
287.000000 55.107045
288.000000 56.673637
289.000000 57.953629
290.000000 58.938477
291.000000 59.615608
292.000000 60.187692
293.000000 60.638797
294.000000 60.986346
295.000000 61.254132
296.000000 61.469757
297.000000 61.633037
298.000000 61.751058
299.000000 61.858250
300.000000 61.898132
301.000000 61.877472
302.000000 61.840175
303.000000 61.763704
304.000000 61.644170
305.000000 61.471507
306.000000 61.257360
307.000000 61.002320
308.000000 60.704391
309.000000 60.377519
310.000000 60.013433
311.000000 59.588710
312.000000 59.132442
313.000000 58.645020
314.000000 58.108766
315.000000 57.530002
316.000000 56.911314
317.000000 56.245088
318.000000 55.532867
319.000000 54.777169
320.000000 53.975461
321.000000 53.126237
322.000000 52.226175
323.000000 51.275252
324.000000 50.273173
325.000000 49.220148
326.000000 48.116019
327.000000 46.957765
328.000000 45.746918
329.000000 44.485958
330.000000 43.176079
331.000000 41.818442
332.000000 40.410588
333.000000 38.954523
334.000000 37.457534
335.000000 35.920454
336.000000 34.344904
337.000000 32.734871
338.000000 31.094099
339.000000 29.429609
340.000000 27.747028
341.000000 26.052790
342.000000 24.353098
343.000000 22.658448
344.000000 20.975079
345.000000 19.314379
346.000000 17.683958
347.000000 16.102770
348.000000 14.571741
349.000000 13.100985
350.000000 11.708364
351.000000 10.405685
352.000000 9.207460
353.000000 8.126597
354.000000 7.175872
355.000000 6.364368
356.000000 5.704207
357.000000 5.200834
358.000000 4.891086
359.000000 4.769255
360.000000 4.823783
361.000000 5.084995
362.000000 5.538730
363.000000 6.178098
364.000000 6.985408
365.000000 7.944235
366.000000 9.043733
367.000000 10.228590
368.000000 11.489680
369.000000 12.790287
370.000000 14.120642
371.000000 15.485579
372.000000 16.832575
373.000000 18.166777
374.000000 19.482010
375.000000 20.715672
376.000000 21.915436
377.000000 23.065599
378.000000 24.171687
379.000000 25.240412
380.000000 26.265672
381.000000 27.254841
382.000000 28.204228
383.000000 29.109632
384.000000 29.965312
385.000000 30.790086
386.000000 31.597861
387.000000 32.377239
388.000000 33.116585
389.000000 33.817018
390.000000 34.488134
391.000000 35.133840
392.000000 35.751668
393.000000 36.340516
394.000000 36.901323
395.000000 37.434687
396.000000 37.941175
397.000000 38.421944
398.000000 38.878646
399.000000 39.312395
400.000000 39.722460
401.000000 40.107672
402.000000 40.470865
403.000000 40.817566
404.000000 41.149403
405.000000 41.456769
406.000000 41.730863
407.000000 41.978501
408.000000 42.213728
409.000000 42.439627
410.000000 42.651167
411.000000 42.845539
412.000000 43.024107
413.000000 43.185937
414.000000 43.330584
415.000000 43.460044
416.000000 43.574523
417.000000 43.673746
418.000000 43.758696
419.000000 43.831398
420.000000 43.892430
421.000000 43.941310
422.000000 43.978142
423.000000 44.003908
424.000000 44.016938
425.000000 44.015127
426.000000 43.998449
427.000000 43.970337
428.000000 43.934154
429.000000 43.889737
430.000000 43.834500
431.000000 43.765824
432.000000 43.683559
433.000000 43.591632
434.000000 43.494292
435.000000 43.390430
436.000000 43.277489
437.000000 43.152799
438.000000 43.012663
439.000000 42.860247
440.000000 42.700756
441.000000 42.533545
442.000000 42.358129
443.000000 42.175132
444.000000 41.983146
445.000000 41.782417
446.000000 41.575165
447.000000 41.359496
448.000000 41.133554
449.000000 40.900465
450.000000 40.657756
451.000000 40.399284
452.000000 40.133091
453.000000 39.866963
454.000000 39.595106
455.000000 39.316366
456.000000 39.031210
457.000000 38.739450
458.000000 38.441254
459.000000 38.137141
460.000000 37.827879
461.000000 37.513490
462.000000 37.192730
463.000000 36.864475
464.000000 36.529603
465.000000 36.188909
466.000000 35.842650
467.000000 35.483700
468.000000 35.108255
469.000000 34.728191
470.000000 34.354460
471.000000 33.975855
472.000000 33.591471
473.000000 33.205074
474.000000 32.803591
475.000000 32.368204
476.000000 31.925331
477.000000 31.504234
478.000000 31.099315
479.000000 30.692035
480.000000 30.279512
481.000000 29.857546
482.000000 29.418381
483.000000 28.968792
484.000000 28.518996
485.000000 28.075557
486.000000 27.631752
487.000000 27.186540
488.000000 26.739480
489.000000 26.290601
490.000000 25.840182
491.000000 25.387815
492.000000 24.933036
493.000000 24.473995
494.000000 24.011511
495.000000 23.549199
496.000000 23.090767
497.000000 22.634530
498.000000 22.177863
499.000000 21.720978
500.000000 21.264014
501.000000 20.799780
502.000000 20.328476
503.000000 19.857522
504.000000 19.394581
505.000000 18.943954
506.000000 18.500987
507.000000 18.059906
508.000000 17.614688
509.000000 17.155931
510.000000 16.684131
511.000000 16.212085
512.000000 15.752781
513.000000 15.311905
514.000000 14.875044
515.000000 14.441362
516.000000 14.011170
517.000000 13.584282
518.000000 13.157244
519.000000 12.731420
520.000000 12.309399
521.000000 11.893727
522.000000 11.484968
523.000000 11.081958
524.000000 10.684010
525.000000 10.290452
526.000000 9.898987
527.000000 9.505378
528.000000 9.115405
529.000000 8.735567
530.000000 8.372039
531.000000 8.021553
532.000000 7.679170
533.000000 7.344575
534.000000 7.017406
535.000000 6.697725
536.000000 6.386684
537.000000 6.083318
538.000000 5.786547
539.000000 5.495406
540.000000 5.208452
541.000000 4.926200
542.000000 4.651317
543.000000 4.386254
544.000000 4.133108
545.000000 3.889927
546.000000 3.655290
547.000000 3.429260
548.000000 3.211878
549.000000 3.002248
550.000000 2.793856
551.000000 2.590039
552.000000 2.395864
553.000000 2.215626
554.000000 2.052066
555.000000 1.901547
556.000000 1.761255
557.000000 1.629256
558.000000 1.503967
559.000000 1.384242
560.000000 1.270631
561.000000 1.164834
562.000000 1.068244
563.000000 0.981877
564.000000 0.906243
565.000000 0.840211
566.000000 0.782925
567.000000 0.733856
568.000000 0.692581
569.000000 0.658792
570.000000 0.632481
571.000000 0.613980
572.000000 0.603539
573.000000 0.601272
574.000000 0.607161
575.000000 0.621064
576.000000 0.642798
577.000000 0.672131
578.000000 0.708755
579.000000 0.752298
580.000000 0.802303
581.000000 0.858381
582.000000 0.920505
583.000000 0.988817
584.000000 1.063604
585.000000 1.145274
586.000000 1.233374
587.000000 1.327412
588.000000 1.427220
589.000000 1.532629
590.000000 1.643472
591.000000 1.759789
592.000000 1.882194
593.000000 2.010429
594.000000 2.144066
595.000000 2.282606
596.000000 2.425478
597.000000 2.572580
598.000000 2.724216
599.000000 2.880036
600.000000 3.039662
601.000000 3.202697
602.000000 3.368733
603.000000 3.537963
604.000000 3.710614
605.000000 3.886575
606.000000 4.065724
607.000000 4.247935
608.000000 4.433081
609.000000 4.621308
610.000000 4.812550
611.000000 5.006580
612.000000 5.203177
613.000000 5.402125
614.000000 5.603233
615.000000 5.806958
616.000000 6.013195
617.000000 6.221433
618.000000 6.431128
619.000000 6.641707
620.000000 6.852581
621.000000 7.064148
622.000000 7.276873
623.000000 7.490676
624.000000 7.705496
625.000000 7.921286
626.000000 8.138016
627.000000 8.356376
628.000000 8.577417
629.000000 8.800418
630.000000 9.024575
631.000000 9.249053
632.000000 9.472984
633.000000 9.695627
634.000000 9.917785
635.000000 10.139756
636.000000 10.361564
637.000000 10.583237
638.000000 10.804815
639.000000 11.026346
640.000000 11.247754
641.000000 11.468844
642.000000 11.689579
643.000000 11.909929
644.000000 12.129867
645.000000 12.349374
646.000000 12.568437
647.000000 12.787153
648.000000 13.005433
649.000000 13.223099
650.000000 13.439974
651.000000 13.655882
652.000000 13.870649
653.000000 14.084164
654.000000 14.296856
655.000000 14.508772
656.000000 14.719817
657.000000 14.929895
658.000000 15.138904
659.000000 15.346740
660.000000 15.553375
661.000000 15.759198
662.000000 15.964166
663.000000 16.168157
664.000000 16.371052
665.000000 16.572736
666.000000 16.773098
667.000000 16.972040
668.000000 17.169582
669.000000 17.365761
670.000000 17.560607
671.000000 17.754152
672.000000 17.946435
673.000000 18.137495
674.000000 18.327379
675.000000 18.516161
676.000000 18.703777
677.000000 18.890117
678.000000 19.075071
679.000000 19.258532
680.000000 19.440396
681.000000 19.620559
682.000000 19.799119
683.000000 19.976411
684.000000 20.152403
685.000000 20.327044
686.000000 20.500288
687.000000 20.672082
688.000000 20.842375
689.000000 21.011116
690.000000 21.178333
691.000000 21.344056
692.000000 21.508293
693.000000 21.671052
694.000000 21.832343
695.000000 21.992174
696.000000 22.150556
697.000000 22.307562
698.000000 22.463523
699.000000 22.618378
700.000000 22.771998
701.000000 22.924255
702.000000 23.075019
703.000000 23.224163
704.000000 23.371560
705.000000 23.517090
706.000000 23.660750
707.000000 23.802650
708.000000 23.942910
709.000000 24.081657
710.000000 24.219025
711.000000 24.355154
712.000000 24.490192
713.000000 24.624301
714.000000 24.757628
715.000000 24.890056
716.000000 25.021423
717.000000 25.151564
718.000000 25.280310
719.000000 25.407488
720.000000 25.532922
721.000000 25.656441
722.000000 25.778220
723.000000 25.898431
724.000000 26.017132
725.000000 26.134388
726.000000 26.250269
727.000000 26.364853
728.000000 26.478224
729.000000 26.590472
730.000000 26.701745
731.000000 26.812184
732.000000 26.921679
733.000000 27.030102
734.000000 27.137327
735.000000 27.243222
736.000000 27.347654
737.000000 27.450490
738.000000 27.551593
739.000000 27.651044
740.000000 27.749037
741.000000 27.845607
742.000000 27.940793
743.000000 28.034640
744.000000 28.127196
745.000000 28.218514
746.000000 28.308653
747.000000 28.397675
748.000000 28.485602
749.000000 28.572434
750.000000 28.658184
751.000000 28.742864
752.000000 28.826487
753.000000 28.909065
754.000000 28.990611
755.000000 29.071138
756.000000 29.150659
757.000000 29.229349
758.000000 29.307312
759.000000 29.384458
760.000000 29.460696
761.000000 29.535940
762.000000 29.610104
763.000000 29.683105
764.000000 29.754862
765.000000 29.825298
766.000000 29.894473
767.000000 29.962724
768.000000 30.030026
769.000000 30.096326
770.000000 30.161573
771.000000 30.225714
772.000000 30.288695
773.000000 30.350463
774.000000 30.410965
775.000000 30.470144
776.000000 30.527990
777.000000 30.584557
778.000000 30.639907
779.000000 30.694103
780.000000 30.747210
781.000000 30.799298
782.000000 30.850438
783.000000 30.900706
784.000000 30.950180
785.000000 30.998938
786.000000 31.047031
787.000000 31.094420
788.000000 31.141057
789.000000 31.186891
790.000000 31.231872
791.000000 31.275950
792.000000 31.319074
793.000000 31.361192
794.000000 31.402252
795.000000 31.442203
796.000000 31.481040
797.000000 31.518820
798.000000 31.555610
799.000000 31.591476
800.000000 31.626486
801.000000 31.660714
802.000000 31.694232
803.000000 31.727116
804.000000 31.759444
805.000000 31.791297
806.000000 31.822734
807.000000 31.853719
808.000000 31.884189
809.000000 31.914082
810.000000 31.943334
811.000000 31.971881
812.000000 31.999660
813.000000 32.026607
814.000000 32.052657
815.000000 32.077745
816.000000 32.101788
817.000000 32.124495
818.000000 32.145922
819.000000 32.166241
820.000000 32.185616
821.000000 32.204208
822.000000 32.222169
823.000000 32.239646
824.000000 32.256780
825.000000 32.273706
826.000000 32.290551
827.000000 32.307374
828.000000 32.323643
829.000000 32.339220
830.000000 32.354112
831.000000 32.368322
832.000000 32.381856
833.000000 32.394718
834.000000 32.406915
835.000000 32.418451
836.000000 32.429331
837.000000 32.439559
838.000000 32.449141
839.000000 32.458081
840.000000 32.466385
841.000000 32.474057
842.000000 32.481101
843.000000 32.487523
844.000000 32.493326
845.000000 32.498517
846.000000 32.503099
847.000000 32.507076
848.000000 32.510454
849.000000 32.513237
850.000000 32.515429
851.000000 32.517035
852.000000 32.518059
853.000000 32.518506
854.000000 32.518379
855.000000 32.517684
856.000000 32.516424
857.000000 32.514604
858.000000 32.512228
859.000000 32.509300
860.000000 32.505825
861.000000 32.501805
862.000000 32.497247
863.000000 32.492153
864.000000 32.486527
865.000000 32.480375
866.000000 32.473699
867.000000 32.466503
868.000000 32.458792
869.000000 32.450570
870.000000 32.441840
871.000000 32.432606
872.000000 32.422873
873.000000 32.412643
874.000000 32.401920
875.000000 32.390710
876.000000 32.379014
877.000000 32.366837
878.000000 32.354182
879.000000 32.341054
880.000000 32.327455
881.000000 32.313389
882.000000 32.298861
883.000000 32.283873
884.000000 32.268428
885.000000 32.252532
886.000000 32.236186
887.000000 32.219395
888.000000 32.202161
889.000000 32.184489
890.000000 32.166381
891.000000 32.147841
892.000000 32.128873
893.000000 32.109479
894.000000 32.089663
895.000000 32.069429
896.000000 32.048779
897.000000 32.027716
898.000000 32.006245
899.000000 31.984367
900.000000 31.962087
901.000000 31.939407
902.000000 31.916331
903.000000 31.892862
904.000000 31.869002
905.000000 31.844755
906.000000 31.820124
907.000000 31.795112
908.000000 31.769721
909.000000 31.743956
910.000000 31.717818
911.000000 31.691312
912.000000 31.664439
913.000000 31.637202
914.000000 31.609606
915.000000 31.581651
916.000000 31.553342
917.000000 31.524681
918.000000 31.495672
919.000000 31.466316
920.000000 31.436616
921.000000 31.406576
922.000000 31.376198
923.000000 31.345485
924.000000 31.314439
925.000000 31.283064
926.000000 31.251362
927.000000 31.219335
928.000000 31.186987
929.000000 31.154320
930.000000 31.121336
931.000000 31.088039
932.000000 31.054430
933.000000 31.020513
934.000000 30.986290
935.000000 30.951763
936.000000 30.916935
937.000000 30.881809
938.000000 30.846387
939.000000 30.810672
940.000000 30.774666
941.000000 30.738371
942.000000 30.701790
943.000000 30.664926
944.000000 30.627781
945.000000 30.590356
946.000000 30.552656
947.000000 30.514681
948.000000 30.476435
949.000000 30.437920
950.000000 30.399138
951.000000 30.360091
952.000000 30.320782
953.000000 30.281213
954.000000 30.241387
955.000000 30.201305
956.000000 30.160970
957.000000 30.120385
958.000000 30.079550
959.000000 30.038470
960.000000 29.997145
961.000000 29.955578
962.000000 29.913772
963.000000 29.871728
964.000000 29.829449
965.000000 29.786936
966.000000 29.744193
967.000000 29.701220
968.000000 29.658021
969.000000 29.614597
970.000000 29.570951
971.000000 29.527084
972.000000 29.482999
973.000000 29.438698
974.000000 29.394182
975.000000 29.349454
976.000000 29.304516
977.000000 29.259370
978.000000 29.214017
979.000000 29.168461
980.000000 29.122703
981.000000 29.076744
982.000000 29.030587
983.000000 28.984235
984.000000 28.937688
985.000000 28.890949
986.000000 28.844019
987.000000 28.796902
988.000000 28.749597
989.000000 28.702109
990.000000 28.654438
991.000000 28.606586
992.000000 28.558555
993.000000 28.510347
994.000000 28.461964
995.000000 28.413408
996.000000 28.364681
997.000000 28.315784
998.000000 28.266719
999.000000 28.217489
1000.000000 28.168094
1001.000000 28.118537
1002.000000 28.068820
1003.000000 28.018944
1004.000000 27.968911
1005.000000 27.918723
1006.000000 27.868382
1007.000000 27.817889
1008.000000 27.767246
1009.000000 27.716455
1010.000000 27.665517
1011.000000 27.614435
1012.000000 27.563210
1013.000000 27.511844
1014.000000 27.460338
1015.000000 27.408695
1016.000000 27.356915
1017.000000 27.305001
1018.000000 27.252953
1019.000000 27.200775
1020.000000 27.148467
1021.000000 27.096031
1022.000000 27.043469
1023.000000 26.990783
1024.000000 26.937973
1025.000000 26.885042
1026.000000 26.831991
1027.000000 26.778822
1028.000000 26.725537
1029.000000 26.672136
1030.000000 26.618622
1031.000000 26.564996
1032.000000 26.511260
1033.000000 26.457415
1034.000000 26.403463
1035.000000 26.349405
1036.000000 26.295243
1037.000000 26.240979
1038.000000 26.186613
1039.000000 26.132148
1040.000000 26.077585
1041.000000 26.022925
1042.000000 25.968171
1043.000000 25.913322
1044.000000 25.858382
1045.000000 25.803351
1046.000000 25.748230
1047.000000 25.693023
1048.000000 25.637728
1049.000000 25.582349
1050.000000 25.526887
1051.000000 25.471343
1052.000000 25.415718
1053.000000 25.360014
1054.000000 25.304233
1055.000000 25.248375
1056.000000 25.192443
1057.000000 25.136437
1058.000000 25.080358
1059.000000 25.024210
1060.000000 24.967992
1061.000000 24.911706
1062.000000 24.855353
1063.000000 24.798935
1064.000000 24.742453
1065.000000 24.685909
1066.000000 24.629304
1067.000000 24.572638
1068.000000 24.515914
1069.000000 24.459133
1070.000000 24.402296
1071.000000 24.345405
1072.000000 24.288460
1073.000000 24.231463
1074.000000 24.174416
1075.000000 24.117319
1076.000000 24.060174
1077.000000 24.002982
1078.000000 23.945744
1079.000000 23.888462
1080.000000 23.831138
1081.000000 23.773771
1082.000000 23.716363
1083.000000 23.658917
1084.000000 23.601432
1085.000000 23.543910
1086.000000 23.486353
1087.000000 23.428761
1088.000000 23.371135
1089.000000 23.313478
1090.000000 23.255790
1091.000000 23.198072
1092.000000 23.140326
1093.000000 23.082553
1094.000000 23.024753
1095.000000 22.966928
1096.000000 22.909080
1097.000000 22.851209
1098.000000 22.793316
1099.000000 22.735404
1100.000000 22.677472
