Wavelength	n_Cardona	
225.45455	1.99747
225.43405	2.00332
225.41356	2.00917
225.39307	2.01503
225.37259	2.02089
225.35211	2.02675
225.33164	2.03261
225.31117	2.03847
225.2907	2.04434
225.27023	2.0502
225.24977	2.05607
225.22932	2.06193
225.20886	2.06785
225.18841	2.07389
225.16797	2.08002
225.14753	2.08622
225.12709	2.09247
225.10665	2.09867
225.08622	2.10464
225.0658	2.11043
225.04496	2.11606
225.02454	2.12156
225.00413	2.12693
224.98372	2.13249
224.96331	2.138
224.9429	2.14348
224.9225	2.14885
224.9021	2.15411
224.88171	2.15925
224.86132	2.16427
224.84093	2.16917
224.82055	2.17396
224.80017	2.17863
224.7798	2.18318
224.75943	2.18761
224.73906	2.19193
224.71869	2.19613
224.69833	2.20022
224.67798	2.20419
224.65762	2.20804
224.63727	2.21179
224.61693	2.21541
224.59659	2.21892
224.57625	2.22232
224.55591	2.2256
224.53558	2.22877
224.51526	2.23182
224.49493	2.23475
224.47461	2.23754
224.4543	2.24021
224.43398	2.24275
224.41367	2.24516
224.39337	2.24745
224.37307	2.24961
224.35277	2.25165
224.33248	2.25356
224.31218	2.25535
224.2919	2.25708
224.27161	2.25873
224.25134	2.2603
224.23065	2.26181
224.21038	2.26323
224.19011	2.26459
224.16985	2.26587
224.14959	2.26708
224.12933	2.26821
224.10908	2.26928
224.08883	2.27027
224.06858	2.27118
224.04834	2.27203
224.0281	2.2728
224.00786	2.27355
223.98763	2.2743
223.9674	2.27505
223.94718	2.2758
223.92696	2.27656
223.90674	2.27731
223.88653	2.27806
223.86632	2.27882
223.84611	2.27957
223.82591	2.28032
223.80571	2.28108
223.78551	2.28183
223.76532	2.28259
223.74513	2.28335
223.72495	2.2841
223.70477	2.28486
223.68459	2.28562
223.66442	2.28638
223.64425	2.28713
223.62408	2.28789
223.60392	2.28865
223.58376	2.28941
223.5636	2.29017
223.54345	2.29093
223.5233	2.29169
223.50316	2.29246
223.48302	2.29322
223.46288	2.29397
223.44275	2.29473
223.42222	2.29549
223.40209	2.29624
223.38197	2.29699
223.36185	2.29773
223.34173	2.29848
223.32162	2.29922
223.30151	2.29996
223.28141	2.3007
223.26131	2.30143
223.24121	2.30217
223.22112	2.3029
223.20103	2.30362
223.18094	2.30435
223.16086	2.30508
223.14078	2.3058
223.1207	2.30652
223.10063	2.30723
223.08056	2.30795
223.0605	2.30866
223.04044	2.30937
223.02038	2.31008
223.00033	2.31078
222.98028	2.31148
222.96023	2.31218
222.94019	2.31287
222.92015	2.31357
222.90011	2.31426
222.88008	2.31494
222.86005	2.31562
222.84002	2.31631
222.82	2.31698
222.79998	2.31766
222.77997	2.31833
222.75996	2.319
222.73995	2.31966
222.71995	2.32032
222.69995	2.32098
222.67995	2.32164
222.65996	2.32229
222.63997	2.32294
222.61959	2.32359
222.5996	2.32423
222.57963	2.32488
222.55965	2.32552
222.53968	2.32616
222.51971	2.3268
222.49975	2.32744
222.47979	2.32808
222.45983	2.32872
222.43988	2.32936
222.41993	2.33
222.39998	2.33064
222.38004	2.33128
222.3601	2.33192
222.34017	2.33256
222.32023	2.3332
222.30031	2.33384
222.28038	2.33447
222.26046	2.33511
222.24054	2.33575
222.22063	2.33639
222.20072	2.33702
222.18081	2.33766
222.16091	2.3383
222.14101	2.33893
222.12111	2.33957
222.10122	2.3402
222.08133	2.34083
222.06145	2.34147
222.04156	2.3421
222.02169	2.34274
222.00181	2.34337
221.98194	2.344
221.96207	2.34463
221.94221	2.34526
221.92235	2.34588
221.90249	2.34651
221.88264	2.34713
221.86279	2.34775
221.84294	2.34836
221.8227	2.34898
221.80286	2.34959
221.78303	2.3502
221.7632	2.35081
221.74337	2.35142
221.72354	2.35202
221.70372	2.35263
221.6839	2.35322
221.66409	2.35382
221.64428	2.35442
221.62447	2.35501
221.60467	2.35561
221.58487	2.3562
221.56507	2.35678
221.54528	2.35737
221.52549	2.35796
221.5057	2.35854
221.48592	2.35911
221.46614	2.35965
221.44637	2.36018
221.42659	2.36069
221.40683	2.36118
221.38706	2.36164
221.3673	2.36209
221.34754	2.36252
221.32779	2.36292
221.30804	2.36331
221.28829	2.36368
221.26855	2.36402
221.24881	2.36435
221.22907	2.36466
221.20934	2.36494
221.18961	2.36521
221.16988	2.36545
221.15016	2.36568
221.13044	2.36588
221.11072	2.36606
221.09101	2.36621
221.0713	2.36634
221.0516	2.36646
221.0315	2.36655
221.01181	2.36661
220.99211	2.36666
220.97242	2.36668
220.95273	2.36669
220.93305	2.36667
220.91337	2.36663
220.89369	2.36656
220.87402	2.36648
220.85435	2.36637
220.83468	2.36625
220.81502	2.3661
220.79536	2.36592
220.77571	2.36573
220.75605	2.36552
220.73641	2.36528
220.71676	2.36502
220.69712	2.36474
220.67748	2.36443
220.65785	2.36411
220.63821	2.36376
220.61859	2.3634
220.59896	2.36302
220.57934	2.36263
220.55972	2.36225
220.54011	2.36186
220.5205	2.36147
220.50089	2.36107
220.48129	2.36067
220.46169	2.36026
220.44209	2.35986
220.4225	2.35944
220.40291	2.35903
220.38332	2.35861
220.36374	2.35819
220.34416	2.35776
220.32459	2.35733
220.30502	2.3569
220.28545	2.35646
220.26588	2.35602
220.24593	2.35558
220.22637	2.35514
220.20682	2.35469
220.18727	2.35426
220.16772	2.35381
220.14817	2.35337
220.12863	2.35293
220.1091	2.35249
220.08956	2.35205
220.07003	2.35161
220.05051	2.35117
220.03098	2.35073
220.01146	2.35028
219.99195	2.34984
219.97243	2.34939
219.95292	2.34894
219.93342	2.3485
219.91391	2.34804
219.89442	2.34759
219.87492	2.34714
219.85543	2.34668
219.83594	2.34623
219.81645	2.34577
219.79697	2.34531
219.77749	2.34485
219.75802	2.34438
219.73855	2.34392
219.71908	2.34345
219.69961	2.34299
219.68015	2.34252
219.6607	2.34205
219.64124	2.34158
219.62179	2.3411
219.60234	2.34063
219.5829	2.34015
219.56346	2.33967
219.54402	2.33919
219.52459	2.33871
219.50516	2.33823
219.48573	2.33775
219.46592	2.33726
219.4465	2.33678
219.42708	2.33629
219.40767	2.3358
219.38826	2.33531
219.36885	2.33482
219.34945	2.33432
219.33005	2.33383
219.31066	2.33333
219.29126	2.33283
219.27188	2.33234
219.25249	2.33185
219.23311	2.33139
219.21373	2.33094
219.19435	2.3305
219.17498	2.33009
219.15561	2.32969
219.13625	2.32931
219.11689	2.32895
219.09753	2.32861
219.07818	2.32829
219.05882	2.32798
219.03948	2.3277
219.02013	2.32743
219.00079	2.32719
218.98145	2.32696
218.96212	2.32675
218.94279	2.32656
218.92346	2.32639
218.90414	2.32624
218.88482	2.32611
218.8655	2.326
218.84619	2.3259
218.82688	2.32583
218.80757	2.32577
218.78827	2.32574
218.76897	2.32572
218.74967	2.32572
218.73038	2.32574
218.71109	2.32578
218.69141	2.32584
218.67213	2.32591
218.65285	2.32601
218.63358	2.32613
218.6143	2.32627
218.59503	2.32643
218.57577	2.32662
218.5565	2.32682
218.53725	2.32705
218.51799	2.3273
218.49874	2.32757
218.47949	2.32786
218.46024	2.32817
218.441	2.3285
218.42176	2.32886
218.40253	2.32923
218.38329	2.32961
218.36407	2.33
218.34484	2.33038
218.32562	2.33077
218.3064	2.33116
218.28718	2.33156
218.26797	2.33196
218.24876	2.33236
218.22956	2.33276
218.21036	2.33316
218.19116	2.33357
218.17197	2.33398
218.15277	2.33439
218.13359	2.3348
218.1144	2.33522
218.09522	2.33564
218.07604	2.33606
218.05687	2.33648
218.0377	2.33691
218.01853	2.33734
217.99936	2.33777
217.9802	2.3382
217.96104	2.33863
217.94189	2.33907
217.92236	2.33951
217.90321	2.33995
217.88406	2.3404
217.86492	2.34084
217.84579	2.34129
217.82665	2.34175
217.80752	2.3422
217.78839	2.34267
217.76927	2.34313
217.75015	2.3436
217.73103	2.34407
217.71192	2.34454
217.69281	2.34501
217.6737	2.34549
217.6546	2.34597
217.6355	2.34645
217.6164	2.34693
217.5973	2.34742
217.57821	2.34791
217.55913	2.3484
217.54004	2.3489
217.52096	2.34939
217.50189	2.34989
217.48281	2.35039
217.46374	2.3509
217.44467	2.3514
217.42561	2.35191
217.40655	2.35242
217.38749	2.35293
217.36844	2.35345
217.34939	2.35397
217.33034	2.35449
217.3113	2.35501
217.29226	2.35554
217.27322	2.35606
217.25419	2.35659
217.23516	2.35713
217.21613	2.35766
217.19711	2.3582
217.17809	2.35874
217.15869	2.35928
217.13968	2.35983
217.12066	2.36037
217.10166	2.36092
217.08265	2.36148
217.06365	2.36203
217.04466	2.36259
217.02566	2.36315
217.00667	2.36371
216.98769	2.36427
216.9687	2.36484
216.94972	2.3654
216.93074	2.36597
216.91177	2.36653
216.8928	2.36709
216.87383	2.36766
216.85487	2.36822
216.83591	2.36878
216.81695	2.36935
216.798	2.36991
216.77905	2.37047
216.7601	2.37103
216.74116	2.37159
216.72222	2.37215
216.70328	2.3727
216.68435	2.37326
216.66541	2.37381
216.64649	2.37436
216.62756	2.37491
216.60864	2.37545
216.58972	2.376
216.57081	2.37654
216.5519	2.37708
216.53299	2.37762
216.51409	2.37816
216.49519	2.37869
216.47629	2.37923
216.4574	2.37976
216.4385	2.38029
216.41962	2.38082
216.40035	2.38135
216.38147	2.38187
216.3626	2.38239
216.34372	2.38292
216.32485	2.38344
216.30598	2.38395
216.28712	2.38447
216.26826	2.38498
216.2494	2.3855
216.23054	2.38601
216.21169	2.38652
216.19284	2.38702
216.174	2.38753
216.15516	2.38803
216.13632	2.38854
216.11748	2.38904
216.09865	2.38953
216.07982	2.39003
216.061	2.39053
216.04218	2.39102
216.02336	2.39151
216.00454	2.392
215.98573	2.39247
215.96692	2.39293
215.94812	2.39338
215.92931	2.39381
215.91052	2.39422
215.89172	2.39462
215.87293	2.39499
215.85414	2.39536
215.83535	2.3957
215.81657	2.39604
215.79779	2.39635
215.77901	2.39665
215.76024	2.39693
215.74147	2.3972
215.72271	2.39745
215.70394	2.39768
215.68518	2.3979
215.66643	2.3981
215.6473	2.39828
215.62855	2.39845
215.6098	2.39861
215.59106	2.39874
215.57232	2.39887
215.55358	2.39897
215.53485	2.39906
215.51612	2.39913
215.49739	2.39919
215.47867	2.39923
215.45995	2.39925
215.44123	2.39926
215.42251	2.39925
215.4038	2.39923
215.3851	2.39919
215.36639	2.39913
215.34769	2.39906
215.32899	2.39897
215.3103	2.39886
215.29161	2.39874
215.27292	2.3986
215.25423	2.39845
215.23555	2.39828
215.21687	2.3981
215.1982	2.3979
215.17953	2.39768
215.16086	2.39745
215.14219	2.39721
215.12353	2.39697
215.10487	2.39673
215.08622	2.39648
215.06756	2.39624
215.04891	2.396
215.03027	2.39576
215.01163	2.39551
214.99299	2.39527
214.97435	2.39503
214.95572	2.39478
214.93709	2.39454
214.91846	2.3943
214.89947	2.39406
214.88085	2.39381
214.86223	2.39357
214.84361	2.39333
214.825	2.39309
214.8064	2.39284
214.78779	2.3926
214.76919	2.39236
214.75059	2.39212
214.732	2.39187
214.71341	2.39163
214.69482	2.39139
214.67624	2.39114
214.65766	2.3909
214.63908	2.39066
214.6205	2.39042
214.60193	2.39017
214.58336	2.38993
214.5648	2.38968
214.54623	2.38944
214.52768	2.38919
214.50912	2.38895
214.49057	2.3887
214.47202	2.38846
214.45347	2.38821
214.43493	2.38796
214.41639	2.38771
214.39785	2.38747
214.37932	2.38722
214.36079	2.38697
214.34226	2.38672
214.32374	2.38647
214.30522	2.38622
214.2867	2.38597
214.26819	2.38571
214.24968	2.38546
214.23117	2.38521
214.21266	2.38496
214.19416	2.3847
214.17567	2.38445
214.1568	2.38419
214.13831	2.38395
214.11982	2.38371
214.10134	2.38348
214.08285	2.38325
214.06437	2.38304
214.0459	2.38284
214.02743	2.38264
214.00896	2.38246
213.99049	2.38228
213.97203	2.38211
213.95357	2.38195
213.93511	2.3818
213.91666	2.38165
213.89821	2.38152
213.87976	2.38139
213.86132	2.38128
213.84288	2.38117
213.82444	2.38107
213.80601	2.38098
213.78757	2.3809
213.76915	2.38083
213.75072	2.38077
213.7323	2.38072
213.71388	2.38067
213.69547	2.38064
213.67705	2.38061
213.65865	2.3806
213.64024	2.38059
213.62184	2.38059
213.60344	2.3806
213.58504	2.38063
213.56665	2.38066
213.54826	2.38071
213.52987	2.38076
213.51149	2.38084
213.49311	2.38092
213.47473	2.38101
213.45636	2.38112
213.43799	2.38124
213.41925	2.38137
213.40089	2.38151
213.38253	2.38167
213.36417	2.38184
213.34581	2.38202
213.32746	2.38221
213.30911	2.38241
213.29077	2.38261
213.27242	2.38282
213.25409	2.38302
213.23575	2.38323
213.21742	2.38345
213.19909	2.38366
213.18076	2.38388
213.16244	2.3841
213.14412	2.38433
213.1258	2.38456
213.10749	2.38479
213.08917	2.38502
213.07087	2.38526
213.05256	2.3855
213.03426	2.38574
213.01596	2.38599
212.99767	2.38624
212.97938	2.38649
212.96109	2.38674
212.9428	2.387
212.92452	2.38726
212.90624	2.38752
212.88796	2.38779
212.86969	2.38806
212.85142	2.38833
212.83315	2.3886
212.81489	2.38888
212.79663	2.38916
212.77837	2.38944
212.76012	2.38973
212.74187	2.39002
212.72362	2.3903
212.70537	2.39059
212.68677	2.39088
212.66853	2.39116
212.65029	2.39145
212.63206	2.39174
212.61383	2.39202
212.5956	2.39231
212.57738	2.3926
212.55916	2.39288
212.54094	2.39317
212.52273	2.39346
212.50452	2.39374
212.48631	2.39403
212.46811	2.39431
212.44991	2.3946
212.43171	2.39489
212.41351	2.39517
212.39532	2.39546
212.37713	2.39574
212.35895	2.39603
212.34077	2.39632
212.32259	2.3966
212.30441	2.39689
212.28624	2.39717
212.26807	2.39746
212.2499	2.39775
212.23174	2.39803
212.21358	2.39832
212.19542	2.3986
212.17726	2.39889
212.15911	2.39918
212.14096	2.39946
212.12282	2.39975
212.10468	2.40003
212.08654	2.40032
212.0684	2.4006
212.05027	2.40089
212.03214	2.40117
212.01401	2.40146
211.99589	2.40174
211.97777	2.40203
211.95929	2.40231
211.94118	2.4026
211.92307	2.40289
211.90496	2.40317
211.88685	2.40346
211.86875	2.40374
211.85065	2.40403
211.83256	2.40431
211.81446	2.4046
211.79637	2.40488
211.77829	2.40516
211.76021	2.40544
211.74213	2.40571
211.72405	2.40598
211.70597	2.40625
211.6879	2.40651
211.66984	2.40677
211.65177	2.40703
211.63371	2.40729
211.61565	2.40754
211.5976	2.40779
211.57954	2.40804
211.56149	2.40828
211.54345	2.40852
211.52541	2.40876
211.50737	2.40899
211.48933	2.40922
211.47129	2.40945
211.45326	2.40967
211.43524	2.40989
211.41721	2.41011
211.39919	2.41033
211.38117	2.41054
211.36316	2.41075
211.34514	2.41096
211.32713	2.41116
211.30913	2.41136
211.29113	2.41156
211.27313	2.41175
211.25513	2.41194
211.23677	2.41213
211.21878	2.41231
211.2008	2.41248
211.18281	2.41265
211.16483	2.41282
211.14685	2.41298
211.12888	2.41313
211.1109	2.41328
211.09293	2.41342
211.07497	2.41356
211.057	2.4137
211.03904	2.41382
211.02109	2.41395
211.00313	2.41407
210.98518	2.41418
210.96723	2.41429
210.94929	2.4144
210.93135	2.41451
210.91341	2.41462
210.89547	2.41472
210.87754	2.41482
210.85961	2.41492
210.84168	2.41502
210.82376	2.41512
210.80584	2.41521
210.78792	2.4153
210.77001	2.41539
210.7521	2.41548
210.73419	2.41556
210.71628	2.41564
210.69838	2.41573
210.68048	2.4158
210.66258	2.41588
210.64469	2.41595
210.6268	2.41603
210.60891	2.4161
210.59103	2.41616
210.57315	2.41623
210.55527	2.41629
210.5374	2.41636
210.51917	2.41642
210.5013	2.41647
210.48343	2.41653
210.46557	2.41658
210.44771	2.41663
210.42985	2.41668
210.412	2.41674
210.39415	2.41679
210.3763	2.41684
210.35846	2.41689
210.34062	2.41694
210.32278	2.41699
210.30494	2.41704
210.28711	2.4171
210.26928	2.41715
210.25145	2.4172
210.23363	2.41725
210.21581	2.4173
210.19799	2.41735
210.18018	2.41741
210.16237	2.41746
210.14456	2.41751
210.12675	2.41756
210.10895	2.41761
210.09115	2.41767
210.07336	2.41772
210.05556	2.41777
210.03777	2.41782
210.01999	2.41787
210.0022	2.41793
209.98442	2.41798
209.96664	2.41803
209.94887	2.41807
209.9311	2.41812
209.91333	2.41816
209.89556	2.4182
209.8778	2.41824
209.86004	2.41827
209.84228	2.41831
209.82453	2.41834
209.80642	2.41837
209.78867	2.41839
209.77093	2.41842
209.75318	2.41844
209.73545	2.41846
209.71771	2.41847
209.69998	2.41849
209.68225	2.4185
209.66452	2.41851
209.6468	2.41852
209.62907	2.41852
209.61136	2.41853
209.59364	2.41853
209.57593	2.41852
209.55822	2.41852
209.54051	2.41851
209.52281	2.4185
209.50511	2.41849
209.48741	2.41848
209.46972	2.41846
209.45203	2.41845
209.43434	2.41843
209.41666	2.4184
209.39897	2.41838
209.3813	2.41835
209.36362	2.41832
209.34595	2.41829
209.32828	2.41826
209.31061	2.41822
209.29294	2.41819
209.27528	2.41815
209.25762	2.41811
209.23997	2.41808
209.22232	2.41805
209.20467	2.41804
209.18702	2.41803
209.16938	2.41804
209.15174	2.41805
209.1341	2.41807
209.11647	2.41811
209.09848	2.41815
209.08085	2.41821
209.06323	2.41827
209.04561	2.41834
209.02799	2.41843
209.01037	2.41852
208.99276	2.41863
208.97515	2.41875
208.95754	2.41887
208.93993	2.41901
208.92233	2.41916
208.90473	2.41932
208.88714	2.41949
208.86954	2.41968
208.85195	2.41987
208.83437	2.42007
208.81678	2.42029
208.7992	2.42052
208.78162	2.42076
208.76405	2.421
208.74648	2.42127
208.72891	2.42154
208.71134	2.42182
208.69378	2.42211
208.67622	2.42242
208.65866	2.42273
208.64111	2.42306
208.62356	2.4234
208.60601	2.42374
208.58846	2.4241
208.57092	2.42447
208.55338	2.42486
208.53584	2.42525
208.51831	2.42565
208.50078	2.42607
208.48325	2.42649
208.46573	2.42693
208.4482	2.42736
208.43069	2.4278
208.41317	2.42823
208.39531	2.42867
208.3778	2.42911
208.36029	2.42955
208.34278	2.42999
208.32528	2.43043
208.30778	2.43087
208.29029	2.43131
208.2728	2.43176
208.25531	2.4322
208.23782	2.43265
208.22034	2.43309
208.20286	2.43354
208.18538	2.43399
208.1679	2.43444
208.15043	2.43488
208.13296	2.43533
208.1155	2.43578
208.09803	2.43623
208.08057	2.43668
208.06312	2.43713
208.04566	2.43758
208.02821	2.43803
208.01076	2.43848
207.99332	2.43893
207.97587	2.43938
207.95844	2.43983
207.941	2.44029
207.92356	2.44074
207.90613	2.4412
207.88871	2.44166
207.87128	2.44212
207.85386	2.44259
207.83644	2.44306
207.81902	2.44352
207.80161	2.444
207.7842	2.44447
207.76679	2.44494
207.74939	2.44542
207.73199	2.4459
207.71459	2.44638
207.69684	2.44686
207.67945	2.44734
207.66206	2.44783
207.64467	2.44832
207.62729	2.44881
207.60991	2.4493
207.59253	2.44979
207.57515	2.45029
207.55778	2.45078
207.54041	2.45128
207.52305	2.45178
207.50568	2.45229
207.48832	2.45279
207.47096	2.4533
207.45361	2.45381
207.43626	2.45432
207.41891	2.45483
207.40156	2.45534
207.38422	2.45586
207.36688	2.45638
207.34954	2.45689
207.3322	2.45741
207.31487	2.45794
207.29754	2.45846
207.28022	2.45899
207.26289	2.45952
207.24557	2.46004
207.22826	2.46058
207.21094	2.46111
207.19363	2.46164
207.17632	2.46218
207.15901	2.46271
207.14171	2.46324
207.12441	2.46378
207.10711	2.46431
207.08982	2.46484
207.07253	2.46538
207.05524	2.46591
207.03795	2.46644
207.02067	2.46698
207.00305	2.46751
206.98577	2.46804
206.9685	2.46858
206.95122	2.46911
206.93396	2.46964
206.91669	2.47017
206.89943	2.47071
206.88217	2.47124
206.86491	2.47177
206.84766	2.4723
206.83041	2.47284
206.81316	2.47337
206.79591	2.4739
206.77867	2.47443
206.76143	2.47497
206.7442	2.47552
206.72696	2.47607
206.70973	2.47663
206.6925	2.4772
206.67528	2.47777
206.65806	2.47835
206.64084	2.47895
206.62362	2.47954
206.60641	2.48015
206.5892	2.48076
206.57199	2.48138
206.55478	2.48201
206.53758	2.48265
206.52038	2.48329
206.50318	2.48394
206.48599	2.4846
206.4688	2.48527
206.45161	2.48594
206.43443	2.48662
206.41725	2.48731
206.40007	2.488
206.38289	2.48871
206.36572	2.48942
206.34855	2.49014
206.33138	2.49086
206.31387	2.4916
206.29671	2.49234
206.27955	2.49309
206.26239	2.49384
206.24524	2.4946
206.22809	2.49538
206.21094	2.49615
206.1938	2.49694
206.17665	2.49773
206.15951	2.49853
206.14238	2.49934
206.12524	2.50016
206.10811	2.50098
206.09099	2.50181
206.07386	2.50265
206.05674	2.50349
206.03962	2.50434
206.0225	2.5052
206.00539	2.50607
205.98828	2.50694
205.97117	2.50781
205.95407	2.50867
205.93696	2.50954
205.91986	2.51041
205.90277	2.51128
205.88567	2.51214
205.86858	2.51301
205.85149	2.51388
205.83441	2.51475
205.81733	2.51561
205.80025	2.51648
205.78317	2.51735
205.7661	2.51821
205.74903	2.51908
205.73196	2.51995
205.71489	2.52082
205.69783	2.5217
205.68077	2.52257
205.66371	2.52345
205.64666	2.52433
205.62927	2.52521
205.61222	2.52609
205.59517	2.52697
205.57813	2.52786
205.56109	2.52874
205.54405	2.52963
205.52702	2.53052
205.50999	2.53141
205.49296	2.5323
205.47593	2.53319
205.45891	2.53409
205.44189	2.53499
205.42487	2.53588
205.40786	2.53678
205.39085	2.53768
205.37384	2.53858
205.35683	2.53949
205.33983	2.54039
205.32283	2.5413
205.30583	2.54221
205.28884	2.54312
205.27184	2.54403
205.25486	2.54494
205.23787	2.54585
205.22089	2.54677
205.2039	2.54769
205.18693	2.5486
205.16995	2.54952
205.15298	2.55044
205.13601	2.55137
205.11904	2.55229
205.10208	2.55322
205.08512	2.55414
205.06816	2.55507
205.0512	2.556
205.03425	2.55692
205.0173	2.55784
205.00036	2.55877
204.98341	2.55968
204.96647	2.56059
204.94919	2.5615
204.93226	2.56241
204.91532	2.56331
204.89839	2.5642
204.88147	2.5651
204.86454	2.56599
204.84762	2.56687
204.8307	2.56776
204.81378	2.56863
204.79687	2.56951
204.77996	2.57038
204.76305	2.57125
204.74615	2.57211
204.72925	2.57297
204.71235	2.57383
204.69545	2.57468
204.67856	2.57553
204.66166	2.57637
204.64478	2.57722
204.62789	2.57805
204.61101	2.57889
204.59413	2.57972
204.57725	2.58055
204.56038	2.58137
204.54351	2.58219
204.52664	2.583
204.50977	2.58382
204.49291	2.58462
204.47605	2.58543
204.45919	2.58623
204.44233	2.58703
204.42548	2.58782
204.40863	2.58861
204.39179	2.5894
204.37494	2.59018
204.3581	2.59096
204.34126	2.59174
204.32443	2.59251
204.30759	2.59328
204.29077	2.59405
204.2736	2.59482
204.25678	2.59559
204.23996	2.59636
204.22314	2.59713
204.20632	2.5979
204.18951	2.59867
204.1727	2.59944
204.15589	2.60021
204.13908	2.60098
204.12228	2.60175
204.10548	2.60252
204.08869	2.60329
204.07189	2.60407
204.0551	2.60484
204.03831	2.60561
204.02153	2.60639
204.00474	2.60716
203.98796	2.60793
203.97119	2.60871
203.95441	2.60948
203.93764	2.61026
203.92087	2.61103
203.90411	2.61181
203.88734	2.61258
203.87058	2.61336
203.85382	2.61413
203.83707	2.61491
203.82032	2.61569
203.80357	2.61646
203.78682	2.61724
203.77008	2.61802
203.75333	2.6188
203.73659	2.61958
203.71986	2.62035
203.70313	2.62113
203.6864	2.62191
203.66967	2.62269
203.65294	2.62347
203.63622	2.62425
203.6195	2.62503
203.60245	2.62581
203.58574	2.6266
203.56902	2.62739
203.55232	2.62818
203.53561	2.62897
203.51891	2.62977
203.50221	2.63057
203.48551	2.63137
203.46882	2.63217
203.45212	2.63298
203.43543	2.63378
203.41875	2.63459
203.40206	2.63541
203.38538	2.63622
203.3687	2.63704
203.35203	2.63786
203.33536	2.63868
203.31869	2.6395
203.30202	2.64033
203.28535	2.64116
203.26869	2.64199
203.25203	2.64282
203.23538	2.64366
203.21872	2.64449
203.20207	2.64534
203.18542	2.64618
203.16878	2.64702
203.15213	2.64787
203.13549	2.64872
203.11886	2.64957
203.10222	2.65043
203.08559	2.65128
203.06896	2.65214
203.05234	2.653
203.03571	2.65387
203.01909	2.65473
203.00247	2.6556
202.98586	2.65647
202.96924	2.65734
202.95263	2.65822
202.93569	2.65909
202.91909	2.65997
202.90249	2.66086
202.88589	2.66174
202.86929	2.66262
202.8527	2.66351
202.83611	2.66439
202.81952	2.66528
202.80293	2.66617
202.78635	2.66705
202.76977	2.66793
202.75319	2.66882
202.73662	2.6697
202.72005	2.67059
202.70348	2.67147
202.68691	2.67235
202.67035	2.67323
202.65378	2.67412
202.63723	2.67501
202.62067	2.6759
202.60412	2.67679
202.58757	2.67769
202.57102	2.67859
202.55447	2.67949
202.53793	2.6804
202.52139	2.6813
202.50485	2.68222
202.48832	2.68313
202.47179	2.68404
202.45526	2.68496
202.43873	2.68589
202.42221	2.68681
202.40569	2.68774
202.38917	2.68867
202.37266	2.6896
202.35614	2.69054
202.33963	2.69147
202.32313	2.69241
202.30662	2.69336
202.29012	2.6943
202.27329	2.69525
202.25679	2.69621
202.2403	2.69716
202.22381	2.69812
202.20732	2.69908
202.19084	2.70005
202.17435	2.70103
202.15787	2.70201
202.14139	2.70301
202.12492	2.70402
202.10845	2.70504
202.09198	2.70607
202.07551	2.70711
202.05905	2.70816
202.04259	2.70922
202.02613	2.71029
202.00967	2.71137
201.99322	2.71246
201.97677	2.71356
201.96032	2.71468
201.94387	2.7158
201.92743	2.71693
201.91099	2.71808
201.89455	2.71923
201.87812	2.72039
201.86169	2.72156
201.84526	2.72273
201.82883	2.72391
201.81241	2.72511
201.79598	2.7263
201.77957	2.72751
201.76315	2.72873
201.74674	2.72995
201.73033	2.73118
201.71392	2.73242
201.69751	2.73367
201.68111	2.73493
201.66471	2.73619
201.64831	2.73747
201.63192	2.73875
201.6152	2.74003
201.59881	2.74133
201.58242	2.74263
201.56604	2.74394
201.54966	2.74526
201.53328	2.74659
201.5169	2.74793
201.50053	2.74927
201.48416	2.75062
201.46779	2.75195
201.45143	2.75328
201.43506	2.7546
201.4187	2.7559
201.40235	2.75718
201.38599	2.75845
201.36964	2.75971
201.35329	2.76095
201.33694	2.76218
201.3206	2.7634
201.30426	2.7646
201.28792	2.76579
201.27158	2.76696
201.25525	2.76812
201.23892	2.76926
201.22259	2.77039
201.20626	2.77151
201.18994	2.77261
201.17362	2.7737
201.1573	2.77477
201.14099	2.77583
201.12468	2.77687
201.10837	2.7779
201.09206	2.77891
201.07576	2.77991
201.05945	2.78089
201.04315	2.78186
201.02686	2.78282
201.01056	2.78376
200.99427	2.78469
200.97798	2.78561
200.96137	2.78651
200.94509	2.7874
200.92881	2.78828
200.91253	2.78914
200.89626	2.78999
200.87998	2.79083
200.86371	2.79165
200.84745	2.79246
200.83118	2.79326
200.81492	2.79404
200.79866	2.79481
200.7824	2.79556
200.76615	2.79627
200.7499	2.79695
200.73365	2.79762
200.7174	2.79827
200.70116	2.7989
200.68492	2.79951
200.66868	2.80011
200.65244	2.80068
200.63621	2.80124
200.61998	2.80178
200.60375	2.8023
200.58753	2.8028
200.5713	2.80329
200.55508	2.80376
200.53887	2.8042
200.52265	2.80464
200.50644	2.80505
200.49023	2.80544
200.47402	2.80582
200.45782	2.80618
200.44162	2.80652
200.42542	2.80685
200.40922	2.80715
200.39303	2.80744
200.37684	2.80771
200.36065	2.80796
200.34446	2.8082
200.32828	2.80841
200.31178	2.80862
200.2956	2.8088
200.27942	2.80897
200.26325	2.80912
200.24708	2.80925
200.23091	2.80936
200.21475	2.80946
200.19858	2.80954
200.18242	2.8096
200.16627	2.80964
200.15011	2.80967
200.13396	2.80968
200.11781	2.80967
200.10166	2.80964
200.08552	2.8096
200.06938	2.80954
200.05324	2.80947
200.0371	2.80941
200.02097	2.80935
200.00484	2.80929
199.98871	2.80924
199.97258	2.80918
199.95646	2.80913
199.94034	2.80908
199.92422	2.80904
199.90811	2.80899
199.89199	2.80895
199.87588	2.80891
199.85978	2.80887
199.84367	2.80883
199.82757	2.80879
199.81147	2.80875
199.79537	2.80871
199.77928	2.80867
199.76318	2.80863
199.74709	2.80859
199.73101	2.80855
199.71492	2.80851
199.69884	2.80847
199.68276	2.80843
199.66636	2.80839
199.65029	2.80835
199.63422	2.8083
199.61815	2.80823
199.60208	2.80815
199.58602	2.80806
199.56996	2.80795
199.5539	2.80782
199.53784	2.80768
199.52179	2.80752
199.50574	2.80735
199.48969	2.80717
199.47365	2.80696
199.4576	2.80675
199.44156	2.80652
199.42553	2.80627
199.40949	2.80599
199.39346	2.8057
199.37743	2.80539
199.3614	2.80506
199.34538	2.8047
199.32935	2.80432
199.31333	2.80392
199.29732	2.8035
199.2813	2.80306
199.26529	2.8026
199.24928	2.80211
199.23327	2.80161
199.21727	2.80108
199.20127	2.80053
199.18527	2.79996
199.16927	2.79937
199.15328	2.79875
199.13729	2.79812
199.1213	2.79747
199.10531	2.79679
199.08933	2.7961
199.07335	2.79539
199.05737	2.79466
199.04139	2.79391
199.0251	2.79314
199.00913	2.79235
198.99316	2.79154
198.97719	2.79071
198.96123	2.78985
198.94527	2.78895
198.92931	2.78802
198.91336	2.78705
198.8974	2.78606
198.88145	2.78505
198.8655	2.78401
198.84956	2.78294
198.83362	2.78185
198.81768	2.78073
198.80174	2.77959
198.7858	2.77842
198.76987	2.77723
198.75394	2.77601
198.73801	2.77476
198.72209	2.77349
198.70617	2.7722
198.69025	2.77088
198.67433	2.76955
198.65841	2.76819
198.6425	2.76682
198.62659	2.76543
198.61069	2.76401
198.59478	2.76258
198.57888	2.76113
198.56298	2.75966
198.54708	2.75816
198.53119	2.75665
198.5153	2.75513
198.49941	2.7536
198.48352	2.75207
198.46764	2.75055
198.45176	2.74901
198.43588	2.74748
198.42	2.74595
198.40413	2.74442
198.38794	2.74289
198.37207	2.74135
198.3562	2.73982
198.34034	2.73828
198.32448	2.73674
198.30862	2.7352
198.29276	2.73366
198.27691	2.73212
198.26106	2.73057
198.24521	2.72904
198.22936	2.72752
198.21352	2.72602
198.19768	2.72454
198.18184	2.72308
198.16601	2.72163
198.15017	2.72021
198.13434	2.7188
198.11851	2.71741
198.10269	2.71604
198.08686	2.71468
198.07104	2.71335
198.05523	2.71203
198.03941	2.71074
198.0236	2.70946
198.00779	2.7082
197.99198	2.70695
197.97617	2.70573
197.96037	2.70452
197.94457	2.70334
197.92877	2.70217
197.91298	2.70102
197.89718	2.69989
197.88139	2.69877
197.8656	2.69768
197.84982	2.6966
197.83404	2.69554
197.81826	2.69451
197.80248	2.69348
197.7867	2.69245
197.77093	2.69143
197.75484	2.6904
197.73908	2.68937
197.72331	2.68834
197.70755	2.68732
197.69179	2.68629
197.67603	2.68526
197.66028	2.68423
197.64452	2.6832
197.62877	2.68217
197.61303	2.68115
197.59728	2.68015
197.58154	2.67915
197.5658	2.67817
197.55006	2.6772
197.53433	2.67624
197.51859	2.6753
197.50286	2.67437
197.48714	2.67345
197.47141	2.67254
197.45569	2.67165
197.43997	2.67077
197.42425	2.6699
197.40854	2.66905
197.39282	2.6682
197.37711	2.66737
197.36141	2.66656
197.3457	2.66575
197.33	2.66496
197.3143	2.66418
197.2986	2.66342
197.28291	2.66266
197.26721	2.66192
197.25152	2.6612
197.23584	2.66048
197.22015	2.65978
197.20447	2.65909
197.18879	2.65842
197.17311	2.65775
197.15743	2.6571
197.14176	2.65646
197.12578	2.65584
197.11011	2.65523
197.09445	2.65463
197.07878	2.65404
197.06312	2.65347
197.04747	2.65291
197.03181	2.65236
197.01616	2.65183
197.00051	2.65131
196.98486	2.6508
196.96922	2.6503
196.95357	2.64982
196.93793	2.64935
196.9223	2.64889
196.90666	2.64844
196.89103	2.64799
196.8754	2.64753
196.85977	2.64708
196.84414	2.64662
196.82852	2.64617
196.8129	2.64571
196.79728	2.64526
196.78167	2.64481
196.76605	2.64435
196.75044	2.6439
196.73484	2.64344
196.71923	2.64299
196.70363	2.64253
196.68803	2.64208
196.67243	2.64162
196.65683	2.64117
196.64124	2.64071
196.62565	2.64026
196.61006	2.6398
196.59448	2.63935
196.57889	2.63889
196.56331	2.63844
196.54773	2.63798
196.53216	2.63753
196.51659	2.63707
196.5007	2.63662
196.48513	2.63616
196.46957	2.63571
196.45401	2.63525
196.43844	2.63479
196.42289	2.63434
196.40733	2.63388
196.39178	2.63343
196.37623	2.63297
196.36068	2.63252
196.34513	2.63206
196.32959	2.6316
196.31405	2.63115
196.29851	2.63069
196.28297	2.63023
196.26744	2.62977
196.25191	2.62931
196.23638	2.62884
196.22085	2.62838
196.20533	2.62791
196.1898	2.62743
196.17429	2.62696
196.15877	2.62648
196.14325	2.626
196.12774	2.62552
196.11223	2.62503
196.09673	2.62454
196.08122	2.62405
196.06572	2.62356
196.05022	2.62306
196.03472	2.62256
196.01923	2.62205
196.00374	2.62154
195.98825	2.62103
195.97276	2.62052
195.95727	2.62
195.94179	2.61948
195.92631	2.61895
195.91084	2.61842
195.89536	2.61789
195.87958	2.61735
195.86411	2.61682
195.84864	2.61627
195.83318	2.61573
195.81771	2.61518
195.80225	2.61462
195.78679	2.61406
195.77134	2.6135
195.75589	2.61294
195.74044	2.61237
195.72499	2.6118
195.70954	2.61123
195.6941	2.61065
195.67866	2.61007
195.66322	2.60948
195.64778	2.60889
195.63235	2.6083
195.61692	2.6077
195.60149	2.6071
195.58606	2.6065
195.57064	2.6059
195.55522	2.60529
195.5398	2.60469
195.52438	2.60408
195.50897	2.60347
195.49356	2.60287
195.47815	2.60226
195.46274	2.60165
195.44734	2.60104
195.43194	2.60042
195.41654	2.59981
195.40114	2.59919
195.38575	2.59858
195.37035	2.59796
195.35496	2.59734
195.33958	2.59673
195.32419	2.59611
195.30881	2.59549
195.29343	2.59488
195.27805	2.59426
195.26237	2.59364
195.247	2.59302
195.23163	2.5924
195.21626	2.59179
195.20089	2.59117
195.18553	2.59055
195.17017	2.58993
195.15481	2.58931
195.13945	2.58869
195.1241	2.58808
195.10875	2.58745
195.0934	2.58684
195.07805	2.58622
195.06271	2.5856
195.04737	2.58498
195.03203	2.58436
195.01669	2.58374
195.00136	2.58312
194.98603	2.5825
194.9707	2.58188
194.95537	2.58128
194.94005	2.58068
194.92473	2.5801
194.90941	2.57952
194.89409	2.57895
194.87877	2.57839
194.86346	2.57784
194.84815	2.5773
194.83284	2.57677
194.81754	2.57625
194.80224	2.57574
194.78694	2.57523
194.77164	2.57474
194.75634	2.57425
194.74105	2.57378
194.72576	2.57331
194.71047	2.57285
194.69518	2.5724
194.6799	2.57196
194.66462	2.57153
194.64904	2.57112
194.63376	2.5707
194.61848	2.5703
194.60321	2.56991
194.58794	2.56953
194.57268	2.56915
194.55741	2.56879
194.54215	2.56843
194.52689	2.56808
194.51163	2.56775
194.49638	2.56742
194.48113	2.5671
194.46588	2.56679
194.45063	2.56649
194.43538	2.5662
194.42014	2.56592
194.4049	2.56565
194.38966	2.56539
194.37443	2.56513
194.35919	2.56489
194.34396	2.56465
194.32874	2.56443
194.31351	2.56421
194.29829	2.56401
194.28306	2.56381
194.26785	2.5636
194.25263	2.5634
194.23741	2.5632
194.2222	2.563
194.20699	2.5628
194.19179	2.5626
194.17658	2.5624
194.16138	2.5622
194.14618	2.562
194.13098	2.56181
194.11579	2.56161
194.10059	2.56141
194.0854	2.56121
194.07022	2.56102
194.05503	2.56082
194.03954	2.56062
194.02436	2.56043
194.00918	2.56023
193.99401	2.56004
193.97883	2.55985
193.96366	2.55965
193.94849	2.55946
193.93333	2.55927
193.91816	2.55907
193.903	2.55888
193.88784	2.55869
193.87269	2.5585
193.85753	2.55831
193.84238	2.55812
193.82723	2.55793
193.81208	2.55774
193.79694	2.55755
193.78179	2.55736
193.76665	2.55717
193.75151	2.55698
193.73638	2.5568
193.72124	2.55661
193.70611	2.55642
193.69098	2.55624
193.67586	2.55605
193.66073	2.55587
193.64561	2.55568
193.63049	2.5555
193.61538	2.55531
193.60026	2.55513
193.58515	2.55494
193.57004	2.55476
193.55493	2.55457
193.53983	2.55439
193.52473	2.5542
193.50962	2.55402
193.49453	2.55383
193.47943	2.55365
193.46434	2.55347
193.44925	2.55329
193.43386	2.55311
193.41877	2.55294
193.40369	2.55277
193.38861	2.5526
193.37353	2.55244
193.35845	2.55229
193.34337	2.55214
193.3283	2.55199
193.31323	2.55184
193.29817	2.5517
193.2831	2.55157
193.26804	2.55144
193.25298	2.55131
193.23792	2.55118
193.22286	2.55106
193.20781	2.55095
193.19276	2.55084
193.17771	2.55073
193.16266	2.55062
193.14762	2.55053
193.13258	2.55043
193.11754	2.55034
193.1025	2.55025
193.08747	2.55016
193.07244	2.55008
193.05741	2.55001
193.04238	2.54994
193.02735	2.54987
193.01233	2.5498
192.99731	2.54974
192.98229	2.54969
192.96728	2.54964
192.95226	2.54959
192.93725	2.54954
192.92224	2.5495
192.90724	2.54947
192.89223	2.54944
192.87723	2.54941
192.86223	2.54938
192.84723	2.54936
192.83194	2.54935
192.81695	2.54934
192.80196	2.54933
192.78697	2.54932
192.77198	2.54932
192.757	2.54931
192.74202	2.54931
192.72704	2.5493
192.71206	2.5493
192.69709	2.54929
192.68212	2.54929
192.66715	2.54928
192.65218	2.54928
192.63722	2.54928
192.62226	2.54927
192.6073	2.54927
192.59234	2.54926
192.57738	2.54926
192.56243	2.54925
192.54748	2.54925
192.53253	2.54924
192.51759	2.54924
192.50264	2.54923
192.4877	2.54923
192.47276	2.54922
192.45783	2.54922
192.44289	2.54922
192.42796	2.54921
192.41303	2.54921
192.3981	2.5492
192.38318	2.5492
192.36825	2.54919
192.35333	2.54919
192.33842	2.54918
192.3235	2.54918
192.30859	2.54917
192.29368	2.54917
192.27877	2.54916
192.26386	2.54916
192.24896	2.54915
192.23376	2.54915
192.21886	2.54914
192.20396	2.54914
192.18906	2.54914
192.17417	2.54913
192.15928	2.54913
192.14439	2.54912
192.12951	2.54912
192.11462	2.54911
192.09974	2.54911
192.08486	2.5491
192.06999	2.5491
192.05511	2.5491
192.04024	2.54909
192.02537	2.54909
192.0105	2.54908
191.99564	2.54908
191.98078	2.54907
191.96592	2.54907
191.95106	2.54906
191.9362	2.54906
191.92135	2.54905
191.9065	2.54905
191.89165	2.54904
191.8768	2.54904
191.86196	2.54904
191.84712	2.54903
191.83228	2.54903
191.81744	2.54902
191.8026	2.54902
191.78777	2.54902
191.77294	2.54901
191.75811	2.54901
191.74329	2.549
191.72846	2.549
191.71364	2.549
191.69882	2.54899
191.68401	2.54899
191.66919	2.54899
191.65438	2.54899
191.63927	2.54899
191.62447	2.54899
191.60966	2.54899
191.59486	2.54899
191.58006	2.54899
191.56526	2.54899
191.55046	2.54899
191.53567	2.54899
191.52088	2.54899
191.50609	2.549
191.4913	2.549
191.47652	2.549
191.46173	2.54901
191.44695	2.54901
191.43218	2.54902
191.4174	2.54902
191.40263	2.54903
191.38786	2.54903
191.37309	2.54904
191.35832	2.54904
191.34356	2.54905
191.32879	2.54906
191.31403	2.54907
191.29928	2.54907
191.28452	2.54908
191.26977	2.54909
191.25502	2.5491
191.24027	2.54911
191.22552	2.54911
191.21078	2.54912
191.19604	2.54913
191.1813	2.54914
191.16656	2.54915
191.15183	2.54916
191.1371	2.54917
191.12237	2.54918
191.10764	2.54919
191.09291	2.5492
191.07819	2.54921
191.06347	2.54922
191.04846	2.54924
191.03374	2.54925
191.01902	2.54926
191.00431	2.54927
190.9896	2.54928
190.9749	2.54929
190.96019	2.5493
190.94549	2.54931
190.93079	2.54932
190.91609	2.54933
190.90139	2.54933
190.8867	2.54934
190.87201	2.54934
190.85732	2.54934
190.84263	2.54935
190.82795	2.54935
190.81326	2.54936
190.79858	2.54936
190.78391	2.54936
190.76923	2.54937

