"Wavelength (nm)"	Reflectance
200	0.5907786
201	0.5879928
202	0.5823853
203	0.5739604
204	0.562661
205	0.5484153
206	0.531097
207	0.510581
208	0.4867072
209	0.4593456
210	0.428394
211	0.3937934
212	0.3556427
213	0.3142555
214	0.270202
215	0.2244748
216	0.1785945
217	0.1345619
218	0.0949913
219	0.0627011
220	0.0403718
221	0.029978
222	0.0322961
223	0.046689
224	0.0712903
225	0.1034938
226	0.153038
227	0.2173589
228	0.2814493
229	0.3413097
230	0.3950889
231	0.4422188
232	0.4828409
233	0.5174398
234	0.5468185
235	0.5716978
236	0.5926915
237	0.6104263
238	0.6255997
239	0.6383311
240	0.6488687
241	0.6575892
242	0.6643895
243	0.6691771
244	0.6719545
245	0.6725021
246	0.6707581
247	0.6666536
248	0.6598292
249	0.6446721
250	0.6267489
251	0.6057354
252	0.5816352
253	0.5542092
254	0.5233949
255	0.4891351
256	0.4515586
257	0.411211
258	0.3687497
259	0.3258664
260	0.2847037
261	0.2484676
262	0.2193413
263	0.2027666
264	0.2015768
265	0.2163209
266	0.244199
267	0.2820245
268	0.324975
269	0.3699735
270	0.4136818
271	0.4541976
272	0.491137
273	0.5239899
274	0.55268
275	0.5776132
276	0.5983097
277	0.6152168
278	0.6298917
279	0.6425598
280	0.6536137
281	0.6630828
282	0.6711963
283	0.6781392
284	0.683922
285	0.6884097
286	0.6913281
287	0.6928658
288	0.6920345
289	0.6895429
290	0.6852342
291	0.6798442
292	0.6736113
293	0.6668761
294	0.6597575
295	0.6523523
296	0.6448266
297	0.6370569
298	0.6290595
299	0.6208729
300	0.6123512
301	0.6034796
302	0.5942483
303	0.5846775
304	0.5746451
305	0.5641541
306	0.5531461
307	0.5416281
308	0.5295871
309	0.517008
310	0.503829
311	0.4913007
312	0.4782937
313	0.4648351
314	0.4509213
315	0.4365454
316	0.421661
317	0.4063033
318	0.3905
319	0.374229
320	0.3575073
321	0.3403309
322	0.3227563
323	0.3047815
324	0.2865876
325	0.2682124
326	0.2496635
327	0.2311054
328	0.2126568
329	0.1943881
330	0.1764521
331	0.1590279
332	0.142267
333	0.1263376
334	0.111417
335	0.097686
336	0.085328
337	0.0744241
338	0.0651401
339	0.0576276
340	0.0519658
341	0.0482246
342	0.0464166
343	0.0465544
344	0.0486273
345	0.0525857
346	0.0583508
347	0.0658387
348	0.0749391
349	0.0855281
350	0.0975049
351	0.1107081
352	0.1250839
353	0.140533
354	0.1569065
355	0.173708
356	0.1910524
357	0.2089443
358	0.2272557
359	0.2456524
360	0.2640297
361	0.2820899
362	0.2997672
363	0.3167028
364	0.3326656
365	0.3476434
366	0.3613624
367	0.3739655
368	0.3852584
369	0.3955232
370	0.4046383
371	0.4129052
372	0.4202807
373	0.4268434
374	0.4325158
375	0.4374793
376	0.4418846
377	0.4456657
378	0.4491078
379	0.4522027
380	0.4549636
381	0.4574278
382	0.4596046
383	0.4615698
384	0.4633861
385	0.4649309
386	0.4664262
387	0.4676695
388	0.4687845
389	0.469752
390	0.4705091
391	0.4712354
392	0.471734
393	0.4721623
394	0.4724534
395	0.4725698
396	0.4726762
397	0.4725827
398	0.4724098
399	0.4721168
400	0.4716485
401	0.4711546
402	0.4704818
403	0.4697124
404	0.4688623
405	0.467845
406	0.4667256
407	0.4654601
408	0.4640634
409	0.4626319
410	0.4610478
411	0.4593663
412	0.4575965
413	0.4556803
414	0.4537497
415	0.4517486
416	0.4496307
417	0.4474969
418	0.4452551
419	0.4429151
420	0.4405365
421	0.4380486
422	0.4354766
423	0.4328536
424	0.4301241
425	0.4273264
426	0.4244821
427	0.4215405
428	0.418531
429	0.4154566
430	0.412288
431	0.4090605
432	0.4057741
433	0.4023972
434	0.3989962
435	0.3955766
436	0.3920761
437	0.3884652
438	0.3847322
439	0.3809138
440	0.3770512
441	0.3731827
442	0.369237
443	0.3652167
444	0.3611229
445	0.3569529
446	0.3527126
447	0.3485472
448	0.3443177
449	0.3400257
450	0.33558
451	0.3310444
452	0.3264433
453	0.3218758
454	0.3173415
455	0.3127544
456	0.3081267
457	0.3034937
458	0.298814
459	0.2940897
460	0.2893708
461	0.2846232
462	0.2798381
463	0.2750356
464	0.270229
465	0.2653932
466	0.2605307
467	0.255437
468	0.2502936
469	0.2451237
470	0.2400206
471	0.2350478
472	0.2300623
473	0.225067
474	0.2197345
475	0.214302
476	0.2088602
477	0.2034903
478	0.198562
479	0.1936423
480	0.1887348
481	0.183747
482	0.1786632
483	0.1735984
484	0.1685563
485	0.1636244
486	0.158758
487	0.153925
488	0.1491288
489	0.1444044
490	0.1397276
491	0.1350982
492	0.1305194
493	0.1259788
494	0.1214951
495	0.1170722
496	0.1127192
497	0.1086506
498	0.1046475
499	0.1007126
500	0.0968411
501	0.0929568
502	0.0891507
503	0.0854257
504	0.081788
505	0.0784004
506	0.075096
507	0.0718767
508	0.0687443
509	0.0655125
510	0.062356
511	0.0593011
512	0.0563498
513	0.053592
514	0.0509748
515	0.0484588
516	0.0460452
517	0.0437165
518	0.0414682
519	0.0393275
520	0.0372953
521	0.0353735
522	0.0335739
523	0.0318833
524	0.0303019
525	0.0288299
526	0.0274491
527	0.0261706
528	0.025004
529	0.0239491
530	0.0230101
531	0.0222013
532	0.0214967
533	0.0208955
534	0.0203966
535	0.0199998
536	0.0197013
537	0.0194987
538	0.0193907
539	0.0193759
540	0.019452
541	0.0196239
542	0.0198902
543	0.0202491
544	0.0206968
545	0.021225
546	0.021837
547	0.0225308
548	0.0233045
549	0.0241727
550	0.0251458
551	0.0262015
552	0.0273378
553	0.0285521
554	0.0297907
555	0.0310458
556	0.03236
557	0.0337315
558	0.0351581
559	0.0366816
560	0.0383009
561	0.0399769
562	0.0417075
563	0.0434904
564	0.045295
565	0.0471097
566	0.0489663
567	0.0508627
568	0.0527971
569	0.0547824
570	0.0568422
571	0.0589372
572	0.0610654
573	0.063225
574	0.0654138
575	0.0676145
576	0.0698406
577	0.0720905
578	0.0743625
579	0.076655
580	0.0789306
581	0.0812031
582	0.08349
583	0.0857899
584	0.0881014
585	0.0904305
586	0.0928005
587	0.0951792
588	0.0975657
589	0.0999584
590	0.1023563
591	0.1047738
592	0.1072043
593	0.1096371
594	0.1120712
595	0.1145055
596	0.1169392
597	0.1193698
598	0.1217978
599	0.1242224
600	0.1266428
601	0.1290582
602	0.1314648
603	0.1338491
604	0.1362263
605	0.1385955
606	0.140956
607	0.1433071
608	0.1456496
609	0.1479856
610	0.1503105
611	0.1526239
612	0.1549252
613	0.1572141
614	0.1594939
615	0.1617729
616	0.1640385
617	0.1662902
618	0.1685276
619	0.1707503
620	0.1729554
621	0.1750464
622	0.1771222
623	0.1791826
624	0.1812476
625	0.1832973
626	0.185331
627	0.1873605
628	0.1893761
629	0.1913754
630	0.1933626
631	0.1953355
632	0.1972917
633	0.1992304
634	0.2011512
635	0.2030552
636	0.2049423
637	0.2068132
638	0.2086668
639	0.2105032
640	0.2123141
641	0.214107
642	0.2158825
643	0.2176319
644	0.2193585
645	0.2210676
646	0.2227619
647	0.2244463
648	0.2261132
649	0.2277626
650	0.2293942
651	0.2310085
652	0.2326055
653	0.234192
654	0.2357688
655	0.2373286
656	0.2388714
657	0.2404062
658	0.2419241
659	0.2434252
660	0.2449032
661	0.2463587
662	0.2477973
663	0.2492191
664	0.2506272
665	0.2520186
666	0.2533932
667	0.2547535
668	0.2561001
669	0.2574303
670	0.2587442
671	0.2600416
672	0.2613227
673	0.2625878
674	0.2638374
675	0.2650734
676	0.2662937
677	0.2674983
678	0.2686935
679	0.2698792
680	0.2710495
681	0.2722045
682	0.273347
683	0.2744754
684	0.2755888
685	0.2766875
686	0.2777752
687	0.2788482
688	0.2799066
689	0.28095
690	0.2819771
691	0.2829899
692	0.2839886
693	0.2849731
694	0.2859435
695	0.2869
696	0.2878426
697	0.2887698
698	0.2896816
699	0.2905798
700	0.2914645
701	0.2923388
702	0.2932023
703	0.2940526
704	0.2948899
705	0.2957141
706	0.2965256
707	0.2973243
708	0.2981102
709	0.2988787
710	0.2996305
711	0.3003697
712	0.3010965
713	0.3018203
714	0.3025425
715	0.3032527
716	0.3039509
717	0.3046423
718	0.3053315
719	0.3060091
720	0.3066752
721	0.3073281
722	0.3079629
723	0.3085864
724	0.3091987
725	0.3097998
726	0.3103851
727	0.3109592
728	0.3115224
729	0.3120747
730	0.3126237
731	0.3131651
732	0.313696
733	0.3142165
734	0.3147302
735	0.3152392
736	0.3157379
737	0.3162265
738	0.3167047
739	0.3171586
740	0.3176025
741	0.3180365
742	0.3184607
743	0.3188728
744	0.3192738
745	0.3196653
746	0.3200472
747	0.3204191
748	0.3207774
749	0.3211265
750	0.3214663
751	0.321797
752	0.3221286
753	0.3224576
754	0.3227777
755	0.3230889
756	0.3233916
757	0.3236955
758	0.3239908
759	0.3242775
760	0.3245558
761	0.3248279
762	0.325095
763	0.3253538
764	0.3256044
765	0.3258468
766	0.3260859
767	0.326319
768	0.3265442
769	0.3267615
770	0.3269709
771	0.3271562
772	0.3273326
773	0.3275014
774	0.3276626
775	0.3278146
776	0.3279479
777	0.3280736
778	0.328192
779	0.328303
780	0.3284099
781	0.3285192
782	0.3286214
783	0.3287165
784	0.3288045
785	0.3288848
786	0.3289563
787	0.329021
788	0.3290788
789	0.3291299
790	0.3291764
791	0.3292209
792	0.3292587
793	0.3292901
794	0.3293149
795	0.3293305
796	0.3293319
797	0.329327
798	0.3293157
799	0.3292982
800	0.3292732
801	0.3292331
802	0.3291868
803	0.3291344
804	0.329076
805	0.3290117
806	0.3289657
807	0.3289154
808	0.3288593
809	0.3287975
810	0.3287299
811	0.3286696
812	0.32861
813	0.3285449
814	0.3284743
815	0.3283982
816	0.32831
817	0.3282036
818	0.3280918
819	0.3279747
820	0.3278523
821	0.3277247
822	0.3275825
823	0.3274346
824	0.3272816
825	0.3271235
826	0.3269604
827	0.3267953
828	0.3266286
829	0.3264569
830	0.3262803
831	0.3260988
832	0.3259125
833	0.3257214
834	0.3255256
835	0.325325
836	0.3251198
837	0.3249099
838	0.3246954
839	0.3244764
840	0.3242528
841	0.3240248
842	0.3237923
843	0.3235553
844	0.323314
845	0.3230684
846	0.3228184
847	0.3225641
848	0.3223057
849	0.322043
850	0.3217761
851	0.3215051
852	0.32123
853	0.3209509
854	0.3206677
855	0.3203805
856	0.3200893
857	0.3197942
858	0.3194952
859	0.3191924
860	0.3188857
861	0.3185752
862	0.3182609
863	0.3179429
864	0.3176212
865	0.3172958
866	0.3169667
867	0.3166341
868	0.3162979
869	0.3159581
870	0.3156148
871	0.315268
872	0.3149177
873	0.3145641
874	0.314207
875	0.3138465
876	0.3134827
877	0.3131156
878	0.3127452
879	0.3123716
880	0.3119947
881	0.3116146
882	0.3112314
883	0.310845
884	0.3104555
885	0.310063
886	0.3096768
887	0.3093016
888	0.3089235
889	0.3085423
890	0.3081581
891	0.307771
892	0.3073809
893	0.306988
894	0.3065922
895	0.3061935
896	0.305792
897	0.3053877
898	0.3049806
899	0.3045708
900	0.3041583
901	0.3037431
902	0.3033251
903	0.3029046
904	0.3024814
905	0.3020556
906	0.3016273
907	0.3011964
908	0.3007629
909	0.300327
910	0.2998886
911	0.2994477
912	0.2990044
913	0.2985586
914	0.2981105
915	0.2976601
916	0.2972073
917	0.2967521
918	0.2962947
919	0.295835
920	0.2953731
921	0.2949089
922	0.2944425
923	0.293974
924	0.2935032
925	0.2930304
926	0.2925554
927	0.2920783
928	0.2915992
929	0.291118
930	0.2906348
931	0.2901495
932	0.2896623
933	0.2891731
934	0.288682
935	0.2881889
936	0.287694
937	0.2871971
938	0.2866984
939	0.2861979
940	0.2856955
941	0.2851913
942	0.2846854
943	0.2841777
944	0.2836682
945	0.2831571
946	0.2826442
947	0.2821297
948	0.2816135
949	0.2810956
950	0.2805761
951	0.280055
952	0.2795324
953	0.2790082
954	0.2784852
955	0.2779672
956	0.2774477
957	0.2769267
958	0.2764042
959	0.2758801
960	0.2753547
961	0.2748277
962	0.2742994
963	0.2737697
964	0.2732385
965	0.272706
966	0.2721722
967	0.2716369
968	0.2711004
969	0.2705626
970	0.2700235
971	0.2694832
972	0.2689415
973	0.2683987
974	0.2678546
975	0.2673094
976	0.2667629
977	0.2662154
978	0.2656666
979	0.2651168
980	0.2645658
981	0.2640137
982	0.2634605
983	0.2629064
984	0.2623511
985	0.2617948
986	0.2612376
987	0.2606792
988	0.26012
989	0.2595598
990	0.2589986
991	0.2584365
992	0.2578735
993	0.2573095
994	0.2567448
995	0.2561791
996	0.2556126
997	0.2550452
998	0.2544771
999	0.2539081
1000	0.2533384
