Wavelenght	Reflectance
200.0	33.292
202.0	33.155
204.0	32.895
206.0	32.802
208.0	32.563
210.0	31.863
212.0	31.125
214.0	30.952
216.0	31.942
218.0	33.472
220.0	34.716
222.0	35.09
224.0	34.74
226.0	33.677
228.0	32.211
230.0	30.511
232.0	28.656
234.0	26.757
236.0	25.013
238.0	23.323
240.0	22.021
242.0	21.291
244.0	20.648
246.0	20.231
248.0	20.584
250.0	20.651
252.0	21.536
254.0	22.086
256.0	22.652
258.0	24.54
260.0	23.741
262.0	27.116
264.0	25.081
266.0	29.116
268.0	27.269
270.0	29.122
272.0	31.511
274.0	26.627
276.0	36.233
278.0	25.502
280.0	34.997
282.0	33.528
284.0	25.865
286.0	40.111
288.0	28.428
290.0	28.574
292.0	41.288
294.0	27.435
296.0	26.93
298.0	41.503
300.0	31.415
302.0	21.639
304.0	37.818
306.0	37.968
308.0	21.192
310.0	27.182
312.0	40.434
314.0	30.91
316.0	17.708
318.0	29.362
320.0	38.826
322.0	28.241
324.0	16.005
326.0	24.906
328.0	31.691
330.0	27.773
332.0	17.332
334.0	15.287
336.0	25.767
338.0	29.623
340.0	22.634
342.0	15.446
344.0	16.057
346.0	25.044
348.0	26.957
350.0	21.558
352.0	17.31
354.0	15.643
356.0	20.986
358.0	25.214
360.0	23.071
362.0	21.015
364.0	19.285
366.0	17.297
368.0	21.194
370.0	22.859
372.0	22.303
374.0	23.435
376.0	21.745
378.0	17.581
380.0	18.205
382.0	19.799
384.0	20.513
386.0	22.917
388.0	24.423
390.0	21.871
392.0	17.51
394.0	15.889
396.0	16.82
398.0	19.571
400.0	23.581
402.0	26.371
404.0	25.267
406.0	20.528
408.0	16.012
410.0	14.778
412.0	16.685
414.0	20.829
416.0	25.332
418.0	28.059
420.0	27.367
422.0	23.207
424.0	17.702
426.0	14.342
428.0	14.864
430.0	18.576
432.0	23.611
434.0	28.022
436.0	30.123
438.0	29.216
440.0	25.277
442.0	19.73
444.0	15.364
446.0	14.315
448.0	16.827
450.0	21.414
452.0	26.164
454.0	29.874
456.0	31.428
458.0	30.54
460.0	27.068
462.0	21.819
464.0	16.872
466.0	14.487
468.0	15.551
470.0	19.129
472.0	23.698
474.0	27.953
476.0	31.085
478.0	32.397
480.0	31.828
482.0	29.176
484.0	24.763
486.0	19.904
488.0	16.126
490.0	14.875
492.0	16.486
494.0	19.991
496.0	24.256
498.0	28.147
500.0	31.162
502.0	32.864
504.0	33.085
506.0	31.699
508.0	28.733
510.0	24.625
512.0	20.31
514.0	17.027
516.0	15.684
518.0	16.599
520.0	19.316
522.0	22.956
524.0	26.68
526.0	29.939
528.0	32.340999
530.0	33.738
532.0	33.884
534.0	32.784
536.0	30.42
538.0	27.096
540.0	23.347
542.0	19.821
544.0	17.363
546.0	16.434
548.0	17.213
550.0	19.395
552.0	22.346
554.0	25.621
556.0	28.619
558.0	31.281
560.0	33.459
562.0	34.46
564.0	34.446
566.0	33.464
568.0	31.574
570.0	28.932
572.0	25.829
574.0	22.63
576.0	19.88
578.0	18.005
580.0	17.341
582.0	17.922
584.0	19.554
586.0	21.938
588.0	24.645
590.0	27.356
592.0	29.742
594.0	31.783
596.0	33.189
598.0	33.983999
600.0	34.073
602.0	33.428999
604.0	32.086
606.0	30.116
608.0	27.705
610.0	25.06
612.0	22.45
614.0	20.177
616.0	18.491
618.0	17.592
620.0	17.519
622.0	18.248
624.0	19.674
626.0	21.579
628.0	23.769
630.0	26.083
632.0	28.278
634.0	30.244
636.0	31.794
638.0	32.921
640.0	33.498
642.0	33.535
644.0	33.049
646.0	32.022
648.0	30.591
650.0	28.812
652.0	26.812
654.0	24.705
656.0	22.682
658.0	20.893
660.0	19.424
662.0	18.44
664.0	17.947
666.0	18.048
668.0	18.681
670.0	19.78
672.0	21.24
674.0	22.914
676.0	24.757
678.0	26.557
680.0	28.238
682.0	29.741
684.0	30.924
686.0	31.765
688.0	32.306
690.0	32.456
692.0	32.221
694.0	31.634
696.0	30.719
698.0	29.538
700.0	28.138
702.0	26.573
704.0	25.003
706.0	23.449
708.0	21.973
710.0	20.682
712.0	19.621
714.0	18.851
716.0	18.386
718.0	18.246
720.0	18.454
722.0	18.993
724.0	19.82
726.0	20.904
728.0	22.168
730.0	23.521
732.0	24.924
734.0	26.274
736.0	27.548
738.0	28.665
740.0	29.601
742.0	30.276
744.0	30.755
746.0	30.934
748.0	30.911
750.0	30.615
752.0	30.115
754.0	29.429
756.0	28.55
758.0	27.544
760.0	26.439
762.0	25.363
764.0	24.228
766.0	23.084
768.0	22.128
770.0	21.218
772.0	20.411
774.0	19.751
776.0	19.283
778.0	18.976
780.0	18.763
782.0	18.805
784.0	19.091
786.0	19.521
788.0	20.09
790.0	20.793
792.0	21.619
794.0	22.583
796.0	23.71
798.0	24.711
800.0	25.664
802.0	26.621
804.0	27.429
806.0	28.134
808.0	28.641
810.0	29.018
812.0	29.272
814.0	29.302
816.0	29.231
818.0	29.002
820.0	28.608
822.0	28.141
824.0	27.542
826.0	26.863
828.0	26.142
830.0	25.326
832.0	24.568
834.0	23.777
836.0	23.033
838.0	22.261
840.0	21.589
842.0	20.94
844.0	20.401
846.0	19.893
848.0	19.507
850.0	19.197
852.0	19.013
854.0	18.879
856.0	18.856
858.0	18.962
860.0	19.131
862.0	19.373
864.0	19.713
866.0	20.107
868.0	20.558
870.0	21.055
872.0	21.585
874.0	22.122
876.0	22.614
878.0	23.08
880.0	23.481
882.0	24.105
884.0	24.795
886.0	25.301
888.0	25.636
890.0	25.797
892.0	25.928
894.0	25.952
896.0	25.956
898.0	25.798
900.0	25.67
902.0	25.359
904.0	25.083
906.0	24.635
908.0	24.132
910.0	23.392
912.0	22.64
914.0	21.844
916.0	20.998
918.0	20.197
920.0	19.514
922.0	18.955
924.0	18.495
926.0	18.155
928.0	17.868
930.0	17.667
932.0	17.504
934.0	17.368
936.0	17.314
938.0	17.3
940.0	17.338
942.0	17.319
944.0	17.4
946.0	17.506
948.0	17.645
950.0	17.809
952.0	17.979
954.0	18.191
956.0	18.436
958.0	18.657
960.0	18.961
962.0	19.226
964.0	19.538
966.0	19.836
968.0	20.109
970.0	20.41
972.0	20.686
974.0	20.934
976.0	21.142
978.0	21.39
980.0	21.567
982.0	21.699
984.0	21.813
986.0	21.89
988.0	21.919
990.0	21.947
992.0	21.892
994.0	21.833
996.0	21.713
998.0	21.526
1000.0	21.415
1002.0	21.248
1004.0	21.002
1006.0	20.781
1008.0	20.533
1010.0	20.324
1012.0	20.059
1014.0	19.824
1016.0	19.59
1018.0	19.341
1020.0	19.134
1022.0	18.876
1024.0	18.722
1026.0	18.513
1028.0	18.391
1030.0	18.242
1032.0	18.176
1034.0	18.025
1036.0	18.04
1038.0	17.947
1040.0	17.889
1042.0	17.907
1044.0	17.972
1046.0	18.051
1048.0	18.132
1050.0	18.264
1052.0	18.42
1054.0	18.543
1056.0	18.762
1058.0	18.979
1060.0	19.27
1062.0	19.581
1064.0	19.809
1066.0	20.139
1068.0	20.431
1070.0	20.693
1072.0	20.959
1074.0	21.289
1076.0	21.503
1078.0	21.9
1080.0	22.204
1082.0	22.429
1084.0	22.881
1086.0	23.128
1088.0	23.33
1090.0	23.657
1092.0	23.925
1094.0	24.193
1096.0	24.38
1098.0	24.6
1100.0	24.731
