Wavelenght	Reflectance
900.000000	 21.643000 
898.000000	 20.251000 
896.000000	 18.914000 
894.000000	 17.754000 
892.000000	 16.826000 
890.000000	 16.006000 
888.000000	 15.447000 
886.000000	 15.062000 
884.000000	 14.728000 
882.000000	 14.586000 
880.000000	 14.849000 
878.000000	 15.566000 
876.000000	 16.486000 
874.000000	 17.552000 
872.000000	 18.740000 
870.000000	 20.069000 
868.000000	 21.421000 
866.000000	 22.856000 
864.000000	 24.249000 
862.000000	 25.588000 
860.000000	 26.871000 
858.000000	 28.024000 
856.000000	 29.034000 
854.000000	 29.921000 
852.000000	 30.560000 
850.000000	 31.015000 
848.000000	 31.277000 
846.000000	 31.316000 
844.000000	 31.144000 
842.000000	 30.746000 
840.000000	 30.171000 
838.000000	 29.418000 
836.000000	 28.452000 
834.000000	 27.397000 
832.000000	 26.160000 
830.000000	 24.784000 
828.000000	 23.355000 
826.000000	 21.838000 
824.000000	 20.301000 
822.000000	 18.775000 
820.000000	 17.297000 
818.000000	 15.988000 
816.000000	 14.845000 
814.000000	 13.957000 
812.000000	 13.342000 
810.000000	 13.023000 
808.000000	 13.045000 
806.000000	 13.410000 
804.000000	 14.064000 
802.000000	 15.030000 
800.000000	 16.271000 
798.000000	 17.687000 
796.000000	 19.270000 
794.000000	 20.725000 
792.000000	 22.340000 
790.000000	 23.805000 
788.000000	 25.132000 
786.000000	 26.350000 
784.000000	 27.278000 
782.000000	 27.847000 
780.000000	 28.206000 
778.000000	 28.518000 
776.000000	 28.277000 
774.000000	 27.762000 
772.000000	 27.012000 
770.000000	 25.963000 
768.000000	 24.681000 
766.000000	 23.016000 
764.000000	 21.395000 
762.000000	 19.643000 
760.000000	 17.808000 
758.000000	 16.023000 
756.000000	 14.336000 
754.000000	 12.827000 
752.000000	 11.604000 
750.000000	 10.767000 
748.000000	 10.366000 
746.000000	 10.426000 
744.000000	 10.987000 
742.000000	 11.960000 
740.000000	 13.336000 
738.000000	 14.997000 
736.000000	 16.830000 
734.000000	 18.723000 
732.000000	 20.534000 
730.000000	 22.198000 
728.000000	 23.600000 
726.000000	 24.729000 
724.000000	 25.464000 
722.000000	 25.813000 
720.000000	 25.776000 
718.000000	 25.361000 
716.000000	 24.570000 
714.000000	 23.444000 
712.000000	 21.998000 
710.000000	 20.314000 
708.000000	 18.409000 
706.000000	 16.381000 
704.000000	 14.375000 
702.000000	 12.509000 
700.000000	 10.959000 
698.000000	 9.829000  
696.000000	 9.302000  
694.000000	 9.442000  
692.000000	 10.276000 
690.000000	 11.722000 
688.000000	 13.660000 
686.000000	 15.888000 
684.000000	 18.252000 
682.000000	 20.516000 
680.000000	 22.594000 
678.000000	 24.278000 
676.000000	 25.572000 
674.000000	 26.303000 
672.000000	 26.552000 
670.000000	 26.230000 
668.000000	 25.381000 
666.000000	 24.019000 
664.000000	 22.249000 
662.000000	 20.120000 
660.000000	 17.766000 
658.000000	 15.367000 
656.000000	 13.194000 
654.000000	 11.473000 
652.000000	 10.433000 
650.000000	 10.276000 
648.000000	 11.094000 
646.000000	 12.818000 
644.000000	 15.297000 
642.000000	 18.243000 
640.000000	 21.371000 
638.000000	 24.275000 
636.000000	 26.749000 
634.000000	 28.613000 
632.000000	 29.729000 
630.000000	 30.100000 
628.000000	 29.717000 
626.000000	 28.618000 
624.000000	 26.849000 
622.000000	 24.497000 
620.000000	 21.697000 
618.000000	 18.703000 
616.000000	 15.947000 
614.000000	 13.738000 
612.000000	 12.587000 
610.000000	 12.827000 
608.000000	 14.520000 
606.000000	 17.387000 
604.000000	 21.038000 
602.000000	 25.000000 
600.000000	 28.607000 
598.000000	 31.585000 
596.000000	 33.686000 
594.000000	 34.816000 
592.000000	 34.937000 
590.000000	 34.007000 
588.000000	 32.085000 
586.000000	 29.244000 
584.000000	 25.573000 
582.000000	 21.716000 
580.000000	 18.263000 
578.000000	 15.932000 
576.000000	 15.377000 
574.000000	 16.872000 
572.000000	 20.142000 
570.000000	 24.401000 
568.000000	 28.858000 
566.000000	 32.848000 
564.000000	 35.835000 
562.000000	 37.606000 
560.000000	 38.028000 
558.000000	 36.665000 
556.000000	 34.379000 
554.000000	 31.102000 
552.000000	 26.784000 
550.000000	 22.215000 
548.000000	 18.361000 
546.000000	 16.383000 
544.000000	 17.143000 
542.000000	 20.485000 
540.000000	 25.392000 
538.000000	 30.622000 
536.000000	 35.139000 
534.000000	 38.215000 
532.000000	 39.582000 
530.000000	 39.235000 
528.000000	 37.154000 
526.000000	 33.343000 
524.000000	 28.154000 
522.000000	 22.435000 
520.000000	 17.724000 
518.000000	 15.829000 
516.000000	 17.660000 
514.000000	 22.532000 
512.000000	 28.548000 
510.000000	 33.957000 
508.000000	 37.562000 
506.000000	 38.916000 
504.000000	 38.014000 
502.000000	 34.817000 
500.000000	 29.603000 
498.000000	 22.884000 
496.000000	 16.703000 
494.000000	 13.552000 
492.000000	 15.148000 
490.000000	 20.725000 
488.000000	 27.536000 
486.000000	 33.251000 
484.000000	 36.328000 
482.000000	 36.470000 
480.000000	 33.580000 
478.000000	 27.804000 
476.000000	 20.331000 
474.000000	 13.573000 
472.000000	 11.076000 
470.000000	 14.485000 
468.000000	 21.798000 
466.000000	 29.191000 
464.000000	 33.977000 
462.000000	 35.054000 
460.000000	 32.020000 
458.000000	 25.197000 
456.000000	 16.433000 
454.000000	 10.009000 
452.000000	 10.552000 
450.000000	 17.894000 
448.000000	 26.996000 
446.000000	 33.554000 
444.000000	 35.551000 
442.000000	 32.391000 
440.000000	 24.519000 
438.000000	 14.652000 
436.000000	 9.302000  
434.000000	 13.814000 
432.000000	 24.585000 
430.000000	 34.010000 
428.000000	 37.974999 
426.000000	 35.396000 
424.000000	 26.550000 
422.000000	 15.073000 
420.000000	 10.720000 
418.000000	 18.778000 
416.000000	 32.170000 
414.000000	 41.295000 
412.000000	 42.770000 
410.000000	 35.970000 
408.000000	 22.498000 
406.000000	 13.111000 
404.000000	 21.005000 
402.000000	 37.082000 
400.000000	 46.922999 

