Wavelenght	Reflectance
1100.000000	21.394000 
1098.000000	20.957000 
1096.000000	20.517000 
1094.000000	20.167000 
1092.000000	19.779000 
1090.000000	19.599000 
1088.000000	19.405000 
1086.000000	19.230000 
1084.000000	19.213000 
1082.000000	19.190000 
1080.000000	19.255000 
1078.000000	19.493000 
1076.000000	19.744000 
1074.000000	20.090000 
1072.000000	20.357000 
1070.000000	20.879000 
1068.000000	21.382000 
1066.000000	21.835000 
1064.000000	22.408000 
1062.000000	22.954000 
1060.000000	23.486000 
1058.000000	24.056000 
1056.000000	24.668000 
1054.000000	25.212000 
1052.000000	25.829000 
1050.000000	26.409000 
1048.000000	26.922000 
1046.000000	27.405000 
1044.000000	27.848000 
1042.000000	28.270000 
1040.000000	28.679000 
1038.000000	28.960000 
1036.000000	29.213000 
1034.000000	29.322000 
1032.000000	29.430000 
1030.000000	29.381000 
1028.000000	29.276000 
1026.000000	29.136000 
1024.000000	28.934000 
1022.000000	28.614000 
1020.000000	28.263000 
1018.000000	27.758000 
1016.000000	27.246000 
1014.000000	26.650000 
1012.000000	26.002000 
1010.000000	25.346000 
1008.000000	24.599000 
1006.000000	23.829000 
1004.000000	23.045000 
1002.000000	22.201000 
1000.000000	21.387000 
998.000000	 20.544000 
996.000000	 19.710000 
994.000000	 18.894000 
992.000000	 18.102000 
990.000000	 17.372000 
988.000000	 16.695000 
986.000000	 16.089000 
984.000000	 15.580000 
982.000000	 15.170000 
980.000000	 14.870000 
978.000000	 14.678000 
976.000000	 14.589000 
974.000000	 14.744000 
972.000000	 14.986000 
970.000000	 15.379000 
968.000000	 15.881000 
966.000000	 16.510000 
964.000000	 17.288000 
962.000000	 18.130000 
960.000000	 19.080000 
958.000000	 20.041000 
956.000000	 21.129000 
954.000000	 22.160000 
952.000000	 23.169000 
950.000000	 24.180000 
948.000000	 25.118000 
946.000000	 25.995000 
944.000000	 26.792000 
942.000000	 27.487000 
940.000000	 28.074000 
938.000000	 28.508000 
936.000000	 28.821000 
934.000000	 29.027000 
932.000000	 29.131000 
930.000000	 29.082000 
928.000000	 28.987000 
926.000000	 28.883000 
924.000000	 28.796000 
922.000000	 28.759000 
920.000000	 28.795000 
918.000000	 28.891000 
916.000000	 28.976000 
914.000000	 28.948000 
912.000000	 28.694000 
910.000000	 28.019000 
908.000000	 27.149000 
906.000000	 25.912000 
904.000000	 24.573000 
902.000000	 23.043000 
900.000000	 21.643000 
898.000000	 20.251000 
896.000000	 18.914000 
894.000000	 17.754000 
892.000000	 16.826000 
890.000000	 16.006000 
888.000000	 15.447000 
886.000000	 15.062000 
884.000000	 14.728000 
882.000000	 14.586000 
880.000000	 14.849000 
878.000000	 15.566000 
876.000000	 16.486000 
874.000000	 17.552000 
872.000000	 18.740000 
870.000000	 20.069000 
868.000000	 21.421000 
866.000000	 22.856000 
864.000000	 24.249000 
862.000000	 25.588000 
860.000000	 26.871000 
858.000000	 28.024000 
856.000000	 29.034000 
854.000000	 29.921000 
852.000000	 30.560000 
850.000000	 31.015000 
848.000000	 31.277000 
846.000000	 31.316000 
844.000000	 31.144000 
842.000000	 30.746000 
840.000000	 30.171000 
838.000000	 29.418000 
836.000000	 28.452000 
834.000000	 27.397000 
832.000000	 26.160000 
830.000000	 24.784000 
828.000000	 23.355000 
826.000000	 21.838000 
824.000000	 20.301000 
822.000000	 18.775000 
820.000000	 17.297000 
818.000000	 15.988000 
816.000000	 14.845000 
814.000000	 13.957000 
812.000000	 13.342000 
810.000000	 13.023000 
808.000000	 13.045000 
806.000000	 13.410000 
804.000000	 14.064000 
802.000000	 15.030000 
800.000000	 16.271000 
798.000000	 17.687000 
796.000000	 19.270000 
794.000000	 20.725000 
792.000000	 22.340000 
790.000000	 23.805000 
788.000000	 25.132000 
786.000000	 26.350000 
784.000000	 27.278000 
782.000000	 27.847000 
780.000000	 28.206000 
778.000000	 28.518000 
776.000000	 28.277000 
774.000000	 27.762000 
772.000000	 27.012000 
770.000000	 25.963000 
768.000000	 24.681000 
766.000000	 23.016000 
764.000000	 21.395000 
762.000000	 19.643000 
760.000000	 17.808000 
758.000000	 16.023000 
756.000000	 14.336000 
754.000000	 12.827000 
752.000000	 11.604000 
750.000000	 10.767000 
748.000000	 10.366000 
746.000000	 10.426000 
744.000000	 10.987000 
742.000000	 11.960000 
740.000000	 13.336000 
738.000000	 14.997000 
736.000000	 16.830000 
734.000000	 18.723000 
732.000000	 20.534000 
730.000000	 22.198000 
728.000000	 23.600000 
726.000000	 24.729000 
724.000000	 25.464000 
722.000000	 25.813000 
720.000000	 25.776000 
718.000000	 25.361000 
716.000000	 24.570000 
714.000000	 23.444000 
712.000000	 21.998000 
710.000000	 20.314000 
708.000000	 18.409000 
706.000000	 16.381000 
704.000000	 14.375000 
702.000000	 12.509000 
700.000000	 10.959000 
698.000000	 9.829000  
696.000000	 9.302000  
694.000000	 9.442000  
692.000000	 10.276000 
690.000000	 11.722000 
688.000000	 13.660000 
686.000000	 15.888000 
684.000000	 18.252000 
682.000000	 20.516000 
680.000000	 22.594000 
678.000000	 24.278000 
676.000000	 25.572000 
674.000000	 26.303000 
672.000000	 26.552000 
670.000000	 26.230000 
668.000000	 25.381000 
666.000000	 24.019000 
664.000000	 22.249000 
662.000000	 20.120000 
660.000000	 17.766000 
658.000000	 15.367000 
656.000000	 13.194000 
654.000000	 11.473000 
652.000000	 10.433000 
650.000000	 10.276000 
648.000000	 11.094000 
646.000000	 12.818000 
644.000000	 15.297000 
642.000000	 18.243000 
640.000000	 21.371000 
638.000000	 24.275000 
636.000000	 26.749000 
634.000000	 28.613000 
632.000000	 29.729000 
630.000000	 30.100000 
628.000000	 29.717000 
626.000000	 28.618000 
624.000000	 26.849000 
622.000000	 24.497000 
620.000000	 21.697000 
618.000000	 18.703000 
616.000000	 15.947000 
614.000000	 13.738000 
612.000000	 12.587000 
610.000000	 12.827000 
608.000000	 14.520000 
606.000000	 17.387000 
604.000000	 21.038000 
602.000000	 25.000000 
600.000000	 28.607000 
598.000000	 31.585000 
596.000000	 33.686000 
594.000000	 34.816000 
592.000000	 34.937000 
590.000000	 34.007000 
588.000000	 32.085000 
586.000000	 29.244000 
584.000000	 25.573000 
582.000000	 21.716000 
580.000000	 18.263000 
578.000000	 15.932000 
576.000000	 15.377000 
574.000000	 16.872000 
572.000000	 20.142000 
570.000000	 24.401000 
568.000000	 28.858000 
566.000000	 32.848000 
564.000000	 35.835000 
562.000000	 37.606000 
560.000000	 38.028000 
558.000000	 36.665000 
556.000000	 34.379000 
554.000000	 31.102000 
552.000000	 26.784000 
550.000000	 22.215000 
548.000000	 18.361000 
546.000000	 16.383000 
544.000000	 17.143000 
542.000000	 20.485000 
540.000000	 25.392000 
538.000000	 30.622000 
536.000000	 35.139000 
534.000000	 38.215000 
532.000000	 39.582000 
530.000000	 39.235000 
528.000000	 37.154000 
526.000000	 33.343000 
524.000000	 28.154000 
522.000000	 22.435000 
520.000000	 17.724000 
518.000000	 15.829000 
516.000000	 17.660000 
514.000000	 22.532000 
512.000000	 28.548000 
510.000000	 33.957000 
508.000000	 37.562000 
506.000000	 38.916000 
504.000000	 38.014000 
502.000000	 34.817000 
500.000000	 29.603000 
498.000000	 22.884000 
496.000000	 16.703000 
494.000000	 13.552000 
492.000000	 15.148000 
490.000000	 20.725000 
488.000000	 27.536000 
486.000000	 33.251000 
484.000000	 36.328000 
482.000000	 36.470000 
480.000000	 33.580000 
478.000000	 27.804000 
476.000000	 20.331000 
474.000000	 13.573000 
472.000000	 11.076000 
470.000000	 14.485000 
468.000000	 21.798000 
466.000000	 29.191000 
464.000000	 33.977000 
462.000000	 35.054000 
460.000000	 32.020000 
458.000000	 25.197000 
456.000000	 16.433000 
454.000000	 10.009000 
452.000000	 10.552000 
450.000000	 17.894000 
448.000000	 26.996000 
446.000000	 33.554000 
444.000000	 35.551000 
442.000000	 32.391000 
440.000000	 24.519000 
438.000000	 14.652000 
436.000000	 9.302000  
434.000000	 13.814000 
432.000000	 24.585000 
430.000000	 34.010000 
428.000000	 37.974999 
426.000000	 35.396000 
424.000000	 26.550000 
422.000000	 15.073000 
420.000000	 10.720000 
418.000000	 18.778000 
416.000000	 32.170000 
414.000000	 41.295000 
412.000000	 42.770000 
410.000000	 35.970000 
408.000000	 22.498000 
406.000000	 13.111000 
404.000000	 21.005000 
402.000000	 37.082000 
400.000000	 46.922999 
398.000000	 46.135000 
396.000000	 34.358000 
394.000000	 18.001000 
392.000000	 17.321000 
390.000000	 34.061000 
388.000000	 46.202000 
386.000000	 45.695000 
384.000000	 33.543000 
382.000000	 19.612000 
380.000000	 22.144000 
378.000000	 34.257000 
376.000000	 40.246000 
374.000000	 35.750000 
372.000000	 27.068000 
370.000000	 23.343000 
368.000000	 27.732000 
366.000000	 32.658000 
364.000000	 33.461000 
362.000000	 29.819000 
360.000000	 26.237000 
358.000000	 26.394000 
356.000000	 29.239000 
354.000000	 31.308000 
352.000000	 29.843000 
350.000000	 27.191000 
348.000000	 26.759000 
346.000000	 28.619000 
344.000000	 30.175000 
342.000000	 29.113000 
340.000000	 27.058000 
338.000000	 27.364000 
336.000000	 29.025000 
334.000000	 29.169000 
332.000000	 27.916000 
330.000000	 26.979000 
328.000000	 27.848000 
326.000000	 32.956000 
324.000000	 31.695000 
322.000000	 30.756000 
320.000000	 31.764000 
318.000000	 32.489000 
316.000000	 31.310000 
314.000000	 30.982000 
312.000000	 32.060000 
310.000000	 31.879000 
308.000000	 30.929000 
306.000000	 31.435000 
304.000000	 31.966000 
302.000000	 31.123000 
300.000000	 31.303000 
298.000000	 31.821000 
296.000000	 31.139000 
294.000000	 31.116000 
292.000000	 31.574000 
290.000000	 31.018000 
288.000000	 31.224000 
286.000000	 31.433000 
284.000000	 31.094000 
282.000000	 31.475000 
280.000000	 31.170000 
278.000000	 31.247000 
276.000000	 31.243000 
274.000000	 31.140000 
272.000000	 31.249000 
270.000000	 31.007000 
268.000000	 31.097000 
266.000000	 30.976000 
264.000000	 30.909000 
262.000000	 30.790000 
260.000000	 30.782000 
258.000000	 30.721000 
256.000000	 30.729000 
254.000000	 30.672000 
252.000000	 30.785000 
250.000000	 30.888000 
248.000000	 30.885000 
246.000000	 30.879000 
244.000000	 30.978000 
242.000000	 31.040000 
240.000000	 31.100000 
238.000000	 31.140000 
236.000000	 31.195000 
234.000000	 31.191000 
232.000000	 31.141000 
230.000000	 31.161000 
228.000000	 31.191000 
226.000000	 31.277000 
224.000000	 31.461000 
222.000000	 31.700000 
220.000000	 31.983000 
218.000000	 32.276000 
216.000000	 32.567000 
214.000000	 32.880000 
212.000000	 33.155000 
210.000000	 33.459000 
208.000000	 33.784000 
206.000000	 34.187000 
204.000000	 34.508000 
202.000000	 34.748000 
200.000000	 35.098000 

