wl	Reflectancia
1100.000000	16.473000 
1098.000000	16.487000 
1096.000000	16.491000 
1094.000000	16.311000 
1092.000000	16.335000 
1090.000000	16.258000 
1088.000000	16.150000 
1086.000000	16.031000 
1084.000000	16.098000 
1082.000000	15.927000 
1080.000000	15.778000 
1078.000000	15.700000 
1076.000000	15.605000 
1074.000000	15.586000 
1072.000000	15.490000 
1070.000000	15.452000 
1068.000000	15.330000 
1066.000000	15.190000 
1064.000000	15.173000 
1062.000000	14.988000 
1060.000000	14.945000 
1058.000000	14.771000 
1056.000000	14.734000 
1054.000000	14.592000 
1052.000000	14.546000 
1050.000000	14.360000 
1048.000000	14.278000 
1046.000000	14.135000 
1044.000000	14.020000 
1042.000000	13.896000 
1040.000000	13.751000 
1038.000000	13.679000 
1036.000000	13.553000 
1034.000000	13.453000 
1032.000000	13.313000 
1030.000000	13.147000 
1028.000000	13.036000 
1026.000000	12.881000 
1024.000000	12.762000 
1022.000000	12.640000 
1020.000000	12.496000 
1018.000000	12.350000 
1016.000000	12.209000 
1014.000000	12.085000 
1012.000000	11.949000 
1010.000000	11.789000 
1008.000000	11.649000 
1006.000000	11.495000 
1004.000000	11.351000 
1002.000000	11.218000 
1000.000000	11.050000 
998.000000	 10.916000 
996.000000	 10.774000 
994.000000	 10.627000 
992.000000	 10.477000 
990.000000	 10.318000 
988.000000	 10.172000 
986.000000	 10.016000 
984.000000	 9.849000  
982.000000	 9.711000  
980.000000	 9.583000  
978.000000	 9.446999  
976.000000	 9.281000  
974.000000	 9.151000  
972.000000	 9.004000  
970.000000	 8.843000  
968.000000	 8.651999  
966.000000	 8.543000  
964.000000	 8.369999  
962.000000	 8.225999  
960.000000	 8.077000  
958.000000	 7.936000  
956.000000	 7.799000  
954.000000	 7.624000  
952.000000	 7.499000  
950.000000	 7.335000  
948.000000	 7.215000  
946.000000	 7.061000  
944.000000	 6.927000  
942.000000	 6.773000  
940.000000	 6.633999  
938.000000	 6.505000  
936.000000	 6.357000  
934.000000	 6.247000  
932.000000	 6.109000  
930.000000	 6.002000  
928.000000	 5.927000  
926.000000	 5.865000  
924.000000	 5.817000  
922.000000	 5.839000  
920.000000	 5.888999  
918.000000	 5.981000  
916.000000	 6.108000  
914.000000	 6.241000  
912.000000	 6.361000  
910.000000	 6.468000  
908.000000	 6.529000  
906.000000	 6.548000  
904.000000	 6.517000  
902.000000	 6.494000  
900.000000	 6.449000  
898.000000	 6.429000  
896.000000	 6.395000  
894.000000	 6.424000  
892.000000	 6.441000  
890.000000	 6.449000  
888.000000	 6.483999  
886.000000	 6.550000  
884.000000	 6.539000  
882.000000	 6.514000  
880.000000	 6.529000  
878.000000	 6.637000  
876.000000	 6.819999  
874.000000	 6.949000  
872.000000	 7.089000  
870.000000	 7.242999  
868.000000	 7.396000  
866.000000	 7.565000  
864.000000	 7.728000  
862.000000	 7.915999  
860.000000	 8.111000  
858.000000	 8.304000  
856.000000	 8.513999  
854.000000	 8.706000  
852.000000	 8.931000  
850.000000	 9.132999  
848.000000	 9.379000  
846.000000	 9.609000  
844.000000	 9.869000  
842.000000	 10.093000 
840.000000	 10.352000 
838.000000	 10.614000 
836.000000	 10.875000 
834.000000	 11.137000 
832.000000	 11.408000 
830.000000	 11.651000 
828.000000	 11.962000 
826.000000	 12.228000 
824.000000	 12.494000 
822.000000	 12.769000 
820.000000	 13.075000 
818.000000	 13.349000 
816.000000	 13.637000 
814.000000	 13.920000 
812.000000	 14.212000 
810.000000	 14.502000 
808.000000	 14.755000 
806.000000	 15.028000 
804.000000	 15.287000 
802.000000	 15.574000 
800.000000	 15.819000 
798.000000	 16.082000 
796.000000	 16.376000 
794.000000	 16.646000 
792.000000	 16.829000 
790.000000	 17.062000 
788.000000	 17.398000 
786.000000	 17.651000 
784.000000	 17.908000 
782.000000	 18.167000 
780.000000	 18.399000 
778.000000	 18.719000 
776.000000	 19.028000 
774.000000	 19.204000 
772.000000	 19.425000 
770.000000	 19.629000 
768.000000	 19.836000 
766.000000	 19.977000 
764.000000	 20.148000 
762.000000	 20.375000 
760.000000	 20.513000 
758.000000	 20.641000 
756.000000	 20.823000 
754.000000	 20.965000 
752.000000	 21.097000 
750.000000	 21.237000 
748.000000	 21.338000 
746.000000	 21.453000 
744.000000	 21.552000 
742.000000	 21.628000 
740.000000	 21.706000 
738.000000	 21.755000 
736.000000	 21.797000 
734.000000	 21.833000 
732.000000	 21.861000 
730.000000	 21.865000 
728.000000	 21.869000 
726.000000	 21.847000 
724.000000	 21.812000 
722.000000	 21.778000 
720.000000	 21.716000 
718.000000	 21.653000 
716.000000	 21.580000 
714.000000	 21.472000 
712.000000	 21.358000 
710.000000	 21.233000 
708.000000	 21.082000 
706.000000	 20.920000 
704.000000	 20.747000 
702.000000	 20.560000 
700.000000	 20.365000 
698.000000	 20.147000 
696.000000	 19.908000 
694.000000	 19.650000 
692.000000	 19.390000 
690.000000	 19.108000 
688.000000	 18.818000 
686.000000	 18.513000 
684.000000	 18.197000 
682.000000	 17.881000 
680.000000	 17.524000 
678.000000	 17.156000 
676.000000	 16.781000 
674.000000	 16.398000 
672.000000	 16.019000 
670.000000	 15.605000 
668.000000	 15.193000 
666.000000	 14.762000 
664.000000	 14.323000 
662.000000	 13.891000 
660.000000	 13.451000 
658.000000	 13.014000 
656.000000	 12.593000 
654.000000	 12.143000 
652.000000	 11.734000 
650.000000	 11.286000 
648.000000	 10.868000 
646.000000	 10.458000 
644.000000	 10.048000 
642.000000	 9.645000  
640.000000	 9.261999  
638.000000	 8.891000  
636.000000	 8.554000  
634.000000	 8.217000  
632.000000	 7.915000  
630.000000	 7.643999  
628.000000	 7.399000  
626.000000	 7.181999  
624.000000	 7.010000  
622.000000	 6.850000  
620.000000	 6.752000  
618.000000	 6.668000  
616.000000	 6.636000  
614.000000	 6.637000  
612.000000	 6.673000  
610.000000	 6.766999  
608.000000	 6.890000  
606.000000	 7.073000  
604.000000	 7.294000  
602.000000	 7.558000  
600.000000	 7.861000  
598.000000	 8.212999  
596.000000	 8.604000  
594.000000	 9.027000  
592.000000	 9.500000  
590.000000	 9.978000  
588.000000	 10.480000 
586.000000	 10.994000 
584.000000	 11.496000 
582.000000	 12.034000 
580.000000	 12.575000 
578.000000	 13.103000 
576.000000	 13.658000 
574.000000	 14.196000 
572.000000	 14.757000 
570.000000	 15.292000 
568.000000	 15.842000 
566.000000	 16.392000 
564.000000	 16.914000 
562.000000	 17.427000 
560.000000	 17.901000 
558.000000	 18.425000 
556.000000	 18.803000 
554.000000	 19.228000 
552.000000	 19.621000 
550.000000	 19.968000 
548.000000	 20.281000 
546.000000	 20.552000 
544.000000	 20.826000 
542.000000	 21.104000 
540.000000	 21.261000 
538.000000	 21.338000 
536.000000	 21.393000 
534.000000	 21.347000 
532.000000	 21.285000 
530.000000	 21.155000 
528.000000	 20.949000 
526.000000	 20.702000 
524.000000	 20.390000 
522.000000	 20.008000 
520.000000	 19.589000 
518.000000	 19.098000 
516.000000	 18.564000 
514.000000	 17.994000 
512.000000	 17.357000 
510.000000	 16.687000 
508.000000	 15.994000 
506.000000	 15.270000 
504.000000	 14.528000 
502.000000	 13.771000 
500.000000	 12.999000 
498.000000	 12.229000 
496.000000	 11.480000 
494.000000	 10.762000 
492.000000	 10.071000 
490.000000	 9.425000  
488.000000	 8.831000  
486.000000	 8.322000  
484.000000	 7.864000  
482.000000	 7.546000  
480.000000	 7.305000  
478.000000	 7.181999  
476.000000	 7.193000  
474.000000	 7.263999  
472.000000	 7.469000  
470.000000	 7.820000  
468.000000	 8.276000  
466.000000	 8.823000  
464.000000	 9.504000  
462.000000	 10.265000 
460.000000	 11.102000 
458.000000	 12.006000 
456.000000	 12.946000 
454.000000	 13.903000 
452.000000	 14.855000 
450.000000	 15.794000 
448.000000	 16.710000 
446.000000	 17.535000 
444.000000	 18.294000 
442.000000	 18.888000 
440.000000	 19.403000 
438.000000	 19.809000 
436.000000	 20.050000 
434.000000	 20.213000 
432.000000	 20.162000 
430.000000	 20.040000 
428.000000	 19.739000 
426.000000	 19.203000 
424.000000	 18.641000 
422.000000	 17.909000 
420.000000	 17.220000 
418.000000	 16.225000 
416.000000	 15.203000 
414.000000	 14.069000 
412.000000	 12.998000 
410.000000	 11.917000 
408.000000	 10.926000 
406.000000	 10.064000 
404.000000	 9.374000  
402.000000	 8.926000  
400.000000	 8.738999  
398.000000	 8.823000  
396.000000	 9.189000  
394.000000	 9.780999  
392.000000	 10.633000 
390.000000	 11.627000 
388.000000	 12.702000 
386.000000	 13.785000 
384.000000	 14.871000 
382.000000	 15.928000 
380.000000	 16.098000 
378.000000	 16.506000 
376.000000	 16.128000 
374.000000	 15.945000 
372.000000	 15.376000 
370.000000	 14.721000 
368.000000	 13.923000 
366.000000	 13.100000 
364.000000	 12.320000 
362.000000	 11.604000 
360.000000	 11.052000 
358.000000	 10.867000 
356.000000	 10.741000 
354.000000	 10.916000 
352.000000	 10.996000 
350.000000	 11.125000 
348.000000	 11.500000 
346.000000	 11.443000 
344.000000	 11.503000 
342.000000	 11.707000 
340.000000	 11.780000 
338.000000	 11.727000 
336.000000	 11.793000 
334.000000	 11.750000 
332.000000	 11.917000 
330.000000	 11.629000 
328.000000	 11.566000 
326.000000	 13.831000 
324.000000	 13.706000 
322.000000	 13.654000 
320.000000	 13.533000 
318.000000	 13.500000 
316.000000	 13.422000 
314.000000	 13.279000 
312.000000	 13.207000 
310.000000	 13.107000 
308.000000	 12.953000 
306.000000	 12.930000 
304.000000	 12.787000 
302.000000	 12.712000 
300.000000	 12.631000 
298.000000	 12.525000 
296.000000	 12.414000 
294.000000	 12.319000 
292.000000	 12.230000 
290.000000	 12.163000 
288.000000	 12.066000 
286.000000	 11.990000 
284.000000	 11.902000 
282.000000	 11.852000 
280.000000	 11.771000 
278.000000	 11.699000 
276.000000	 11.592000 
274.000000	 11.545000 
272.000000	 11.450000 
270.000000	 11.371000 
268.000000	 11.290000 
266.000000	 11.217000 
264.000000	 11.112000 
262.000000	 11.036000 
260.000000	 10.929000 
258.000000	 10.851000 
256.000000	 10.806000 
254.000000	 10.741000 
252.000000	 10.665000 
250.000000	 10.634000 
248.000000	 10.542000 
246.000000	 10.490000 
244.000000	 10.405000 
242.000000	 10.346000 
240.000000	 10.291000 
238.000000	 10.220000 
236.000000	 10.185000 
234.000000	 10.081000 
232.000000	 9.984000  
230.000000	 9.901999  
228.000000	 9.811000  
226.000000	 9.760000  
224.000000	 9.731000  
222.000000	 9.718999  
220.000000	 9.718999  
218.000000	 9.700000  
216.000000	 9.701000  
214.000000	 9.696999  
212.000000	 9.701000  
210.000000	 9.687999  
208.000000	 9.711000  
206.000000	 9.739000  
204.000000	 9.792000  
202.000000	 9.796000  
200.000000	 9.779999  

