"Wavelength (nm)"	Reflectance
200	0.3022369
201	0.3022373
202	0.3022379
203	0.3022386
204	0.3008193
205	0.2988682
206	0.296941
207	0.2950379
208	0.2931596
209	0.2913069
210	0.289481
211	0.2879341
212	0.2864585
213	0.2850028
214	0.283567
215	0.2821503
216	0.2807505
217	0.2793642
218	0.2779545
219	0.2765095
220	0.2750669
221	0.2736314
222	0.2722099
223	0.2708104
224	0.26944
225	0.2681041
226	0.2668092
227	0.2655572
228	0.2643383
229	0.2631392
230	0.2619415
231	0.2607223
232	0.2594552
233	0.258113
234	0.2566795
235	0.2552594
236	0.2537811
237	0.2523267
238	0.2510225
239	0.2500075
240	0.2493702
241	0.2490875
242	0.2490217
243	0.2489591
244	0.2486409
245	0.2478634
246	0.2465513
247	0.2447132
248	0.2424388
249	0.2400235
250	0.2376289
251	0.2355633
252	0.234179
253	0.2338175
254	0.2348234
255	0.2367984
256	0.2391255
257	0.2409724
258	0.2415448
259	0.2403935
260	0.2375138
261	0.2332833
262	0.2282705
263	0.2231245
264	0.2184788
265	0.2150781
266	0.2129854
267	0.2123477
268	0.2131966
269	0.2154284
270	0.2188252
271	0.2230525
272	0.2276911
273	0.2322529
274	0.2361972
275	0.238988
276	0.2401173
277	0.2394405
278	0.2368994
279	0.2324898
280	0.2263723
281	0.2188926
282	0.2105679
283	0.2020617
284	0.1941251
285	0.1875067
286	0.1828597
287	0.1806111
288	0.180957
289	0.1838139
290	0.1887236
291	0.1951348
292	0.2024871
293	0.2102546
294	0.2179626
295	0.2252113
296	0.2316718
297	0.2371104
298	0.2413506
299	0.244262
300	0.2457591
301	0.2457988
302	0.2443731
303	0.241505
304	0.2373304
305	0.2319865
306	0.2256359
307	0.2184775
308	0.2107727
309	0.2028487
310	0.1951112
311	0.1883702
312	0.1826495
313	0.1783943
314	0.1760139
315	0.1758166
316	0.1779653
317	0.182425
318	0.18894
319	0.1969399
320	0.2058996
321	0.215204
322	0.2242883
323	0.2326454
324	0.2398563
325	0.2456297
326	0.24978
327	0.2522515
328	0.2530533
329	0.2522505
330	0.2499564
331	0.246317
332	0.241497
333	0.2356785
334	0.2290552
335	0.2218298
336	0.2151128
337	0.2083826
338	0.2016666
339	0.1951369
340	0.1889547
341	0.1832818
342	0.1782936
343	0.1741528
344	0.1710144
345	0.1690223
346	0.168302
347	0.1689507
348	0.171033
349	0.1745729
350	0.1795499
351	0.1858793
352	0.1934511
353	0.202101
354	0.2116321
355	0.2205536
356	0.2299679
357	0.2404055
358	0.2517744
359	0.2639419
360	0.2767424
361	0.2899835
362	0.3034796
363	0.3170114
364	0.3303905
365	0.3459442
366	0.3666298
367	0.3858156
368	0.4031817
369	0.4186566
370	0.4322334
371	0.4640148
372	0.5051724
373	0.5550223
374	0.6167183
375	0.69478
376	0.7663562
377	0.7542169
378	0.7395394
379	0.7219831
380	0.7012092
381	0.676846
382	0.6483639
383	0.6153572
384	0.5775207
385	0.5342509
386	0.4858712
387	0.4325842
388	0.3762228
389	0.320039
390	0.2692311
391	0.230895
392	0.2109977
393	0.2127185
394	0.2341512
395	0.2697742
396	0.3132506
397	0.3589779
398	0.4034815
399	0.444755
400	0.4818923
401	0.5108512
402	0.5364648
403	0.5589858
404	0.5786515
405	0.5956217
406	0.6101689
407	0.6224683
408	0.6327142
409	0.6411369
410	0.647771
411	0.6527685
412	0.6562231
413	0.6581585
414	0.6586957
415	0.6579027
416	0.655788
417	0.6524333
418	0.6477568
419	0.6417419
420	0.6343895
421	0.6256095
422	0.6153614
423	0.6035976
424	0.5902084
425	0.5751651
426	0.558464
427	0.5399051
428	0.5196201
429	0.4977002
430	0.4737972
431	0.4478847
432	0.4199353
433	0.3899378
434	0.3580678
435	0.3244803
436	0.2892156
437	0.2526156
438	0.2151812
439	0.1777966
440	0.1414732
441	0.1075722
442	0.0770716
443	0.0512928
444	0.0314634
445	0.0186469
446	0.0134233
447	0.0158629
448	0.0254574
449	0.041327
450	0.0624592
451	0.0875083
452	0.1151548
453	0.1441454
454	0.1735188
455	0.2026112
456	0.2308682
457	0.2579157
458	0.2834683
459	0.3073679
460	0.3293938
461	0.3495929
462	0.3680947
463	0.3849304
464	0.4001512
465	0.4138227
466	0.4260389
467	0.4369452
468	0.4464693
469	0.4546567
470	0.4615519
471	0.467197
472	0.4716781
473	0.4750326
474	0.4773564
475	0.4785978
476	0.4787579
477	0.4778576
478	0.4759523
479	0.4730404
480	0.4691252
481	0.4641962
482	0.4582343
483	0.4512389
484	0.4432002
485	0.4341566
486	0.4240743
487	0.4129208
488	0.4006844
489	0.3873788
490	0.3729818
491	0.3574919
492	0.340919
493	0.3232884
494	0.304628
495	0.2849947
496	0.2644749
497	0.2438301
498	0.2225768
499	0.2008817
500	0.1789438
501	0.1570082
502	0.1353819
503	0.114405
504	0.0944605
505	0.0761165
506	0.0595387
507	0.0452124
508	0.0335239
509	0.0247114
510	0.0191966
511	0.0171713
512	0.0186985
513	0.0236915
514	0.0319554
515	0.0432409
516	0.0571652
517	0.0734139
518	0.0916142
519	0.1113394
520	0.1322046
521	0.1539378
522	0.1761092
523	0.1984659
524	0.2207701
525	0.2428236
526	0.2644377
527	0.2855514
528	0.3060391
529	0.3258293
530	0.3448521
531	0.3630008
532	0.3803549
533	0.3969069
534	0.4126578
535	0.427599
536	0.4418193
537	0.4552751
538	0.4679862
539	0.4799743
540	0.491255
541	0.5018126
542	0.5117406
543	0.5210615
544	0.5297886
545	0.5379249
546	0.545522
547	0.5526
548	0.5591781
549	0.5653207
550	0.5710575
551	0.5763395
552	0.5811824
553	0.5856009
554	0.5895516
555	0.5930593
556	0.5961904
557	0.5989559
558	0.6013653
559	0.6034686
560	0.6052647
561	0.6067231
562	0.6078504
563	0.6086526
564	0.6091215
565	0.6092612
566	0.6090922
567	0.6086174
568	0.6078392
569	0.6067674
570	0.6054141
571	0.6037588
572	0.6018014
573	0.5995414
574	0.596978
575	0.5941154
576	0.5909463
577	0.5874683
578	0.5836783
579	0.579573
580	0.5751508
581	0.5704044
582	0.5653341
583	0.5599353
584	0.5542027
585	0.5481333
586	0.5417275
587	0.5349686
588	0.5278502
589	0.5203665
590	0.5125118
591	0.50426
592	0.495603
593	0.4865548
594	0.4771104
595	0.4672657
596	0.4570175
597	0.4463722
598	0.4353211
599	0.4238641
600	0.4120039
601	0.3997619
602	0.3871336
603	0.3741399
604	0.3607828
605	0.3470816
606	0.3330379
607	0.3187004
608	0.3041041
609	0.2892904
610	0.2743092
611	0.2592433
612	0.2441341
613	0.229056
614	0.2140954
615	0.1993505
616	0.1848875
617	0.1708407
618	0.1573251
619	0.144461
620	0.132369
621	0.1214074
622	0.1114108
623	0.1024835
624	0.0947233
625	0.0882126
626	0.0830247
627	0.0792079
628	0.0767899
629	0.0757825
630	0.0761814
631	0.0779596
632	0.0810716
633	0.0854571
634	0.09104
635	0.0977323
636	0.1054649
637	0.1141136
638	0.123571
639	0.13373
640	0.1444789
641	0.1556849
642	0.1672851
643	0.1791814
644	0.1912927
645	0.2035473
646	0.2159177
647	0.2283091
648	0.2406588
649	0.252919
650	0.2650505
651	0.2769801
652	0.2887149
653	0.3002378
654	0.3115296
655	0.3225652
656	0.3333319
657	0.3438312
658	0.3540441
659	0.3639655
660	0.3735839
661	0.3829278
662	0.3919739
663	0.4007234
664	0.409181
665	0.4173471
666	0.4252002
667	0.4327745
668	0.4400748
669	0.4471027
670	0.4538634
671	0.4603629
672	0.4666062
673	0.4725987
674	0.478347
675	0.4838602
676	0.4891393
677	0.4941896
678	0.4990222
679	0.5036418
680	0.5080483
681	0.5122597
682	0.5162725
683	0.5200871
684	0.5237066
685	0.5271353
686	0.530369
687	0.5334216
688	0.5362968
689	0.5389942
690	0.5414888
691	0.5438207
692	0.545993
693	0.5480086
694	0.5498699
695	0.5515804
696	0.553143
697	0.5545583
698	0.5558291
699	0.5569589
700	0.5579501
701	0.5588076
702	0.5595328
703	0.5601251
704	0.5605861
705	0.5609182
706	0.5611229
707	0.5612008
708	0.5611533
709	0.5609764
710	0.560672
711	0.5602454
712	0.5596976
713	0.5590384
714	0.5582697
715	0.557382
716	0.5563758
717	0.555256
718	0.5540264
719	0.5526798
720	0.5512164
721	0.5496317
722	0.5479255
723	0.5461028
724	0.5441636
725	0.5421081
726	0.5399309
727	0.537637
728	0.5352267
729	0.5326995
730	0.5300613
731	0.5273135
732	0.5244483
733	0.5214655
734	0.5183663
735	0.5151509
736	0.5118168
737	0.5083637
738	0.5047909
739	0.5010879
740	0.4972647
741	0.4933212
742	0.4892567
743	0.4850702
744	0.4807617
745	0.4763313
746	0.4717787
747	0.4671032
748	0.4623004
749	0.4573749
750	0.4523265
751	0.4471552
752	0.4418679
753	0.4364621
754	0.4309334
755	0.425282
756	0.4195086
757	0.4136241
758	0.4076184
759	0.4014923
760	0.3952462
761	0.3888965
762	0.3824312
763	0.37585
764	0.3691544
765	0.3623463
766	0.3554307
767	0.3484081
768	0.3412793
769	0.334047
770	0.3267143
771	0.3192589
772	0.3117094
773	0.3040704
774	0.2963461
775	0.2885408
776	0.2807002
777	0.2727912
778	0.2648198
779	0.2567923
780	0.2487176
781	0.2406069
782	0.2324615
783	0.2242898
784	0.2161004
785	0.2079018
786	0.1997027
787	0.1915154
788	0.1833506
789	0.1752195
790	0.1671348
791	0.1591097
792	0.1511543
793	0.1432821
794	0.1355066
795	0.1278412
796	0.1202998
797	0.1128975
798	0.1056488
799	0.098568
800	0.0916694
801	0.0849658
802	0.0784739
803	0.0722081
804	0.0661819
805	0.0604088
806	0.0549029
807	0.0496742
808	0.0447348
809	0.0400955
810	0.0357663
811	0.0317657
812	0.0280907
813	0.0247482
814	0.0217442
815	0.0190835
816	0.0167701
817	0.0148066
818	0.0131936
819	0.0119308
820	0.0110171
821	0.010449
822	0.0102255
823	0.0103412
824	0.0107901
825	0.0115651
826	0.0126583
827	0.0140619
828	0.0157683
829	0.0177654
830	0.0200419
831	0.0225794
832	0.0253712
833	0.0284049
834	0.0316677
835	0.0351466
836	0.0388287
837	0.0427006
838	0.046749
839	0.0509613
840	0.0553243
841	0.059837
842	0.0644757
843	0.0692281
844	0.0740823
845	0.0790266
846	0.0840497
847	0.0891408
848	0.0942894
849	0.0994855
850	0.1047196
851	0.1099825
852	0.1152656
853	0.1205604
854	0.1258597
855	0.1311559
856	0.1364421
857	0.1417118
858	0.146959
859	0.152178
860	0.1573635
861	0.1624975
862	0.1675887
863	0.172633
864	0.1776267
865	0.1825661
866	0.187448
867	0.1922695
868	0.1970278
869	0.2017202
870	0.2063451
871	0.210912
872	0.215407
873	0.2198283
874	0.2241747
875	0.2284448
876	0.2326375
877	0.236752
878	0.2407874
879	0.244743
880	0.2486183
881	0.252403
882	0.2561071
883	0.2597302
884	0.2632723
885	0.266733
886	0.2701189
887	0.273431
888	0.276663
889	0.2798152
890	0.2828876
891	0.2858806
892	0.2887945
893	0.2916295
894	0.2943862
895	0.2970648
896	0.2996658
897	0.3021896
898	0.3046367
899	0.3070076
900	0.3093027
901	0.3115283
902	0.3136789
903	0.3157549
904	0.3177569
905	0.3196855
906	0.3215412
907	0.3233246
908	0.3250362
909	0.3266766
910	0.3282463
911	0.3297425
912	0.3311695
913	0.332528
914	0.3338185
915	0.3350414
916	0.3361974
917	0.337287
918	0.3383108
919	0.3392692
920	0.3401628
921	0.3409936
922	0.3417602
923	0.342463
924	0.3431026
925	0.3436794
926	0.344194
927	0.3446467
928	0.345038
929	0.3453684
930	0.3456383
931	0.3458485
932	0.3459993
933	0.3460913
934	0.3461249
935	0.3461003
936	0.3460181
937	0.3458786
938	0.3456822
939	0.3454291
940	0.3451199
941	0.3447548
942	0.3443343
943	0.3438585
944	0.3433279
945	0.3427428
946	0.3421035
947	0.3414103
948	0.3406636
949	0.3398636
950	0.3390107
951	0.3381011
952	0.3371388
953	0.3361241
954	0.3350606
955	0.3339546
956	0.3327971
957	0.3315882
958	0.3303286
959	0.3290181
960	0.3276574
961	0.3262523
962	0.3247979
963	0.3232941
964	0.3217417
965	0.3201404
966	0.318491
967	0.3167934
968	0.3150482
969	0.3132554
970	0.3114157
971	0.3095291
972	0.3075958
973	0.3056165
974	0.3035911
975	0.3015205
976	0.2994044
977	0.2972437
978	0.2950382
979	0.292789
980	0.2904957
981	0.2881501
982	0.2857609
983	0.2833292
984	0.2808548
985	0.2783388
986	0.2757813
987	0.2731825
988	0.2705436
989	0.2678644
990	0.2651461
991	0.2623998
992	0.2596158
993	0.2567942
994	0.2539363
995	0.251042
996	0.2481127
997	0.2451484
998	0.2421506
999	0.2391193
1000	0.2360559
