Wavelenght	Refractive Index
200	4.22239579
200.1666667	4.220989361
200.3333333	4.219455382
200.5	4.217855843
200.6666667	4.21625199
200.8333333	4.214704176
201	4.213271761
201.1666667	4.212013101
201.3333333	4.210985591
201.5	4.210245791
201.6666667	4.209849637
201.8333333	4.209852715
202	4.210303755
202.1666667	4.210966967
202.3333333	4.21179121
202.5	4.21296532
202.6666667	4.21447349
202.8333333	4.216292653
203	4.21839972
203.1666667	4.220771598
203.3333333	4.223385204
203.5	4.226217481
203.6666667	4.229245411
203.8333333	4.232446025
204	4.23579642
204.1666667	4.23927376
204.3333333	4.24285529
204.5	4.246518342
204.6666667	4.250368355
204.8333333	4.254790231
205	4.259755865
205.1666667	4.26520076
205.3333333	4.27105587
205.5	4.277253568
205.6666667	4.283726704
205.8333333	4.290408576
206	4.297232959
206.1666667	4.30413413
206.3333333	4.311046884
206.5	4.317906536
206.6666667	4.324648916
206.8333333	4.331419902
207	4.338787646
207.1666667	4.346621112
207.3333333	4.353833845
207.5	4.358664525
207.6666667	4.362197305
207.8333333	4.365560336
208	4.369637203
208.1666667	4.373408495
208.3333333	4.376612774
208.5	4.379567012
208.6666667	4.383620206
208.8333333	4.38889486
209	4.394738078
209.1666667	4.400832998
209.3333333	4.406874187
209.5	4.412561873
209.6666667	4.41760132
209.8333333	4.421702141
210	4.424577577
210.1666667	4.425943763
210.3333333	4.425579438
210.5	4.423429058
210.6666667	4.420265973
210.8333333	4.416387788
211	4.411878574
211.1666667	4.406821539
211.3333333	4.401299136
211.5	4.395393148
211.6666667	4.389184787
211.8333333	4.382754789
212	4.376181388
212.1666667	4.369491257
212.3333333	4.362731726
212.5	4.355942498
212.6666667	4.347933472
212.8333333	4.33829076
213	4.327356138
213.1666667	4.315474473
213.3333333	4.302994533
213.5	4.290269568
213.6666667	4.277657646
213.8333333	4.265513068
214	4.254134113
214.1666667	4.243895071
214.3333333	4.235135688
214.5	4.227130723
214.6666667	4.219528491
214.8333333	4.212312211
215	4.205463304
215.1666667	4.198961458
215.3333333	4.192784759
215.5	4.186909889
215.6666667	4.181312395
215.8333333	4.175967025
216	4.170848136
216.1666667	4.165927313
216.3333333	4.161089026
216.5	4.156253355
216.6666667	4.151379224
216.8333333	4.146425473
217	4.141350838
217.1666667	4.136113931
217.3333333	4.13067321
217.5	4.124986953
217.6666667	4.11901322
217.8333333	4.112693547
218	4.105950134
218.1666667	4.098825953
218.3333333	4.091376807
218.5	4.083658846
218.6666667	4.075728603
218.8333333	4.067643033
219	4.059459542
219.1666667	4.051236016
219.3333333	4.043030847
219.5	4.034902952
219.6666667	4.026911903
219.8333333	4.01912615
220	4.011613827
220.1666667	4.004439255
220.3333333	3.997667173
220.5	3.991356714
220.6666667	3.98530275
220.8333333	3.97937336
221	3.973563448
221.1666667	3.967867863
221.3333333	3.962281398
221.5	3.956798791
221.6666667	3.951414723
221.8333333	3.94612382
222	3.940920651
222.1666667	3.935799728
222.3333333	3.930755505
222.5	3.92578238
222.6666667	3.920874696
222.8333333	3.916026738
223	3.911232735
223.1666667	3.906486862
223.3333333	3.901783237
223.5	3.897115926
223.6666667	3.892478941
223.8333333	3.887866241
224	3.883271736
224.1666667	3.878689282
224.3333333	3.874112689
224.5	3.869535718
224.6666667	3.864952085
224.8333333	3.860355458
225	3.855739434
225.1666667	3.851090729
225.3333333	3.846398884
225.5	3.841674315
225.6666667	3.836926274
225.8333333	3.832161068
226	3.827385016
226.1666667	3.82260445
226.3333333	3.817825719
226.5	3.813055184
226.6666667	3.808299219
226.8333333	3.803564214
227	3.798856573
227.1666667	3.794182714
227.3333333	3.789549068
227.5	3.784962084
227.6666667	3.780428223
227.8333333	3.775953963
228	3.771545797
228.1666667	3.767210235
228.3333333	3.762953803
228.5	3.758783047
228.6666667	3.754704527
228.8333333	3.750724826
229	3.746850545
229.1666667	3.743088305
229.3333333	3.73944475
229.5	3.735919171
229.6666667	3.732486673
229.8333333	3.729137361
230	3.725860119
230.1666667	3.722650509
230.3333333	3.719504222
230.5	3.716416929
230.6666667	3.713384284
230.8333333	3.710401925
231	3.707465472
231.1666667	3.704570527
231.3333333	3.701712681
231.5	3.698887504
231.6666667	3.696090556
231.8333333	3.693317379
232	3.690563502
232.1666667	3.68782444
232.3333333	3.685095694
232.5	3.682372752
232.6666667	3.679651086
232.8333333	3.676926158
233	3.674193414
233.1666667	3.671448287
233.3333333	3.668686197
233.5	3.665902548
233.6666667	3.663092732
233.8333333	3.660252126
234	3.657376091
234.1666667	3.654459976
234.3333333	3.651499291
234.5	3.64849522
234.6666667	3.645452495
234.8333333	3.64237531
235	3.639267874
235.1666667	3.636134409
235.3333333	3.632979151
235.5	3.629806354
235.6666667	3.626620284
235.8333333	3.623425225
236	3.620225475
236.1666667	3.61702535
236.3333333	3.613829181
236.5	3.610641314
236.6666667	3.607466114
236.8333333	3.604307947
237	3.601170091
237.1666667	3.598056177
237.3333333	3.594970584
237.5	3.591917702
237.6666667	3.588901935
237.8333333	3.5859277
238	3.582999429
238.1666667	3.580121566
238.3333333	3.577298566
238.5	3.574534896
238.6666667	3.571835034
238.8333333	3.569203468
239	3.566644696
239.1666667	3.564163661
239.3333333	3.561762561
239.5	3.559436134
239.6666667	3.557178556
239.8333333	3.554983983
240	3.552846551
240.1666667	3.550760384
240.3333333	3.548719585
240.5	3.546718246
240.6666667	3.544750441
240.8333333	3.542810232
241	3.540891667
241.1666667	3.53898878
241.3333333	3.537095592
241.5	3.535206113
241.6666667	3.533314339
241.8333333	3.531414252
242	3.529499825
242.1666667	3.527565013
242.3333333	3.525603761
242.5	3.52361
242.6666667	3.521577646
242.8333333	3.519500598
243	3.517372743
243.1666667	3.515187387
243.3333333	3.512937103
243.5	3.510615713
243.6666667	3.508217073
243.8333333	3.505735017
244	3.503163355
244.1666667	3.500455804
244.3333333	3.497501505
244.5	3.494318533
244.6666667	3.49093365
244.8333333	3.48737368
245	3.483665531
245.1666667	3.479836202
245.3333333	3.475912797
245.5	3.471922531
245.6666667	3.467892741
245.8333333	3.463850889
246	3.459824563
246.1666667	3.455841484
246.3333333	3.451929496
246.5	3.448116569
246.6666667	3.44443079
246.8333333	3.440900357
247	3.437553564
247.1666667	3.434418794
247.3333333	3.431524498
247.5	3.428899179
247.6666667	3.426571371
247.8333333	3.424569617
248	3.422780895
248.1666667	3.421053922
248.3333333	3.419386364
248.5	3.417776024
248.6666667	3.416220694
248.8333333	3.414718161
249	3.413266204
249.1666667	3.411862596
249.3333333	3.410505103
249.5	3.409191487
249.6666667	3.407919501
249.8333333	3.406686894
250	3.40549141
250.1666667	3.404330788
250.3333333	3.403202761
250.5	3.402105057
250.6666667	3.401035401
250.8333333	3.399991512
251	3.398971106
251.1666667	3.39797008
251.3333333	3.396983148
251.5	3.396008271
251.6666667	3.395043469
251.8333333	3.39408676
252	3.393136155
252.1666667	3.39218966
252.3333333	3.391245275
252.5	3.390300991
252.6666667	3.389354793
252.8333333	3.388404654
253	3.387448539
253.1666667	3.386484404
253.3333333	3.385510192
253.5	3.384523836
253.6666667	3.383523257
253.8333333	3.382506364
254	3.381471055
254.1666667	3.380415215
254.3333333	3.379336719
254.5	3.378233427
254.6666667	3.377103189
254.8333333	3.375943843
255	3.374753215
255.1666667	3.373529122
255.3333333	3.372269367
255.5	3.370971746
255.6666667	3.369634044
255.8333333	3.368254999
256	3.366845247
256.1666667	3.365409297
256.3333333	3.363946771
256.5	3.362457644
256.6666667	3.360942932
256.8333333	3.359403653
257	3.357840826
257.1666667	3.356255475
257.3333333	3.354648625
257.5	3.353021304
257.6666667	3.351374542
257.8333333	3.349709374
258	3.348026833
258.1666667	3.346327961
258.3333333	3.344613797
258.5	3.342885386
258.6666667	3.341143775
258.8333333	3.339390013
259	3.337625153
259.1666667	3.33585025
259.3333333	3.334066362
259.5	3.33227455
259.6666667	3.330475878
259.8333333	3.328671413
260	3.326862224
260.1666667	3.325049383
260.3333333	3.323233967
260.5	3.321417052
260.6666667	3.319599722
260.8333333	3.317783059
261	3.315968152
261.1666667	3.31415609
261.3333333	3.312347968
261.5	3.31054488
261.6666667	3.308747928
261.8333333	3.306958212
262	3.305176839
262.1666667	3.303404917
262.3333333	3.301643584
262.5	3.299894207
262.6666667	3.298158004
262.8333333	3.296436134
263	3.294729764
263.1666667	3.293040059
263.3333333	3.291368187
263.5	3.28971532
263.6666667	3.288082628
263.8333333	3.286471287
264	3.284856221
264.1666667	3.283207395
264.3333333	3.281527272
264.5	3.279818401
264.6666667	3.278083333
264.8333333	3.276324623
265	3.274544835
265.1666667	3.272746533
265.3333333	3.27093229
265.5	3.269104684
265.6666667	3.267266295
265.8333333	3.265419715
266	3.263567535
266.1666667	3.261712356
266.3333333	3.259856785
266.5	3.258003433
266.6666667	3.256154917
266.8333333	3.254313861
267	3.252482895
267.1666667	3.250664653
267.3333333	3.248861777
267.5	3.247076913
267.6666667	3.245312714
267.8333333	3.243571836
268	3.241856943
268.1666667	3.240170702
268.3333333	3.238515785
268.5	3.236894871
268.6666667	3.235310639
268.8333333	3.233765625
269	3.232262306
269.1666667	3.230803381
269.3333333	3.229391557
269.5	3.228029542
269.6666667	3.226720047
269.8333333	3.225465785
270	3.22426947
270.1666667	3.223133816
270.3333333	3.222061538
270.5	3.221055351
270.6666667	3.22011797
270.8333333	3.219252107
271	3.218460472
271.1666667	3.217745775
271.3333333	3.21711072
271.5	3.216558009
271.6666667	3.216083232
271.8333333	3.215636411
272	3.215206876
272.1666667	3.214794054
272.3333333	3.214397368
272.5	3.214016245
272.6666667	3.213650107
272.8333333	3.213298378
273	3.212960479
273.1666667	3.212635831
273.3333333	3.212323856
273.5	3.212023973
273.6666667	3.211735602
273.8333333	3.21145816
274	3.211191067
274.1666667	3.21093374
274.3333333	3.210685595
274.5	3.21044605
274.6666667	3.21021452
274.8333333	3.209990422
275	3.209773169
275.1666667	3.209562178
275.3333333	3.209356862
275.5	3.209156636
275.6666667	3.208960914
275.8333333	3.208769109
276	3.208580635
276.1666667	3.208394905
276.3333333	3.208211331
276.5	3.208029328
276.6666667	3.207848307
276.8333333	3.207667582
277	3.207486233
277.1666667	3.207303647
277.3333333	3.207119239
277.5	3.206932422
277.6666667	3.206742611
277.8333333	3.206549217
278	3.206351656
278.1666667	3.206149338
278.3333333	3.205941678
278.5	3.205728086
278.6666667	3.205507975
278.8333333	3.205280757
279	3.205045842
279.1666667	3.204802641
279.3333333	3.204550566
279.5	3.204289025
279.6666667	3.204017429
279.8333333	3.203735187
280	3.203441708
280.1666667	3.203136399
280.3333333	3.20281867
280.5	3.202487928
280.6666667	3.202143579
280.8333333	3.20178503
281	3.201411687
281.1666667	3.201022915
281.3333333	3.200612096
281.5	3.200175194
281.6666667	3.199712847
281.8333333	3.199225691
282	3.198714363
282.1666667	3.198179501
282.3333333	3.19762174
282.5	3.197041717
282.6666667	3.196440069
282.8333333	3.195817432
283	3.195174443
283.1666667	3.194511739
283.3333333	3.193829957
283.5	3.193129733
283.6666667	3.192411705
283.8333333	3.191676511
284	3.19092479
284.1666667	3.190157179
284.3333333	3.189374319
284.5	3.188576847
284.6666667	3.187765405
284.8333333	3.186940632
285	3.186103171
285.1666667	3.185253662
285.3333333	3.184392749
285.5	3.183521074
285.6666667	3.182639282
285.8333333	3.181748018
286	3.180847926
286.1666667	3.179939654
286.3333333	3.179024126
286.5	3.178102431
286.6666667	3.177175186
286.8333333	3.176243003
287	3.175306497
287.1666667	3.174366285
287.3333333	3.173422985
287.5	3.172477217
287.6666667	3.171529604
287.8333333	3.170580766
288	3.169631329
288.1666667	3.168681916
288.3333333	3.167733152
288.5	3.166785663
288.6666667	3.165840074
288.8333333	3.164897013
289	3.163957103
289.1666667	3.163020972
289.3333333	3.162089245
289.5	3.161162547
289.6666667	3.160241503
289.8333333	3.159326737
290	3.15841842
290.1666667	3.157500807
290.3333333	3.156566255
290.5	3.155615296
290.6666667	3.154648466
290.8333333	3.153666294
291	3.152669313
291.1666667	3.151658051
291.3333333	3.150633037
291.5	3.149594797
291.6666667	3.148543857
291.8333333	3.147480743
292	3.146405977
292.1666667	3.145320083
292.3333333	3.144223582
292.5	3.143116994
292.6666667	3.142000839
292.8333333	3.140875637
293	3.139741905
293.1666667	3.138600163
293.3333333	3.137450926
293.5	3.136294712
293.6666667	3.135132039
293.8333333	3.133963423
294	3.13278938
294.1666667	3.131610429
294.3333333	3.130427087
294.5	3.129239873
294.6666667	3.128049306
294.8333333	3.126855905
295	3.125660193
295.1666667	3.124462693
295.3333333	3.123263929
295.5	3.122064429
295.6666667	3.12086472
295.8333333	3.119665336
296	3.118467255
296.1666667	3.117271455
296.3333333	3.116078556
296.5	3.114889178
296.6666667	3.113703946
296.8333333	3.112523482
297	3.111348414
297.1666667	3.110179367
297.3333333	3.109016969
297.5	3.107861851
297.6666667	3.106714642
297.8333333	3.105575973
298	3.104446478
298.1666667	3.103326789
298.3333333	3.102217541
298.5	3.101119368
298.6666667	3.100032907
298.8333333	3.098958794
299	3.097897667
299.1666667	3.096850163
299.3333333	3.095816921
299.5	3.094798579
299.6666667	3.093795777
299.8333333	3.092809155
300	3.091839353
300.1666667	3.090887011
300.3333333	3.08995277
300.5	3.089037271
300.6666667	3.088141154
300.8333333	3.087265061
301	3.086407534
301.1666667	3.085561353
301.3333333	3.084725627
301.5	3.083900102
301.6666667	3.083084526
301.8333333	3.082278642
302	3.081482197
302.1666667	3.080694933
302.3333333	3.079916594
302.5	3.079146923
302.6666667	3.078385662
302.8333333	3.077632551
303	3.076887332
303.1666667	3.076149744
303.3333333	3.075419527
303.5	3.07469642
303.6666667	3.073980161
303.8333333	3.073270489
304	3.072567139
304.1666667	3.071869593
304.3333333	3.071177212
304.5	3.070489727
304.6666667	3.069806874
304.8333333	3.069128389
305	3.068454007
305.1666667	3.067783462
305.3333333	3.067116487
305.5	3.066452818
305.6666667	3.065792186
305.8333333	3.065134324
306	3.064478965
306.1666667	3.06382584
306.3333333	3.063174681
306.5	3.062525217
306.6666667	3.06187718
306.8333333	3.061230298
307	3.060584302
307.1666667	3.059938919
307.3333333	3.059293878
307.5	3.058648907
307.6666667	3.058003733
307.8333333	3.057358082
308	3.056711681
308.1666667	3.056064256
308.3333333	3.055415531
308.5	3.054765232
308.6666667	3.054113082
308.8333333	3.053458806
309	3.052802126
309.1666667	3.052142767
309.3333333	3.05148045
309.5	3.050814898
309.6666667	3.050145832
309.8333333	3.049472973
310	3.048796044
310.1666667	3.048114763
310.3333333	3.047428852
310.5	3.04673803
310.6666667	3.046042018
310.8333333	3.045340534
311	3.044633298
311.1666667	3.043920028
311.3333333	3.043200444
311.5	3.042474263
311.6666667	3.041739611
311.8333333	3.040990391
312	3.0402267
312.1666667	3.039449298
312.3333333	3.038658947
312.5	3.037856409
312.6666667	3.037042449
312.8333333	3.036217609
313	3.035382383
313.1666667	3.034537523
313.3333333	3.033683782
313.5	3.032821913
313.6666667	3.03195267
313.8333333	3.031076808
314	3.030195084
314.1666667	3.029308254
314.3333333	3.028417075
314.5	3.027522305
314.6666667	3.026624705
314.8333333	3.025725034
315	3.024824053
315.1666667	3.023922525
315.3333333	3.023021212
315.5	3.022120878
315.6666667	3.021222287
315.8333333	3.020326206
316	3.0194334
316.1666667	3.018544638
316.3333333	3.017660687
316.5	3.016782317
316.6666667	3.015910297
316.8333333	3.015045399
317	3.014188395
317.1666667	3.013340056
317.3333333	3.012501156
317.5	3.01167247
317.6666667	3.010854772
317.8333333	3.010048838
318	3.009255443
318.1666667	3.008475366
318.3333333	3.007709384
318.5	3.006958274
318.6666667	3.006222816
318.8333333	3.005503789
319	3.004801972
319.1666667	3.004118147
319.3333333	3.003453092
319.5	3.002807591
319.6666667	3.002182423
319.8333333	3.00157837
320	3.000996213
320.1666667	3.000436736
320.3333333	2.999900719
320.5	2.999388945
320.6666667	2.998902195
320.8333333	2.998441251
321	2.998006895
321.1666667	2.997599908
321.3333333	2.997218497
321.5	2.996848005
321.6666667	2.996485812
321.8333333	2.996131705
322	2.99578569
322.1666667	2.99544779
322.3333333	2.995117778
322.5	2.994795428
322.6666667	2.994480515
322.8333333	2.994172812
323	2.993872093
323.1666667	2.993578134
323.3333333	2.993290708
323.5	2.993009589
323.6666667	2.992734553
323.8333333	2.992465373
324	2.992201823
324.1666667	2.991943677
324.3333333	2.991690709
324.5	2.991442694
324.6666667	2.991199404
324.8333333	2.990960612
325	2.990726093
325.1666667	2.99049562
325.3333333	2.990268964
325.5	2.990045899
325.6666667	2.989826198
325.8333333	2.989609631
326	2.989395972
326.1666667	2.989184991
326.3333333	2.988976459
326.5	2.988770149
326.6666667	2.98856583
326.8333333	2.988363273
327	2.988162248
327.1666667	2.987962524
327.3333333	2.987763872
327.5	2.98756606
327.6666667	2.987368856
327.8333333	2.987172031
328	2.98697535
328.1666667	2.986778583
328.3333333	2.986581497
328.5	2.986383858
328.6666667	2.986185434
328.8333333	2.985985991
329	2.985785295
329.1666667	2.985583113
329.3333333	2.985379209
329.5	2.985173349
329.6666667	2.984965298
329.8333333	2.98475482
330	2.98454168
330.1666667	2.984325643
330.3333333	2.984106471
330.5	2.983883929
330.6666667	2.98365778
330.8333333	2.983427787
331	2.983193739
331.1666667	2.982955613
331.3333333	2.982713238
331.5	2.982466398
331.6666667	2.982216246
331.8333333	2.981966996
332	2.98171889
332.1666667	2.981471849
332.3333333	2.981225791
332.5	2.980980635
332.6666667	2.980736299
332.8333333	2.980492703
333	2.980249765
333.1666667	2.980007405
333.3333333	2.979765541
333.5	2.979524091
333.6666667	2.979282976
333.8333333	2.979042113
334	2.978801422
334.1666667	2.978560821
334.3333333	2.978320229
334.5	2.978079565
334.6666667	2.977838747
334.8333333	2.977597694
335	2.977356326
335.1666667	2.97711456
335.3333333	2.976872315
335.5	2.976629511
335.6666667	2.976386065
335.8333333	2.976141897
336	2.975896925
336.1666667	2.975651067
336.3333333	2.975404243
336.5	2.975156371
336.6666667	2.974907369
336.8333333	2.974657157
337	2.974405652
337.1666667	2.974152774
337.3333333	2.97389844
337.5	2.97364257
337.6666667	2.973385082
337.8333333	2.973125894
338	2.972864925
338.1666667	2.972602093
338.3333333	2.972337317
338.5	2.972070515
338.6666667	2.971801605
338.8333333	2.971530507
339	2.971257138
339.1666667	2.970981416
339.3333333	2.970703261
339.5	2.97042259
339.6666667	2.970139321
339.8333333	2.969853374
340	2.969564665
340.1666667	2.969273114
340.3333333	2.968978639
340.5	2.968681157
340.6666667	2.968380587
340.8333333	2.968076847
341	2.967769855
341.1666667	2.967459529
341.3333333	2.967145986
341.5	2.966829721
341.6666667	2.966510774
341.8333333	2.966189153
342	2.965864867
342.1666667	2.965537927
342.3333333	2.965208342
342.5	2.964876121
342.6666667	2.964541274
342.8333333	2.96420381
343	2.963863739
343.1666667	2.96352107
343.3333333	2.963175813
343.5	2.962827978
343.6666667	2.962477573
343.8333333	2.962124608
344	2.961769093
344.1666667	2.961411038
344.3333333	2.961050451
344.5	2.960687342
344.6666667	2.960321721
344.8333333	2.959953597
345	2.95958298
345.1666667	2.959209879
345.3333333	2.958834303
345.5	2.958456262
345.6666667	2.958075766
345.8333333	2.957692824
346	2.957307445
346.1666667	2.956919639
346.3333333	2.956529416
346.5	2.956136784
346.6666667	2.955741753
346.8333333	2.955344333
347	2.954944534
347.1666667	2.954542364
347.3333333	2.954137833
347.5	2.95373095
347.6666667	2.953321726
347.8333333	2.952910169
348	2.952496288
348.1666667	2.952080095
348.3333333	2.951661597
348.5	2.951240804
348.6666667	2.950817726
348.8333333	2.950392372
349	2.949964752
349.1666667	2.949534875
349.3333333	2.949102751
349.5	2.948668388
349.6666667	2.948231797
349.8333333	2.947792987
350	2.947351967
	
	
	
	
	
