3.000000000000000000e+02 3.700907090690763823e+01
3.010000000000000000e+02 2.324991800649507923e+01
3.020000000000000000e+02 5.536480226982122943e+00
3.030000000000000000e+02 7.396403643341769030e-01
3.040000000000000000e+02 1.280689542008491344e+01
3.050000000000000000e+02 2.812126760412650484e+01
3.060000000000000000e+02 3.615672330875515428e+01
3.070000000000000000e+02 3.352125707924948017e+01
3.080000000000000000e+02 2.078166918601241520e+01
3.090000000000000000e+02 5.427449501380117169e+00
3.100000000000000000e+02 1.151136513286420859e+00
3.110000000000000000e+02 1.064883908587674810e+01
3.120000000000000000e+02 2.374494922894136550e+01
3.130000000000000000e+02 3.277193058167545558e+01
3.140000000000000000e+02 3.505370103308865026e+01
3.150000000000000000e+02 2.976250197276419840e+01
3.160000000000000000e+02 1.784459600292530013e+01
3.170000000000000000e+02 5.418866011820930417e+00
3.180000000000000000e+02 2.425945903512931157e+00
3.190000000000000000e+02 1.038743626111522111e+01
3.200000000000000000e+02 2.172960457350513153e+01
3.210000000000000000e+02 3.055554748447300994e+01
3.220000000000000000e+02 3.480168377302299376e+01
3.230000000000000000e+02 3.384854415914612247e+01
3.240000000000000000e+02 2.741461077496318666e+01
3.250000000000000000e+02 1.655626267811067365e+01
3.260000000000000000e+02 6.246026350668781646e+00
3.270000000000000000e+02 3.975660958097106956e+00
3.280000000000000000e+02 1.090046171832254629e+01
3.290000000000000000e+02 2.107654949281338119e+01
3.300000000000000000e+02 2.953541945886214037e+01
3.310000000000000000e+02 3.448026879093010422e+01
3.320000000000000000e+02 3.550109957691142171e+01
3.330000000000000000e+02 3.237554837201702895e+01
3.340000000000000000e+02 2.503385078474493852e+01
3.350000000000000000e+02 1.480502566016864208e+01
3.360000000000000000e+02 6.372784259170622079e+00
3.370000000000000000e+02 5.736047640014907856e+00
3.380000000000000000e+02 1.297186698595791121e+01
3.390000000000000000e+02 2.264057944635385766e+01
3.400000000000000000e+02 3.052614115932365024e+01
3.410000000000000000e+02 3.519724966998462889e+01
3.420000000000000000e+02 3.642654092812990996e+01
3.430000000000000000e+02 3.411568376061695318e+01
3.440000000000000000e+02 2.811180380773368626e+01
3.450000000000000000e+02 1.890888381820777653e+01
3.460000000000000000e+02 9.368191309959913227e+00
3.470000000000000000e+02 5.186467578752935736e+00
3.480000000000000000e+02 9.577485000359569511e+00
3.490000000000000000e+02 1.891830040225350018e+01
3.500000000000000000e+02 2.794174837413076062e+01
3.510000000000000000e+02 3.416520572468210304e+01
3.520000000000000000e+02 3.714271258057218716e+01
3.530000000000000000e+02 3.695286931335486713e+01
3.540000000000000000e+02 3.356797479139654428e+01
3.550000000000000000e+02 2.689756446380184940e+01
3.560000000000000000e+02 1.751074036259726441e+01
3.570000000000000000e+02 8.210332925490279266e+00
3.580000000000000000e+02 4.447246903518675687e+00
3.590000000000000000e+02 9.232144948235717408e+00
3.600000000000000000e+02 1.883416437379625918e+01
3.610000000000000000e+02 2.795902526223358819e+01
3.620000000000000000e+02 3.420496323190017307e+01
3.630000000000000000e+02 3.726290360653932510e+01
3.640000000000000000e+02 3.737027951961967887e+01
3.650000000000000000e+02 3.464524959568998952e+01
3.660000000000000000e+02 2.903614214648366243e+01
3.670000000000000000e+02 2.075030011849364087e+01
3.680000000000000000e+02 1.127369629569608733e+01
3.690000000000000000e+02 4.435649775510730919e+00
3.700000000000000000e+02 4.607498285205114286e+00
3.710000000000000000e+02 1.166456901571922877e+01
3.720000000000000000e+02 2.104483750367412043e+01
3.730000000000000000e+02 2.891472201727395230e+01
3.740000000000000000e+02 3.396575148171196190e+01
3.750000000000000000e+02 3.621572434648179240e+01
3.760000000000000000e+02 3.594943965628999649e+01
3.770000000000000000e+02 3.335969739870952111e+01
3.780000000000000000e+02 2.855784698242775477e+01
3.790000000000000000e+02 2.178837581588838290e+01
3.800000000000000000e+02 1.387745913418357269e+01
3.810000000000000000e+02 6.776651772595118750e+00
3.820000000000000000e+02 3.324767848829359718e+00
3.830000000000000000e+02 5.291371904300500972e+00
3.840000000000000000e+02 1.149922829120404799e+01
3.850000000000000000e+02 1.898559661412087607e+01
3.860000000000000000e+02 2.542230948052961992e+01
3.870000000000000000e+02 2.983041050475697631e+01
3.880000000000000000e+02 3.206604593265057446e+01
3.890000000000000000e+02 3.228686262461189216e+01
3.900000000000000000e+02 3.069259976711177274e+01
3.910000000000000000e+02 2.745223380445846928e+01
3.920000000000000000e+02 2.275108033742311875e+01
3.930000000000000000e+02 1.694254067245693918e+01
3.940000000000000000e+02 1.076549048665811270e+01
3.950000000000000000e+02 5.490637199400602242e+00
3.960000000000000000e+02 2.684113417515369804e+00
3.970000000000000000e+02 3.392957577337407660e+00
3.980000000000000000e+02 7.325004246137621244e+00
3.990000000000000000e+02 1.300955251565714654e+01
4.000000000000000000e+02 1.877628189752812915e+01
4.010000000000000000e+02 2.349084939809175054e+01
4.020000000000000000e+02 2.665462226294397396e+01
4.030000000000000000e+02 2.818225270278064087e+01
4.040000000000000000e+02 2.816491768968539944e+01
4.050000000000000000e+02 2.674047750785884148e+01
4.060000000000000000e+02 2.406216933902892308e+01
4.070000000000000000e+02 2.032081937499904356e+01
4.080000000000000000e+02 1.579446097354472656e+01
4.090000000000000000e+02 1.092433444093268768e+01
4.100000000000000000e+02 6.379128541491657423e+00
4.110000000000000000e+02 3.011472799778922127e+00
4.120000000000000000e+02 1.625487165790466815e+00
4.130000000000000000e+02 2.607499287083526518e+00
4.140000000000000000e+02 5.677517093443980478e+00
4.150000000000000000e+02 1.000446228806442228e+01
4.160000000000000000e+02 1.459733828994680493e+01
4.170000000000000000e+02 1.865657603301482936e+01
4.180000000000000000e+02 2.170554092927848089e+01
4.190000000000000000e+02 2.354483439944796075e+01
4.200000000000000000e+02 2.415012532421918579e+01
4.210000000000000000e+02 2.358906368040137735e+01
4.220000000000000000e+02 2.197619506721657956e+01
4.230000000000000000e+02 1.945937274731509703e+01
4.240000000000000000e+02 1.623009849193361021e+01
4.250000000000000000e+02 1.254629421107027554e+01
4.260000000000000000e+02 8.751893822978756177e+00
4.270000000000000000e+02 5.278056628391759375e+00
4.280000000000000000e+02 2.608695027369837494e+00
4.290000000000000000e+02 1.190395682408928568e+00
4.300000000000000000e+02 1.298577347376230318e+00
4.310000000000000000e+02 2.920833297146161467e+00
4.320000000000000000e+02 5.735840753350368360e+00
4.330000000000000000e+02 9.214562807217067331e+00
4.340000000000000000e+02 1.278733167157876593e+01
4.350000000000000000e+02 1.598349948414553090e+01
4.360000000000000000e+02 1.848503593509559551e+01
4.370000000000000000e+02 2.011376664860698327e+01
4.380000000000000000e+02 2.079910741064572477e+01
4.390000000000000000e+02 2.055286532323240678e+01
4.400000000000000000e+02 1.944808563086175468e+01
4.410000000000000000e+02 1.759982154174577573e+01
4.420000000000000000e+02 1.515213585803951979e+01
4.430000000000000000e+02 1.228373905344732542e+01
4.440000000000000000e+02 9.221592897927594734e+00
4.450000000000000000e+02 6.250180926088424016e+00
4.460000000000000000e+02 3.688538100491641547e+00
4.470000000000000000e+02 1.845801793801028712e+00
4.480000000000000000e+02 9.635459386405040849e-01
4.490000000000000000e+02 1.173512861049075262e+00
4.500000000000000000e+02 2.461751815206756344e+00
4.510000000000000000e+02 4.651775890153208692e+00
4.520000000000000000e+02 7.433158582603474507e+00
4.530000000000000000e+02 1.043607505684994230e+01
4.540000000000000000e+02 1.331450365026409699e+01
4.550000000000000000e+02 1.579548559864059598e+01
4.560000000000000000e+02 1.768806685048316396e+01
4.570000000000000000e+02 1.887715734767331810e+01
4.580000000000000000e+02 1.931182775243959426e+01
4.590000000000000000e+02 1.899480717733912982e+01
4.600000000000000000e+02 1.797212419602080402e+01
4.610000000000000000e+02 1.632688210419045305e+01
4.620000000000000000e+02 1.417831255357775966e+01
4.630000000000000000e+02 1.168269044826743830e+01
4.640000000000000000e+02 9.030506258742315495e+00
4.650000000000000000e+02 6.439947429335115991e+00
4.660000000000000000e+02 4.148381589553704174e+00
4.670000000000000000e+02 2.393586734502705315e+00
4.680000000000000000e+02 1.383476110395879921e+00
4.690000000000000000e+02 1.246211846302296200e+00
4.700000000000000000e+02 1.996252223454390462e+00
4.710000000000000000e+02 3.534826359952100816e+00
4.720000000000000000e+02 5.685016831255229164e+00
4.730000000000000000e+02 8.225315991798714421e+00
4.740000000000000000e+02 1.091741551617236183e+01
4.750000000000000000e+02 1.351754839742226366e+01
4.760000000000000000e+02 1.580996269575412327e+01
4.770000000000000000e+02 1.763346859101891795e+01
4.780000000000000000e+02 1.889055589615801622e+01
4.790000000000000000e+02 1.954042655292169783e+01
4.800000000000000000e+02 1.957275721715736694e+01
4.810000000000000000e+02 1.899792460118420223e+01
4.820000000000000000e+02 1.784923588353085222e+01
4.830000000000000000e+02 1.619394759402499062e+01
4.840000000000000000e+02 1.413548225695639715e+01
4.850000000000000000e+02 1.181205654525730786e+01
4.860000000000000000e+02 9.387590839043530977e+00
4.870000000000000000e+02 7.045136513372948883e+00
4.880000000000000000e+02 4.977690412383307006e+00
4.890000000000000000e+02 3.370342367115964688e+00
4.900000000000000000e+02 2.377626662635204724e+00
4.910000000000000000e+02 2.099238953005992059e+00
4.920000000000000000e+02 2.563385763339017132e+00
4.930000000000000000e+02 3.722495874037878849e+00
4.940000000000000000e+02 5.461705546382485288e+00
4.950000000000000000e+02 7.619038346257986483e+00
4.960000000000000000e+02 1.001107821730614589e+01
4.970000000000000000e+02 1.245756062898970207e+01
4.980000000000000000e+02 1.479994721325036444e+01
4.990000000000000000e+02 1.690736207015095971e+01
5.000000000000000000e+02 1.867765060264040855e+01
5.010000000000000000e+02 2.003461083296128109e+01
5.020000000000000000e+02 2.092510029461147170e+01
5.030000000000000000e+02 2.132051455532662487e+01
5.040000000000000000e+02 2.121522986962328616e+01
5.050000000000000000e+02 2.062460269616555664e+01
5.060000000000000000e+02 1.958018146680388227e+01
5.070000000000000000e+02 1.812753973862539070e+01
5.080000000000000000e+02 1.632872529447163146e+01
5.090000000000000000e+02 1.426709142133086594e+01
5.100000000000000000e+02 1.205690078603292825e+01
5.110000000000000000e+02 9.839057445541223856e+00
5.120000000000000000e+02 7.770172565656135788e+00
5.130000000000000000e+02 6.007204179021432999e+00
5.140000000000000000e+02 4.686462707681776863e+00
5.150000000000000000e+02 3.911354449939628886e+00
5.160000000000000000e+02 3.742868617919499652e+00
5.170000000000000000e+02 4.192405985235141408e+00
5.180000000000000000e+02 5.220405235805379185e+00
5.190000000000000000e+02 6.740526705958832743e+00
5.200000000000000000e+02 8.632965988874325092e+00
5.210000000000000000e+02 1.076153432029800960e+01
5.220000000000000000e+02 1.299038333224430453e+01
5.230000000000000000e+02 1.519751408167334716e+01
5.240000000000000000e+02 1.727926433609270873e+01
5.250000000000000000e+02 1.915165337428454961e+01
5.260000000000000000e+02 2.074937323884153884e+01
5.270000000000000000e+02 2.202245076802477541e+01
5.280000000000000000e+02 2.293557865349628955e+01
5.290000000000000000e+02 2.346775082961617187e+01
5.300000000000000000e+02 2.361067427259196450e+01
5.310000000000000000e+02 2.336772525087053154e+01
5.320000000000000000e+02 2.275245381139489353e+01
5.330000000000000000e+02 2.178736133599680258e+01
5.340000000000000000e+02 2.050472342643891466e+01
5.350000000000000000e+02 1.894807402512075711e+01
5.360000000000000000e+02 1.717396257696638529e+01
5.370000000000000000e+02 1.525374022983986322e+01
5.380000000000000000e+02 1.327385577994544619e+01
5.390000000000000000e+02 1.133397530922335683e+01
5.400000000000000000e+02 9.542711573430484151e+00
5.410000000000000000e+02 8.010763712080729348e+00
5.420000000000000000e+02 6.838831618007301216e+00
5.430000000000000000e+02 6.105688835623176658e+00
5.440000000000000000e+02 5.858626560747888234e+00
5.450000000000000000e+02 6.108269388723347681e+00
5.460000000000000000e+02 6.830584876527995064e+00
5.470000000000000000e+02 7.972812523725075984e+00
5.480000000000000000e+02 9.460743062339227905e+00
5.490000000000000000e+02 1.120710485976394999e+01
5.500000000000000000e+02 1.311726530147011616e+01
5.510000000000000000e+02 1.509503896349274576e+01
5.520000000000000000e+02 1.705197799132975689e+01
5.530000000000000000e+02 1.891230764352437888e+01
5.540000000000000000e+02 2.061527990070459282e+01
5.550000000000000000e+02 2.211781054539752134e+01
5.560000000000000000e+02 2.339133612341483115e+01
5.570000000000000000e+02 2.441575258520832392e+01
5.580000000000000000e+02 2.517689110536404229e+01
5.590000000000000000e+02 2.566467356874315797e+01
5.600000000000000000e+02 2.587184834640967779e+01
5.610000000000000000e+02 2.579568172689895178e+01
5.620000000000000000e+02 2.543943086158252243e+01
5.630000000000000000e+02 2.481263334342658666e+01
5.640000000000000000e+02 2.393157169423692920e+01
5.650000000000000000e+02 2.281876270636976045e+01
5.660000000000000000e+02 2.150193875626773377e+01
5.670000000000000000e+02 2.001523926865562686e+01
5.680000000000000000e+02 1.840013978501903580e+01
5.690000000000000000e+02 1.670606054572169796e+01
5.700000000000000000e+02 1.499130997801831811e+01
5.710000000000000000e+02 1.332296218765338125e+01
5.720000000000000000e+02 1.177295936854679859e+01
5.730000000000000000e+02 1.041365187131100889e+01
5.740000000000000000e+02 9.312361885615112911e+00
5.750000000000000000e+02 8.525386753165875575e+00
5.760000000000000000e+02 8.092378936799356381e+00
5.770000000000000000e+02 8.033026122079823139e+00
5.780000000000000000e+02 8.345655824021164904e+00
5.790000000000000000e+02 9.008125082585705101e+00
5.800000000000000000e+02 9.980906043903587488e+00
5.810000000000000000e+02 1.121207631927462067e+01
5.820000000000000000e+02 1.264254694003609814e+01
5.830000000000000000e+02 1.421061610480739112e+01
5.840000000000000000e+02 1.585596246150097777e+01
5.850000000000000000e+02 1.752260882631439642e+01
5.860000000000000000e+02 1.916062140103552025e+01
5.870000000000000000e+02 2.072690327425036472e+01
5.880000000000000000e+02 2.218583265145073113e+01
5.890000000000000000e+02 2.350897264287296906e+01
5.900000000000000000e+02 2.467435562149633554e+01
5.910000000000000000e+02 2.566558915034044475e+01
5.920000000000000000e+02 2.647083510272461027e+01
5.930000000000000000e+02 2.708199280704616640e+01
5.940000000000000000e+02 2.749410092204761469e+01
5.950000000000000000e+02 2.770482758031416282e+01
5.960000000000000000e+02 2.771413235549310983e+01
5.970000000000000000e+02 2.752412803613465542e+01
5.980000000000000000e+02 2.713916933494272499e+01
5.990000000000000000e+02 2.656585531600453720e+01
6.000000000000000000e+02 2.581324136416635184e+01
6.010000000000000000e+02 2.489321524534867081e+01
6.020000000000000000e+02 2.382094726463723333e+01
6.030000000000000000e+02 2.261528979988172239e+01
6.040000000000000000e+02 2.129909862357618522e+01
6.050000000000000000e+02 1.989981350938217375e+01
6.060000000000000000e+02 1.844966546087227499e+01
6.070000000000000000e+02 1.698550725204252387e+01
6.080000000000000000e+02 1.554820162748073997e+01
6.090000000000000000e+02 1.418148953310810789e+01
6.100000000000000000e+02 1.293019188397475716e+01
6.110000000000000000e+02 1.183786811600795730e+01
6.120000000000000000e+02 1.094428611894884007e+01
6.130000000000000000e+02 1.028284735081206946e+01
6.140000000000000000e+02 9.878265190160449905e+00
6.150000000000000000e+02 9.744888871470982039e+00
6.160000000000000000e+02 9.885779222776323039e+00
6.170000000000000000e+02 1.029242032494797421e+01
6.180000000000000000e+02 1.094558483088892409e+01
6.190000000000000000e+02 1.181706572441924408e+01
6.200000000000000000e+02 1.287197850762383844e+01
6.210000000000000000e+02 1.407139391584329680e+01
6.220000000000000000e+02 1.537512581764426400e+01
6.230000000000000000e+02 1.674384842589279287e+01
6.240000000000000000e+02 1.814066346106670125e+01
6.250000000000000000e+02 1.953217153872645540e+01
6.260000000000000000e+02 2.088906529719477945e+01
6.270000000000000000e+02 2.218625765891854229e+01
6.280000000000000000e+02 2.340235180005397098e+01
6.290000000000000000e+02 2.451963814049668144e+01
6.300000000000000000e+02 2.552397730536592491e+01
6.310000000000000000e+02 2.640440204613195974e+01
6.320000000000000000e+02 2.715269475697055412e+01
6.330000000000000000e+02 2.776298620242102544e+01
6.340000000000000000e+02 2.823155617115510196e+01
6.350000000000000000e+02 2.855648734031012026e+01
6.360000000000000000e+02 2.873712985017424160e+01
6.370000000000000000e+02 2.877389005641587261e+01
6.380000000000000000e+02 2.866811367734672444e+01
6.390000000000000000e+02 2.842204187516659175e+01
6.400000000000000000e+02 2.803883270243532166e+01
6.410000000000000000e+02 2.752266108057813554e+01
6.420000000000000000e+02 2.687892628261342054e+01
6.430000000000000000e+02 2.611445973900951145e+01
6.440000000000000000e+02 2.523775236385242238e+01
6.450000000000000000e+02 2.425920042408490929e+01
6.460000000000000000e+02 2.319134969958390258e+01
6.470000000000000000e+02 2.204911961777326468e+01
6.480000000000000000e+02 2.084996768514163890e+01
6.490000000000000000e+02 1.961392914185141834e+01
6.500000000000000000e+02 1.836353215705150532e+01
6.510000000000000000e+02 1.712353999989168329e+01
6.520000000000000000e+02 1.592048683113406149e+01
6.530000000000000000e+02 1.478198972065492889e+01
6.540000000000000000e+02 1.373581821042674811e+01
6.550000000000000000e+02 1.280885612874590684e+01
6.560000000000000000e+02 1.202597751131386161e+01
6.570000000000000000e+02 1.140880438469045188e+01
6.580000000000000000e+02 1.097454241299788968e+01
6.590000000000000000e+02 1.073500669808782249e+01
6.600000000000000000e+02 1.069594100734924069e+01
6.610000000000000000e+02 1.085665588401409565e+01
6.620000000000000000e+02 1.121009109351681943e+01
6.630000000000000000e+02 1.174337013992800749e+01
6.640000000000000000e+02 1.243867649598361780e+01
6.650000000000000000e+02 1.327436510149282967e+01
6.660000000000000000e+02 1.422619158754214119e+01
6.670000000000000000e+02 1.526854319749421052e+01
6.680000000000000000e+02 1.637560248491339010e+01
6.690000000000000000e+02 1.752232009757046072e+01
6.700000000000000000e+02 1.868512072489414422e+01
6.710000000000000000e+02 1.984242285831325958e+01
6.720000000000000000e+02 2.097495686957398675e+01
6.730000000000000000e+02 2.206590591370346388e+01
6.740000000000000000e+02 2.310090441118553173e+01
6.750000000000000000e+02 2.406791381968967514e+01
6.760000000000000000e+02 2.495702775790101313e+01
6.770000000000000000e+02 2.576029444466117369e+01
6.780000000000000000e+02 2.647149048773589897e+01
6.790000000000000000e+02 2.708588889970535618e+01
6.800000000000000000e+02 2.760004016867661036e+01
6.810000000000000000e+02 2.801157531893155195e+01
6.820000000000000000e+02 2.831903433867806186e+01
6.830000000000000000e+02 2.852170723774405303e+01
6.840000000000000000e+02 2.861951900300758922e+01
6.850000000000000000e+02 2.861295834698161045e+01
6.860000000000000000e+02 2.850303417853457688e+01
6.870000000000000000e+02 2.829126104086823190e+01
6.880000000000000000e+02 2.797967178679976286e+01
6.890000000000000000e+02 2.757085558935575875e+01
6.900000000000000000e+02 2.706803781253929131e+01
6.910000000000000000e+02 2.647518007140240570e+01
6.920000000000000000e+02 2.579703237979401464e+01
6.930000000000000000e+02 2.503923059825533670e+01
6.940000000000000000e+02 2.420840621010353289e+01
6.950000000000000000e+02 2.331229530332192823e+01
6.960000000000000000e+02 2.235983807492561581e+01
6.970000000000000000e+02 2.136125838054343618e+01
6.980000000000000000e+02 2.032811547307640865e+01
6.990000000000000000e+02 1.927333466649752225e+01
7.000000000000000000e+02 1.821116601068356644e+01
7.010000000000000000e+02 1.715705489486524371e+01
7.020000000000000000e+02 1.612742658982846677e+01
7.030000000000000000e+02 1.513937847465590103e+01
7.040000000000000000e+02 1.421027990179594092e+01
7.050000000000000000e+02 1.335728624168094036e+01
7.060000000000000000e+02 1.259673668722625983e+01
7.070000000000000000e+02 1.194352341042594823e+01
7.080000000000000000e+02 1.141054467401054318e+01
7.090000000000000000e+02 1.100819130535008128e+01
7.100000000000000000e+02 1.074392158008713416e+01
7.110000000000000000e+02 1.062196114512834200e+01
7.120000000000000000e+02 1.064315354491926158e+01
7.130000000000000000e+02 1.080497651543188731e+01
7.140000000000000000e+02 1.110182019486740934e+01
7.150000000000000000e+02 1.152532250961943383e+01
7.160000000000000000e+02 1.206462736738383335e+01
7.170000000000000000e+02 1.270684041669516517e+01
7.180000000000000000e+02 1.343754565147673929e+01
7.190000000000000000e+02 1.424133761244029373e+01
7.200000000000000000e+02 1.510233613608273551e+01
7.210000000000000000e+02 1.600465631049695148e+01
7.220000000000000000e+02 1.693277988986515581e+01
7.230000000000000000e+02 1.787189792681187583e+01
7.240000000000000000e+02 1.880829734473870474e+01
7.250000000000000000e+02 1.972954999603195958e+01
7.260000000000000000e+02 2.062460644500761830e+01
7.270000000000000000e+02 2.148382248176377729e+01
7.280000000000000000e+02 2.229893215773198278e+01
7.290000000000000000e+02 2.306298100252147165e+01
7.300000000000000000e+02 2.377022673116274021e+01
7.310000000000000000e+02 2.441596053923136722e+01
7.320000000000000000e+02 2.499635691662455272e+01
7.330000000000000000e+02 2.550838200559062585e+01
7.340000000000000000e+02 2.594969461476920358e+01
7.350000000000000000e+02 2.631855549489890578e+01
7.360000000000000000e+02 2.661374709457092180e+01
7.370000000000000000e+02 2.683450494860072411e+01
7.380000000000000000e+02 2.698046127826668794e+01
7.390000000000000000e+02 2.705163343824013111e+01
7.400000000000000000e+02 2.704850264167490437e+01
7.410000000000000000e+02 2.697191411040400411e+01
7.420000000000000000e+02 2.682302765674938883e+01
7.430000000000000000e+02 2.660330725838690924e+01
7.440000000000000000e+02 2.631452018028640438e+01
7.450000000000000000e+02 2.595874467462525459e+01
7.460000000000000000e+02 2.553838517407830366e+01
7.470000000000000000e+02 2.505619374020845314e+01
7.480000000000000000e+02 2.451526304542877455e+01
7.490000000000000000e+02 2.391898729086693720e+01
7.500000000000000000e+02 2.327117553819250517e+01
7.510000000000000000e+02 2.257611144335574238e+01
7.520000000000000000e+02 2.183859401727749017e+01
7.530000000000000000e+02 2.106397434321508655e+01
7.540000000000000000e+02 2.025818526202020209e+01
7.550000000000000000e+02 1.942776069344922973e+01
7.560000000000000000e+02 1.857984099504242792e+01
7.570000000000000000e+02 1.772217820511276898e+01
7.580000000000000000e+02 1.686315214383272831e+01
7.590000000000000000e+02 1.601164898158327077e+01
7.600000000000000000e+02 1.517694597317259309e+01
7.610000000000000000e+02 1.436858476869710621e+01
7.620000000000000000e+02 1.359621604184009591e+01
7.630000000000000000e+02 1.286941785340171585e+01
7.640000000000000000e+02 1.219749228741799563e+01
7.650000000000000000e+02 1.158924706283234585e+01
7.660000000000000000e+02 1.105276916001068699e+01
7.670000000000000000e+02 1.059519824743732386e+01
7.680000000000000000e+02 1.022255812646413986e+01
7.690000000000000000e+02 9.939596705199535975e+00
7.700000000000000000e+02 9.749641404713809578e+00
7.710000000000000000e+02 9.654496198454040723e+00
7.720000000000000000e+02 9.654386932925023146e+00
7.730000000000000000e+02 9.747958517299068149e+00
7.740000000000000000e+02 9.932324331166611842e+00
7.750000000000000000e+02 1.020316490478297844e+01
7.760000000000000000e+02 1.055484626185879371e+01
7.770000000000000000e+02 1.098054720802942263e+01
7.780000000000000000e+02 1.147252272667343220e+01
7.790000000000000000e+02 1.202234792133876695e+01
7.800000000000000000e+02 1.262115178801245285e+01
7.810000000000000000e+02 1.325984230191091839e+01
7.820000000000000000e+02 1.392931414359663478e+01
7.830000000000000000e+02 1.462063255866720368e+01
7.840000000000000000e+02 1.532518912884538231e+01
7.850000000000000000e+02 1.603482769903757799e+01
7.860000000000000000e+02 1.674195814032400875e+01
7.870000000000000000e+02 1.743961660447833140e+01
7.880000000000000000e+02 1.812145715769408483e+01
7.890000000000000000e+02 1.878176410379638739e+01
7.900000000000000000e+02 1.941545121142704389e+01
7.910000000000000000e+02 2.001804705081244151e+01
7.920000000000000000e+02 2.058566966581323499e+01
7.930000000000000000e+02 2.111499355515891097e+01
7.940000000000000000e+02 2.160321160195184120e+01
7.950000000000000000e+02 2.204799427416318025e+01
7.960000000000000000e+02 2.244746247994828892e+01
7.970000000000000000e+02 2.280017656953586780e+01
7.980000000000000000e+02 2.310508063483865371e+01
7.990000000000000000e+02 2.336145832426944224e+01
8.000000000000000000e+02 2.356889494796527273e+01
8.010000000000000000e+02 2.372724321989010932e+01
8.020000000000000000e+02 2.383659291516414669e+01
8.030000000000000000e+02 2.389724455524677182e+01
8.040000000000000000e+02 2.390968710628419913e+01
8.050000000000000000e+02 2.387457958080452158e+01
8.060000000000000000e+02 2.379272523872234402e+01
8.070000000000000000e+02 2.366501307150820210e+01
8.080000000000000000e+02 2.349245493410194641e+01
8.090000000000000000e+02 2.327620491953607029e+01
8.100000000000000000e+02 2.301756062146721504e+01
8.110000000000000000e+02 2.271796658963302207e+01
8.120000000000000000e+02 2.237901966397395270e+01
8.130000000000000000e+02 2.200247582672889024e+01
8.140000000000000000e+02 2.159025817618385545e+01
8.150000000000000000e+02 2.114446558527689390e+01
8.160000000000000000e+02 2.066738156413934036e+01
8.170000000000000000e+02 2.016148080237453755e+01
8.180000000000000000e+02 1.962942441209375133e+01
8.190000000000000000e+02 1.907405870068659226e+01
8.200000000000000000e+02 1.849841967143328603e+01
8.210000000000000000e+02 1.790573566627971047e+01
8.220000000000000000e+02 1.729942719551206309e+01
8.230000000000000000e+02 1.668310332438746002e+01
8.240000000000000000e+02 1.606055400007969070e+01
8.250000000000000000e+02 1.543573773875991861e+01
8.260000000000000000e+02 1.481276415700401117e+01
8.270000000000000000e+02 1.419587125623309731e+01
8.280000000000000000e+02 1.358940922275166407e+01
8.290000000000000000e+02 1.299781020340365956e+01
8.300000000000000000e+02 1.242553064275631591e+01
8.310000000000000000e+02 1.187700101771791772e+01
8.320000000000000000e+02 1.135657150216604627e+01
8.330000000000000000e+02 1.086845345162994114e+01
8.340000000000000000e+02 1.041665796860576876e+01
8.350000000000000000e+02 1.000493308104641343e+01
8.360000000000000000e+02 9.636701295481046259e+00
8.370000000000000000e+02 9.314999451403153330e+00
8.380000000000000000e+02 9.042422886301274332e+00
8.390000000000000000e+02 8.821075906351637741e+00
8.400000000000000000e+02 8.652530437673613406e+00
8.410000000000000000e+02 8.537794506091525903e+00
8.420000000000000000e+02 8.477291866924115737e+00
8.430000000000000000e+02 8.470853696229214691e+00
8.440000000000000000e+02 8.517722784560053384e+00
8.450000000000000000e+02 8.616570172596253130e+00
8.460000000000000000e+02 8.765523667140378450e+00
8.470000000000000000e+02 8.962207208115597012e+00
8.480000000000000000e+02 9.203789649900153691e+00
8.490000000000000000e+02 9.487041165192566794e+00
8.500000000000000000e+02 9.808395394387771304e+00
8.510000000000000000e+02 1.016401525257480998e+01
8.520000000000000000e+02 1.054986021961291343e+01
8.530000000000000000e+02 1.096175318443176394e+01
8.540000000000000000e+02 1.139544505618344949e+01
8.550000000000000000e+02 1.184667567267296739e+01
8.560000000000000000e+02 1.231123057438758472e+01
8.570000000000000000e+02 1.278499071886321481e+01
8.580000000000000000e+02 1.326397499512244416e+01
8.590000000000000000e+02 1.374437648693675129e+01
8.600000000000000000e+02 1.422259183614612610e+01
8.610000000000000000e+02 1.469524387534822907e+01
8.620000000000000000e+02 1.515919790112381627e+01
8.630000000000000000e+02 1.561157209954330760e+01
8.640000000000000000e+02 1.604974273273668928e+01
8.650000000000000000e+02 1.647134475253428221e+01
8.660000000000000000e+02 1.687426852978590830e+01
8.670000000000000000e+02 1.725665338184501607e+01
8.680000000000000000e+02 1.761687855206548647e+01
8.690000000000000000e+02 1.795355224991754284e+01
8.700000000000000000e+02 1.826549930390479659e+01
8.710000000000000000e+02 1.855174791654372157e+01
8.720000000000000000e+02 1.881151594514792791e+01
8.730000000000000000e+02 1.904419706709277094e+01
8.740000000000000000e+02 1.924934712593303487e+01
8.750000000000000000e+02 1.942667089678625203e+01
8.760000000000000000e+02 1.957600945681414828e+01
8.770000000000000000e+02 1.969732829992204870e+01
8.780000000000000000e+02 1.979070629412603211e+01
8.790000000000000000e+02 1.985632554523608206e+01
8.800000000000000000e+02 1.989446220125125464e+01
8.810000000000000000e+02 1.990547820765420539e+01
8.820000000000000000e+02 1.988981400409006639e+01
8.830000000000000000e+02 1.984798213714952198e+01
8.840000000000000000e+02 1.978056175150301854e+01
8.850000000000000000e+02 1.968819391198596946e+01
8.860000000000000000e+02 1.957157770179832212e+01
8.870000000000000000e+02 1.943146703635864725e+01
8.880000000000000000e+02 1.926866812810886742e+01
8.890000000000000000e+02 1.908403753431274197e+01
8.900000000000000000e+02 1.887848071738574163e+01
8.910000000000000000e+02 1.865295104525462477e+01
8.920000000000000000e+02 1.840844915752268207e+01
8.930000000000000000e+02 1.814602262157864132e+01
8.940000000000000000e+02 1.786676580132446190e+01
8.950000000000000000e+02 1.757181985964712467e+01
8.960000000000000000e+02 1.726237281432605641e+01
8.970000000000000000e+02 1.693965956563538811e+01
8.980000000000000000e+02 1.660496181267875926e+01
8.990000000000000000e+02 1.625960777452800343e+01
9.000000000000000000e+02 1.590497163169000139e+01
9.010000000000000000e+02 1.554247260355468896e+01
9.020000000000000000e+02 1.517357357838921850e+01
9.030000000000000000e+02 1.479977921450373834e+01
9.040000000000000000e+02 1.442263343455213231e+01
9.050000000000000000e+02 1.404371623990862616e+01
9.060000000000000000e+02 1.366463977883937453e+01
9.070000000000000000e+02 1.328704361110110987e+01
9.080000000000000000e+02 1.291258912269115910e+01
9.090000000000000000e+02 1.254295305806513205e+01
9.100000000000000000e+02 1.217982015310129995e+01
9.110000000000000000e+02 1.182487487057629316e+01
9.120000000000000000e+02 1.147979226065233149e+01
9.130000000000000000e+02 1.114622799167441158e+01
9.140000000000000000e+02 1.082580762101014926e+01
9.150000000000000000e+02 1.052011520121037869e+01
9.160000000000000000e+02 1.023068134273272811e+01
9.170000000000000000e+02 9.958970880016869032e+00
9.180000000000000000e+02 9.706370311997829958e+00
9.190000000000000000e+02 9.474175210026009708e+00
9.200000000000000000e+02 9.263577804788376113e+00
9.210000000000000000e+02 9.075654977970415871e+00
9.220000000000000000e+02 8.911356893247280198e+00
9.230000000000000000e+02 8.771496503827124869e+00
9.240000000000000000e+02 8.656740169533049922e+00
9.250000000000000000e+02 8.567599605010491004e+00
9.260000000000000000e+02 8.504425361791806637e+00
9.270000000000000000e+02 8.467402021053741734e+00
9.280000000000000000e+02 8.456545241339636476e+00
9.290000000000000000e+02 8.471700767316004743e+00
9.300000000000000000e+02 8.512545462883245762e+00
9.310000000000000000e+02 8.578590386163051917e+00
9.320000000000000000e+02 8.669185876665761015e+00
9.330000000000000000e+02 8.783528578007718579e+00
9.340000000000000000e+02 8.920670274698503377e+00
9.350000000000000000e+02 9.079528380369627172e+00
9.360000000000000000e+02 9.258897878885067101e+00
9.370000000000000000e+02 9.457464490293455484e+00
9.380000000000000000e+02 9.673818811481346813e+00
9.390000000000000000e+02 9.906471167215734397e+00
9.400000000000000000e+02 1.015386690126115532e+01
9.410000000000000000e+02 1.041440183921288387e+01
9.420000000000000000e+02 1.068643766414155749e+01
9.430000000000000000e+02 1.096831696227929598e+01
9.440000000000000000e+02 1.125837771779763763e+01
9.450000000000000000e+02 1.155496706204864132e+01
9.460000000000000000e+02 1.185645411221089773e+01
9.470000000000000000e+02 1.216124176581057625e+01
9.480000000000000000e+02 1.246777734989152009e+01
9.490000000000000000e+02 1.277456205549299995e+01
9.500000000000000000e+02 1.308015911864611702e+01
9.510000000000000000e+02 1.338320073746305461e+01
9.520000000000000000e+02 1.368239374043816170e+01
9.530000000000000000e+02 1.397652404340754551e+01
9.540000000000000000e+02 1.426445995139199141e+01
9.550000000000000000e+02 1.454515437674487011e+01
9.560000000000000000e+02 1.481764605665595091e+01
9.570000000000000000e+02 1.508105986127974418e+01
9.580000000000000000e+02 1.533460628883764798e+01
9.590000000000000000e+02 1.557758024631462135e+01
9.600000000000000000e+02 1.580935921414724277e+01
9.610000000000000000e+02 1.602940089104524901e+01
9.620000000000000000e+02 1.623724041109620231e+01
9.630000000000000000e+02 1.643248722002671869e+01
9.640000000000000000e+02 1.661482169121498131e+01
9.650000000000000000e+02 1.678399155513924867e+01
9.660000000000000000e+02 1.693980820862001480e+01
9.670000000000000000e+02 1.708214296276926802e+01
9.680000000000000000e+02 1.721092328115960868e+01
9.690000000000000000e+02 1.732612905252714341e+01
9.700000000000000000e+02 1.742778893546593011e+01
9.710000000000000000e+02 1.751597680612722741e+01
9.720000000000000000e+02 1.759080833400335919e+01
9.730000000000000000e+02 1.765243770540830326e+01
9.740000000000000000e+02 1.770105450941774450e+01
9.750000000000000000e+02 1.773688079662483119e+01
9.760000000000000000e+02 1.776016831726076006e+01
9.770000000000000000e+02 1.777119594189096574e+01
9.780000000000000000e+02 1.777026726500418619e+01
9.790000000000000000e+02 1.775770838939145335e+01
9.800000000000000000e+02 1.773386588716805079e+01
9.810000000000000000e+02 1.769910493158828757e+01
9.820000000000000000e+02 1.765380759242665221e+01
9.830000000000000000e+02 1.759837128662117323e+01
9.840000000000000000e+02 1.753320737497598358e+01
9.850000000000000000e+02 1.745873989511265734e+01
9.860000000000000000e+02 1.737540442033467869e+01
9.870000000000000000e+02 1.728364703378642986e+01
9.880000000000000000e+02 1.718392340704273380e+01
9.890000000000000000e+02 1.707669797218743923e+01
9.900000000000000000e+02 1.696244317639953536e+01
9.910000000000000000e+02 1.684163880813206404e+01
9.920000000000000000e+02 1.671477138402176976e+01
9.930000000000000000e+02 1.658233358589211193e+01
9.940000000000000000e+02 1.644482373731168678e+01
9.950000000000000000e+02 1.630274530941450806e+01
9.960000000000000000e+02 1.615660644595045525e+01
9.970000000000000000e+02 1.600691949777442247e+01
9.980000000000000000e+02 1.585420055726164890e+01
9.990000000000000000e+02 1.569896898349268177e+01
1.000000000000000000e+03 1.554174690939322012e+01
1.001000000000000000e+03 1.538305872237104666e+01
1.002000000000000000e+03 1.522343051046867757e+01
1.003000000000000000e+03 1.506338946649937149e+01
1.004000000000000000e+03 1.490346324313195403e+01
1.005000000000000000e+03 1.474417925256713779e+01
1.006000000000000000e+03 1.458606390496749405e+01
1.007000000000000000e+03 1.442964178067014025e+01
1.008000000000000000e+03 1.427543473188279677e+01
1.009000000000000000e+03 1.412396091054825042e+01
1.010000000000000000e+03 1.397573371995337510e+01
1.011000000000000000e+03 1.383126068876141446e+01
1.012000000000000000e+03 1.369104226728179974e+01
1.013000000000000000e+03 1.355557054697219499e+01
1.014000000000000000e+03 1.342532790554717437e+01
1.015000000000000000e+03 1.330078558137477529e+01
1.016000000000000000e+03 1.318240218231407823e+01
1.017000000000000000e+03 1.307062213564216258e+01
1.018000000000000000e+03 1.296587408719135404e+01
1.019000000000000000e+03 1.286856925938628038e+01
1.020000000000000000e+03 1.277909977934159613e+01
1.021000000000000000e+03 1.269783698967370889e+01
1.022000000000000000e+03 1.262512975606354360e+01
1.023000000000000000e+03 1.256130278688703505e+01
1.024000000000000000e+03 1.250665498142324594e+01
1.025000000000000000e+03 1.246145782408538416e+01
1.026000000000000000e+03 1.242595384294366312e+01
1.027000000000000000e+03 1.240035515133488175e+01
1.028000000000000000e+03 1.238484209163969751e+01
1.029000000000000000e+03 1.237956200028853182e+01
1.030000000000000000e+03 1.238462811272826514e+01
1.031000000000000000e+03 1.240011862643180152e+01
1.032000000000000000e+03 1.242607593900861218e+01
1.033000000000000000e+03 1.246250607715177949e+01
1.034000000000000000e+03 1.250937833043789560e+01
1.035000000000000000e+03 1.256662510203000416e+01
1.036000000000000000e+03 1.263414198599623539e+01
1.037000000000000000e+03 1.271178807838379221e+01
1.038000000000000000e+03 1.279938652642778329e+01
1.039000000000000000e+03 1.289672531725936366e+01
1.040000000000000000e+03 1.300355830440957661e+01
1.041000000000000000e+03 1.311960646727237645e+01
1.042000000000000000e+03 1.324455939550665207e+01
1.043000000000000000e+03 1.337807698733831074e+01
1.044000000000000000e+03 1.351979134775202418e+01
1.045000000000000000e+03 1.366930886984567017e+01
1.046000000000000000e+03 1.382621248017033011e+01
1.047000000000000000e+03 1.399006402668281979e+01
1.048000000000000000e+03 1.416040678618091775e+01
1.049000000000000000e+03 1.433676806665961578e+01
1.050000000000000000e+03 1.451866187906429317e+01
1.051000000000000000e+03 1.470559165235087384e+01
1.052000000000000000e+03 1.489705296567063186e+01
1.053000000000000000e+03 1.509253627180849122e+01
1.054000000000000000e+03 1.529152958674603902e+01
1.055000000000000000e+03 1.549352112133594517e+01
1.056000000000000000e+03 1.569800183254996284e+01
1.057000000000000000e+03 1.590446787353337399e+01
1.058000000000000000e+03 1.611242292374925356e+01
1.059000000000000000e+03 1.632138038270489133e+01
1.060000000000000000e+03 1.653086541318069180e+01
1.061000000000000000e+03 1.674041682234111050e+01
1.062000000000000000e+03 1.694958877163999489e+01
1.063000000000000000e+03 1.715795230896569024e+01
1.064000000000000000e+03 1.736509671891671758e+01
1.065000000000000000e+03 1.757063068947105933e+01
1.066000000000000000e+03 1.777418329554695120e+01
1.067000000000000000e+03 1.797540480200067847e+01
1.068000000000000000e+03 1.817396729049278647e+01
1.069000000000000000e+03 1.836956511631924727e+01
1.070000000000000000e+03 1.856191520272663098e+01
1.071000000000000000e+03 1.875075718148628923e+01
1.072000000000000000e+03 1.893585338944991392e+01
1.073000000000000000e+03 1.911698873162638179e+01
1.074000000000000000e+03 1.929397042183045130e+01
1.075000000000000000e+03 1.946662759038678558e+01
1.076000000000000000e+03 1.963481071838345926e+01
1.077000000000000000e+03 1.979839117806760740e+01
1.078000000000000000e+03 1.995726064859930915e+01
1.079000000000000000e+03 2.011133041896366436e+01
1.080000000000000000e+03 2.026053063587167102e+01
1.081000000000000000e+03 2.040480950701179097e+01
1.082000000000000000e+03 2.054413246941091487e+01
1.083000000000000000e+03 2.067848133204828542e+01
1.084000000000000000e+03 2.080785340118350746e+01
1.085000000000000000e+03 2.093226059619291490e+01
1.086000000000000000e+03 2.105172856299416395e+01
1.087000000000000000e+03 2.116629579142542994e+01
1.088000000000000000e+03 2.127601274225419559e+01
1.089000000000000000e+03 2.138094098882123006e+01
1.090000000000000000e+03 2.148115237763149210e+01
1.091000000000000000e+03 2.157672821162371690e+01
1.092000000000000000e+03 2.166775845921338117e+01
1.093000000000000000e+03 2.175434099167468815e+01
1.094000000000000000e+03 2.183658085090221590e+01
1.095000000000000000e+03 2.191458954911106716e+01
1.096000000000000000e+03 2.198848440161880191e+01
1.097000000000000000e+03 2.205838789343565054e+01
1.098000000000000000e+03 2.212442708005001180e+01
1.099000000000000000e+03 2.218673302250234514e+01
1.100000000000000000e+03 2.224544025650430257e+01
