3.500000000000000000e+02 3.743495840833546850e+01
3.510000000000000000e+02 4.147435757729973460e+01
3.520000000000000000e+02 4.138086024432809040e+01
3.530000000000000000e+02 3.729906854987368092e+01
3.540000000000000000e+02 2.998615001147522818e+01
3.550000000000000000e+02 2.111311620391849075e+01
3.560000000000000000e+02 1.349928540035291391e+01
3.570000000000000000e+02 1.040206018030500523e+01
3.580000000000000000e+02 1.352267376514604891e+01
3.590000000000000000e+02 2.151798287575047297e+01
3.600000000000000000e+02 3.110671034553449843e+01
3.610000000000000000e+02 3.928915982236197380e+01
3.620000000000000000e+02 4.431386073912524637e+01
3.630000000000000000e+02 4.546859678496807078e+01
3.640000000000000000e+02 4.264263131129010276e+01
3.650000000000000000e+02 3.617433243609672644e+01
3.660000000000000000e+02 2.714338723275370668e+01
3.670000000000000000e+02 1.784478077523479911e+01
3.680000000000000000e+02 1.157807383038865723e+01
3.690000000000000000e+02 1.104712843978564862e+01
3.700000000000000000e+02 1.638210119024471823e+01
3.710000000000000000e+02 2.512858818888989987e+01
3.720000000000000000e+02 3.420611402890998676e+01
3.730000000000000000e+02 4.145997348654253045e+01
3.740000000000000000e+02 4.586743786552662527e+01
3.750000000000000000e+02 4.709385133524082789e+01
3.760000000000000000e+02 4.509755743974258735e+01
3.770000000000000000e+02 4.003703867197477706e+01
3.780000000000000000e+02 3.246163677536960535e+01
3.790000000000000000e+02 2.365145020964155620e+01
3.800000000000000000e+02 1.580324385789488595e+01
3.810000000000000000e+02 1.148921806602802320e+01
3.820000000000000000e+02 1.224637363589634909e+01
3.830000000000000000e+02 1.752562049889391105e+01
3.840000000000000000e+02 2.523770151877621259e+01
3.850000000000000000e+02 3.317788085968008716e+01
3.860000000000000000e+02 3.987410377017749852e+01
3.870000000000000000e+02 4.458739356846052004e+01
3.880000000000000000e+02 4.701878503082332372e+01
3.890000000000000000e+02 4.707957297429447863e+01
3.900000000000000000e+02 4.478375912790953350e+01
3.910000000000000000e+02 4.024632194834988042e+01
3.920000000000000000e+02 3.380337217962468088e+01
3.930000000000000000e+02 2.624478911330516695e+01
3.940000000000000000e+02 1.899261688649723112e+01
3.950000000000000000e+02 1.390622794633384274e+01
3.960000000000000000e+02 1.252018019699418794e+01
3.970000000000000000e+02 1.516095827964194243e+01
3.980000000000000000e+02 2.080562805615316790e+01
3.990000000000000000e+02 2.781157089375489022e+01
4.000000000000000000e+02 3.472261233140655889e+01
4.010000000000000000e+02 4.059825391205889389e+01
4.020000000000000000e+02 4.496284630818105654e+01
4.030000000000000000e+02 4.763314642569214641e+01
4.040000000000000000e+02 4.855613332513839708e+01
4.050000000000000000e+02 4.771848465743983070e+01
4.060000000000000000e+02 4.513395946703177231e+01
4.070000000000000000e+02 4.088615701459561080e+01
4.080000000000000000e+02 3.521171808718948881e+01
4.090000000000000000e+02 2.863373602711526900e+01
4.100000000000000000e+02 2.208636277708943396e+01
4.110000000000000000e+02 1.685896316524344130e+01
4.120000000000000000e+02 1.421514880346956211e+01
4.130000000000000000e+02 1.481046433420303288e+01
4.140000000000000000e+02 1.835662148569879193e+01
4.150000000000000000e+02 2.383950879361244546e+01
4.160000000000000000e+02 3.005758899452821709e+01
4.170000000000000000e+02 3.603970003901262942e+01
4.180000000000000000e+02 4.117622792117599317e+01
4.190000000000000000e+02 4.515648387711827638e+01
4.200000000000000000e+02 4.785269282908919308e+01
4.210000000000000000e+02 4.922560487405922203e+01
4.220000000000000000e+02 4.926942701528246715e+01
4.230000000000000000e+02 4.798790639117814294e+01
4.240000000000000000e+02 4.539980226996548396e+01
4.250000000000000000e+02 4.157215370826957468e+01
4.260000000000000000e+02 3.667654505668146214e+01
4.270000000000000000e+02 3.106173578916525813e+01
4.280000000000000000e+02 2.532212403713424109e+01
4.290000000000000000e+02 2.029620097249761201e+01
4.300000000000000000e+02 1.691242238250702457e+01
4.310000000000000000e+02 1.587622611547638485e+01
4.320000000000000000e+02 1.736293764316763344e+01
4.330000000000000000e+02 2.094723608882250332e+01
4.340000000000000000e+02 2.583108228784387705e+01
4.350000000000000000e+02 3.118046653112451594e+01
4.360000000000000000e+02 3.634132270447857138e+01
4.370000000000000000e+02 4.088484762180569732e+01
4.380000000000000000e+02 4.456379368199080204e+01
4.390000000000000000e+02 4.725672628279462373e+01
4.400000000000000000e+02 4.892386242138513097e+01
4.410000000000000000e+02 4.956676863752133499e+01
4.420000000000000000e+02 4.919642694615771461e+01
4.430000000000000000e+02 4.781832864192096366e+01
4.440000000000000000e+02 4.544235065801149176e+01
4.450000000000000000e+02 4.211648252305261053e+01
4.460000000000000000e+02 3.796494047205325018e+01
4.470000000000000000e+02 3.322665218039902157e+01
4.480000000000000000e+02 2.827418337561034178e+01
4.490000000000000000e+02 2.363394199046100042e+01
4.500000000000000000e+02 1.994803213230807870e+01
4.510000000000000000e+02 1.784362322343818263e+01
4.520000000000000000e+02 1.770246743899816622e+01
4.530000000000000000e+02 1.949951721780969294e+01
4.540000000000000000e+02 2.283401456506586058e+01
4.550000000000000000e+02 2.711427597095872954e+01
4.560000000000000000e+02 3.174534583326278181e+01
4.570000000000000000e+02 3.624422628806567559e+01
4.580000000000000000e+02 4.027433315710795370e+01
4.590000000000000000e+02 4.363527594749489680e+01
4.600000000000000000e+02 4.622581296638447412e+01
4.610000000000000000e+02 4.800491708721895634e+01
4.620000000000000000e+02 4.896326307393948696e+01
4.630000000000000000e+02 4.910574573184142366e+01
4.640000000000000000e+02 4.844289375564541444e+01
4.650000000000000000e+02 4.698596655570826641e+01
4.660000000000000000e+02 4.475027907850918041e+01
4.670000000000000000e+02 4.177132182845031139e+01
4.680000000000000000e+02 3.814099640054900675e+01
4.690000000000000000e+02 3.403804489221803209e+01
4.700000000000000000e+02 2.974728354295245225e+01
4.710000000000000000e+02 2.564435866675849240e+01
4.720000000000000000e+02 2.215922389924248748e+01
4.730000000000000000e+02 1.973217786947259356e+01
4.740000000000000000e+02 1.872262292607348044e+01
4.750000000000000000e+02 1.929677819556030016e+01
4.760000000000000000e+02 2.133502750747003773e+01
4.770000000000000000e+02 2.447067342621157948e+01
4.780000000000000000e+02 2.822978481919452420e+01
4.790000000000000000e+02 3.218728268592027320e+01
4.800000000000000000e+02 3.601765990020805219e+01
4.810000000000000000e+02 3.949577387078864632e+01
4.820000000000000000e+02 4.246975515332589879e+01
4.830000000000000000e+02 4.484261937568400214e+01
4.840000000000000000e+02 4.656754526889309176e+01
4.850000000000000000e+02 4.763115185427178488e+01
4.860000000000000000e+02 4.803964057669218590e+01
4.870000000000000000e+02 4.780515655977757206e+01
4.880000000000000000e+02 4.694080534953603490e+01
4.890000000000000000e+02 4.546228515574880902e+01
4.900000000000000000e+02 4.339461407455915065e+01
4.910000000000000000e+02 4.078131521082083566e+01
4.920000000000000000e+02 3.769643820020724689e+01
4.930000000000000000e+02 3.425927270000041602e+01
4.940000000000000000e+02 3.064873381543644726e+01
4.950000000000000000e+02 2.710676372326012995e+01
4.960000000000000000e+02 2.392547393900796848e+01
4.970000000000000000e+02 2.141131680485568367e+01
4.980000000000000000e+02 1.983121023987961706e+01
4.990000000000000000e+02 1.935949607271126283e+01
5.000000000000000000e+02 2.003652656647078700e+01
5.010000000000000000e+02 2.175812757151005172e+01
5.020000000000000000e+02 2.429747112018871036e+01
5.030000000000000000e+02 2.736002825816637340e+01
5.040000000000000000e+02 3.064649235390127657e+01
5.050000000000000000e+02 3.390118582552528181e+01
5.060000000000000000e+02 3.693985522916132425e+01
5.070000000000000000e+02 3.963951834300515742e+01
5.080000000000000000e+02 4.192301563099321271e+01
5.090000000000000000e+02 4.374370983071833763e+01
5.100000000000000000e+02 4.507131327126644749e+01
5.110000000000000000e+02 4.589238524730531310e+01
5.120000000000000000e+02 4.620709135558388425e+01
5.130000000000000000e+02 4.602524419354870133e+01
5.140000000000000000e+02 4.536243411748056786e+01
5.150000000000000000e+02 4.423585421438384913e+01
5.160000000000000000e+02 4.266544847678861174e+01
5.170000000000000000e+02 4.067785079816867011e+01
5.180000000000000000e+02 3.831448207108868331e+01
5.190000000000000000e+02 3.564105372463304633e+01
5.200000000000000000e+02 3.275233868174388618e+01
5.210000000000000000e+02 2.977601948476107196e+01
5.220000000000000000e+02 2.687083586448679640e+01
5.230000000000000000e+02 2.421688565056184927e+01
5.240000000000000000e+02 2.200328289248565028e+01
5.250000000000000000e+02 2.040603578140943597e+01
5.260000000000000000e+02 1.956099469363372378e+01
5.270000000000000000e+02 1.953880815586682829e+01
5.280000000000000000e+02 2.032685970197762870e+01
5.290000000000000000e+02 2.183062143258772991e+01
5.300000000000000000e+02 2.389401489289795322e+01
5.310000000000000000e+02 2.633053046520008422e+01
5.320000000000000000e+02 2.895598953502202377e+01
5.330000000000000000e+02 3.160792004440163794e+01
5.340000000000000000e+02 3.415499420890070326e+01
5.350000000000000000e+02 3.649880356585100571e+01
5.360000000000000000e+02 3.856974512240793729e+01
5.370000000000000000e+02 4.032156543790105729e+01
5.380000000000000000e+02 4.172616311452718918e+01
5.390000000000000000e+02 4.276835110103666437e+01
5.400000000000000000e+02 4.344161060698342425e+01
5.410000000000000000e+02 4.374556465763992463e+01
5.420000000000000000e+02 4.368497620300351514e+01
5.430000000000000000e+02 4.326876841210666669e+01
5.440000000000000000e+02 4.250972055835131158e+01
5.450000000000000000e+02 4.142410448314886651e+01
5.460000000000000000e+02 4.003052531995368213e+01
5.470000000000000000e+02 3.835184317883590666e+01
5.480000000000000000e+02 3.641783239373365433e+01
5.490000000000000000e+02 3.426829315566219236e+01
5.500000000000000000e+02 3.195948532211944126e+01
5.510000000000000000e+02 2.956853263171346313e+01
5.520000000000000000e+02 2.718981867224270488e+01
5.530000000000000000e+02 2.493088848968373838e+01
5.540000000000000000e+02 2.290480759726404614e+01
5.550000000000000000e+02 2.121668524624082153e+01
5.560000000000000000e+02 1.995548685784781640e+01
5.570000000000000000e+02 1.918961746876740193e+01
5.580000000000000000e+02 1.895968958861562115e+01
5.590000000000000000e+02 1.927376698244356845e+01
5.600000000000000000e+02 2.010451250742501372e+01
5.610000000000000000e+02 2.138856108347199836e+01
5.620000000000000000e+02 2.303463801346562079e+01
5.630000000000000000e+02 2.493585346315355977e+01
5.640000000000000000e+02 2.698223080316202172e+01
5.650000000000000000e+02 2.907334853709624412e+01
5.660000000000000000e+02 3.112594128710647468e+01
5.670000000000000000e+02 3.307330394076987545e+01
5.680000000000000000e+02 3.486441560837727849e+01
5.690000000000000000e+02 3.646194576179183144e+01
5.700000000000000000e+02 3.783876357750665420e+01
5.710000000000000000e+02 3.897529605383848406e+01
5.720000000000000000e+02 3.985946632461622130e+01
5.730000000000000000e+02 4.048514645556657143e+01
5.740000000000000000e+02 4.085073454111270053e+01
5.750000000000000000e+02 4.095821916048073064e+01
5.760000000000000000e+02 4.081273708318623505e+01
5.770000000000000000e+02 4.042158344127165748e+01
5.780000000000000000e+02 3.979393038122320547e+01
5.790000000000000000e+02 3.894097221889854410e+01
5.800000000000000000e+02 3.787626440355165869e+01
5.810000000000000000e+02 3.661575581425432091e+01
5.820000000000000000e+02 3.517845302928399320e+01
5.830000000000000000e+02 3.358762068814387902e+01
5.840000000000000000e+02 3.187170408283124345e+01
5.850000000000000000e+02 3.006514151781765065e+01
5.860000000000000000e+02 2.820916526525404322e+01
5.870000000000000000e+02 2.635213047186909563e+01
5.880000000000000000e+02 2.454823252176716508e+01
5.890000000000000000e+02 2.285574083771824050e+01
5.900000000000000000e+02 2.133436293187485688e+01
5.910000000000000000e+02 2.004175081345053044e+01
5.920000000000000000e+02 1.902950737138063175e+01
5.930000000000000000e+02 1.833898749598764155e+01
5.940000000000000000e+02 1.799748404491604603e+01
5.950000000000000000e+02 1.801557128085420345e+01
5.960000000000000000e+02 1.838605520399851656e+01
5.970000000000000000e+02 1.908472790066216973e+01
5.980000000000000000e+02 2.007282623250629072e+01
5.990000000000000000e+02 2.130087409161883372e+01
6.000000000000000000e+02 2.271300996641081937e+01
6.010000000000000000e+02 2.425121662018823088e+01
6.020000000000000000e+02 2.585898494517061508e+01
6.030000000000000000e+02 2.748413423334260486e+01
6.040000000000000000e+02 2.908060789432489557e+01
6.050000000000000000e+02 3.060920465994749051e+01
6.060000000000000000e+02 3.203773733964674619e+01
6.070000000000000000e+02 3.334070497462475657e+01
6.080000000000000000e+02 3.449864169581483253e+01
6.090000000000000000e+02 3.549738102577417465e+01
6.100000000000000000e+02 3.632736576338790258e+01
6.110000000000000000e+02 3.698273905212725055e+01
6.120000000000000000e+02 3.746056646845828197e+01
6.130000000000000000e+02 3.776019928989042995e+01
6.140000000000000000e+02 3.788277279396196207e+01
6.150000000000000000e+02 3.783072320441402070e+01
6.160000000000000000e+02 3.760746204058293785e+01
6.170000000000000000e+02 3.721756463581129282e+01
6.180000000000000000e+02 3.666682091104064511e+01
6.190000000000000000e+02 3.596233259050542586e+01
6.200000000000000000e+02 3.511268373848318447e+01
6.210000000000000000e+02 3.412815910829759503e+01
6.220000000000000000e+02 3.302086611545911410e+01
6.230000000000000000e+02 3.180486387552081240e+01
6.240000000000000000e+02 3.049643563615037678e+01
6.250000000000000000e+02 2.911435009939923191e+01
6.260000000000000000e+02 2.768006067028677819e+01
6.270000000000000000e+02 2.621784897810525194e+01
6.280000000000000000e+02 2.475513182019004788e+01
6.290000000000000000e+02 2.332207701667000421e+01
6.300000000000000000e+02 2.195081967111053700e+01
6.310000000000000000e+02 2.067449034109085204e+01
6.320000000000000000e+02 1.952594472337417386e+01
6.330000000000000000e+02 1.853624549757915219e+01
6.340000000000000000e+02 1.773284595477357684e+01
6.350000000000000000e+02 1.713802480933827255e+01
6.360000000000000000e+02 1.676781521388841512e+01
6.370000000000000000e+02 1.663101966749351845e+01
6.380000000000000000e+02 1.672865185941462229e+01
6.390000000000000000e+02 1.705389557080162888e+01
6.400000000000000000e+02 1.759258353894519900e+01
6.410000000000000000e+02 1.832408585680348523e+01
6.420000000000000000e+02 1.922255600270247911e+01
6.430000000000000000e+02 2.025846215251614169e+01
6.440000000000000000e+02 2.140019007242989346e+01
6.450000000000000000e+02 2.261556434308765162e+01
6.460000000000000000e+02 2.387317439781068629e+01
6.470000000000000000e+02 2.514342905271984563e+01
6.480000000000000000e+02 2.639931930181659325e+01
6.490000000000000000e+02 2.761691247597602938e+01
6.500000000000000000e+02 2.877557848224162029e+01
6.510000000000000000e+02 2.985800551529283098e+01
6.520000000000000000e+02 3.085006019334806027e+01
6.530000000000000000e+02 3.174054332591249761e+01
6.540000000000000000e+02 3.252088284560536380e+01
6.550000000000000000e+02 3.318476194784965827e+01
6.560000000000000000e+02 3.372776981599506030e+01
6.570000000000000000e+02 3.414711595765369623e+01
6.580000000000000000e+02 3.444137239614025958e+01
6.590000000000000000e+02 3.461025684859444596e+01
6.600000000000000000e+02 3.465446327321337350e+01
6.610000000000000000e+02 3.457560049568873239e+01
6.620000000000000000e+02 3.437613874898553235e+01
6.630000000000000000e+02 3.405931205846496823e+01
6.640000000000000000e+02 3.362909632012943462e+01
6.650000000000000000e+02 3.309022196575553210e+01
6.660000000000000000e+02 3.244821432671006534e+01
6.670000000000000000e+02 3.170945575971999020e+01
6.680000000000000000e+02 3.088123596336313881e+01
6.690000000000000000e+02 2.997182249690945710e+01
6.700000000000000000e+02 2.899058394585102150e+01
6.710000000000000000e+02 2.794808223326796082e+01
6.720000000000000000e+02 2.685614504819169213e+01
6.730000000000000000e+02 2.572790826279265985e+01
6.740000000000000000e+02 2.457781503111309007e+01
6.750000000000000000e+02 2.342157319914386804e+01
6.760000000000000000e+02 2.227604860530544428e+01
6.770000000000000000e+02 2.115902269520941203e+01
6.780000000000000000e+02 2.008887886077673457e+01
6.790000000000000000e+02 1.908420153008707842e+01
6.800000000000000000e+02 1.816329059106377031e+01
6.810000000000000000e+02 1.734360718749059060e+01
6.820000000000000000e+02 1.664117519438477899e+01
6.830000000000000000e+02 1.606997709588690526e+01
6.840000000000000000e+02 1.564141215803642382e+01
6.850000000000000000e+02 1.536380720821185264e+01
6.860000000000000000e+02 1.524202925118471263e+01
6.870000000000000000e+02 1.527724437664584300e+01
6.880000000000000000e+02 1.546684606866046607e+01
6.890000000000000000e+02 1.580456137899484048e+01
6.900000000000000000e+02 1.628071615180352083e+01
6.910000000000000000e+02 1.688265332113778783e+01
6.920000000000000000e+02 1.759530861237125166e+01
6.930000000000000000e+02 1.840183341118937932e+01
6.940000000000000000e+02 1.928423784586663103e+01
6.950000000000000000e+02 2.022401623932379877e+01
6.960000000000000000e+02 2.120272006974948553e+01
6.970000000000000000e+02 2.220245171965233411e+01
6.980000000000000000e+02 2.320623360822182235e+01
6.990000000000000000e+02 2.419828580718715472e+01
7.000000000000000000e+02 2.516425464628452247e+01
7.010000000000000000e+02 2.609134229369116653e+01
7.020000000000000000e+02 2.696836009684279034e+01
7.030000000000000000e+02 2.778572025370885612e+01
7.040000000000000000e+02 2.853538009677049203e+01
7.050000000000000000e+02 2.921075653499808311e+01
7.060000000000000000e+02 2.980670672517504727e+01
7.070000000000000000e+02 3.031943163594840129e+01
7.080000000000000000e+02 3.074626578236932062e+01
7.090000000000000000e+02 3.108553710183454655e+01
7.100000000000000000e+02 3.133644004750745893e+01
7.110000000000000000e+02 3.149892166135000338e+01
7.120000000000000000e+02 3.157358252098784135e+01
7.130000000000000000e+02 3.156158967810825899e+01
7.140000000000000000e+02 3.146446689744993819e+01
7.150000000000000000e+02 3.128399186345059846e+01
7.160000000000000000e+02 3.102234318728229567e+01
7.170000000000000000e+02 3.068210921717408013e+01
7.180000000000000000e+02 3.026629606541776241e+01
7.190000000000000000e+02 2.977834553568051135e+01
7.200000000000000000e+02 2.922216127926155949e+01
7.210000000000000000e+02 2.860214173602241416e+01
7.220000000000000000e+02 2.792331157047348000e+01
7.230000000000000000e+02 2.719145482074729614e+01
7.240000000000000000e+02 2.641292855974312559e+01
7.250000000000000000e+02 2.559464106155480323e+01
7.260000000000000000e+02 2.474405264654882686e+01
7.270000000000000000e+02 2.386916562800929498e+01
7.280000000000000000e+02 2.297850016556826347e+01
7.290000000000000000e+02 2.208105301920753760e+01
7.300000000000000000e+02 2.118622715483249763e+01
7.310000000000000000e+02 2.030368201525963912e+01
7.320000000000000000e+02 1.944333479756961225e+01
7.330000000000000000e+02 1.861531554270828792e+01
7.340000000000000000e+02 1.782982178876925516e+01
7.350000000000000000e+02 1.709694533748894685e+01
7.360000000000000000e+02 1.642647509628485381e+01
7.370000000000000000e+02 1.582768115125064234e+01
7.380000000000000000e+02 1.530908728349362846e+01
7.390000000000000000e+02 1.487823204825503254e+01
7.400000000000000000e+02 1.454139264928153352e+01
7.410000000000000000e+02 1.430336943230753910e+01
7.420000000000000000e+02 1.416733679187125361e+01
7.430000000000000000e+02 1.413474009583368662e+01
7.440000000000000000e+02 1.420524704405811711e+01
7.450000000000000000e+02 1.437675718663524194e+01
7.460000000000000000e+02 1.464546973785522077e+01
7.470000000000000000e+02 1.500600619890265541e+01
7.480000000000000000e+02 1.545160460630844668e+01
7.490000000000000000e+02 1.597437949884692543e+01
7.500000000000000000e+02 1.656549699962911149e+01
7.510000000000000000e+02 1.721539517861056012e+01
7.520000000000000000e+02 1.791402070558918425e+01
7.530000000000000000e+02 1.865106017936382088e+01
7.540000000000000000e+02 1.941615749247507239e+01
7.550000000000000000e+02 2.019911034910131065e+01
7.560000000000000000e+02 2.099004102544459016e+01
7.570000000000000000e+02 2.177952330603742581e+01
7.580000000000000000e+02 2.255865419540433692e+01
7.590000000000000000e+02 2.331919495148981625e+01
7.600000000000000000e+02 2.405365057106540050e+01
7.610000000000000000e+02 2.475530670446004322e+01
7.620000000000000000e+02 2.541824324606255558e+01
7.630000000000000000e+02 2.603732840157603334e+01
7.640000000000000000e+02 2.660819713468890413e+01
7.650000000000000000e+02 2.712721776850593969e+01
7.660000000000000000e+02 2.759145090648132026e+01
7.670000000000000000e+02 2.799860194800108815e+01
7.680000000000000000e+02 2.834694820527027659e+01
7.690000000000000000e+02 2.863527967693265097e+01
7.700000000000000000e+02 2.886285191692281060e+01
7.710000000000000000e+02 2.902934232464858866e+01
7.720000000000000000e+02 2.913481053597400461e+01
7.730000000000000000e+02 2.917966340526821512e+01
7.740000000000000000e+02 2.916462483753873158e+01
7.750000000000000000e+02 2.909071056176454206e+01
7.760000000000000000e+02 2.895923462726061004e+01
7.770000000000000000e+02 2.877185331151861192e+01
7.780000000000000000e+02 2.853049477934720457e+01
7.790000000000000000e+02 2.823733150397792002e+01
7.800000000000000000e+02 2.789476952609496507e+01
7.810000000000000000e+02 2.750544054657663295e+01
7.820000000000000000e+02 2.707219630947624367e+01
7.830000000000000000e+02 2.659810468978079356e+01
7.840000000000000000e+02 2.608644686659347656e+01
7.850000000000000000e+02 2.554071432756445148e+01
7.860000000000000000e+02 2.496456091463808136e+01
7.870000000000000000e+02 2.436177468908095989e+01
7.880000000000000000e+02 2.373635447906027451e+01
7.890000000000000000e+02 2.309251744958320174e+01
7.900000000000000000e+02 2.243469564995231735e+01
7.910000000000000000e+02 2.176752858230299026e+01
7.920000000000000000e+02 2.109585099874654190e+01
7.930000000000000000e+02 2.042467517705615521e+01
7.940000000000000000e+02 1.975916700012867011e+01
7.950000000000000000e+02 1.910461535182810877e+01
7.960000000000000000e+02 1.846640726010023315e+01
7.970000000000000000e+02 1.784998320790186099e+01
7.980000000000000000e+02 1.726073999447574536e+01
7.990000000000000000e+02 1.670396483202921800e+01
8.000000000000000000e+02 1.618477024687772214e+01
8.010000000000000000e+02 1.570802561860688229e+01
8.020000000000000000e+02 1.527828688261451617e+01
8.030000000000000000e+02 1.489972618416825156e+01
8.040000000000000000e+02 1.457606347911287692e+01
8.050000000000000000e+02 1.431050220752891633e+01
8.060000000000000000e+02 1.410567771241162305e+01
8.070000000000000000e+02 1.396363751799588826e+01
8.080000000000000000e+02 1.388577800837761878e+01
8.090000000000000000e+02 1.387279778405039465e+01
8.100000000000000000e+02 1.392467490633734251e+01
8.110000000000000000e+02 1.404065845206341479e+01
8.120000000000000000e+02 1.421927505199571051e+01
8.130000000000000000e+02 1.445835051849200781e+01
8.140000000000000000e+02 1.475504607314589123e+01
8.150000000000000000e+02 1.510590810997380551e+01
8.160000000000000000e+02 1.550692998687624247e+01
8.170000000000000000e+02 1.595363231577267804e+01
8.180000000000000000e+02 1.644116297016420347e+01
8.190000000000000000e+02 1.696438111991909281e+01
8.200000000000000000e+02 1.751794051916593986e+01
8.210000000000000000e+02 1.809637202700124092e+01
8.220000000000000000e+02 1.869416275652315207e+01
8.230000000000000000e+02 1.930583008855307625e+01
8.240000000000000000e+02 1.992598913594790844e+01
8.250000000000000000e+02 2.054941261630805371e+01
8.260000000000000000e+02 2.117108246237476266e+01
8.270000000000000000e+02 2.178623243253699826e+01
8.280000000000000000e+02 2.239036647461770002e+01
8.290000000000000000e+02 2.297927945863948551e+01
8.300000000000000000e+02 2.354909676230786886e+01
8.310000000000000000e+02 2.409628924758034785e+01
8.320000000000000000e+02 2.461768018081792064e+01
8.330000000000000000e+02 2.511044628245196009e+01
8.340000000000000000e+02 2.557211375129540087e+01
8.350000000000000000e+02 2.600055011489478218e+01
8.360000000000000000e+02 2.639395273300380040e+01
8.370000000000000000e+02 2.675083473341046059e+01
8.380000000000000000e+02 2.707000909467661032e+01
8.390000000000000000e+02 2.735057151483907134e+01
8.400000000000000000e+02 2.759188262397097446e+01
8.410000000000000000e+02 2.779355001588042029e+01
8.420000000000000000e+02 2.795541049346301676e+01
8.430000000000000000e+02 2.807751284569327410e+01
8.440000000000000000e+02 2.816010140362107350e+01
8.450000000000000000e+02 2.820360055896351525e+01
8.460000000000000000e+02 2.820860037244429819e+01
8.470000000000000000e+02 2.817584334992946538e+01
8.480000000000000000e+02 2.810621242525212082e+01
8.490000000000000000e+02 2.800072021462991501e+01
8.500000000000000000e+02 2.786049937452724379e+01
8.510000000000000000e+02 2.768679400198817930e+01
8.520000000000000000e+02 2.748095215835916250e+01
8.530000000000000000e+02 2.724441935909405288e+01
8.540000000000000000e+02 2.697873292516190702e+01
8.550000000000000000e+02 2.668551704766247212e+01
8.560000000000000000e+02 2.636647795049776732e+01
8.570000000000000000e+02 2.602340003656949818e+01
8.580000000000000000e+02 2.565814287450933762e+01
8.590000000000000000e+02 2.527263816243450378e+01
8.600000000000000000e+02 2.486888681227344833e+01
8.610000000000000000e+02 2.444895603085919689e+01
8.620000000000000000e+02 2.401497626634472127e+01
8.630000000000000000e+02 2.356913789022354067e+01
8.640000000000000000e+02 2.311368748817153573e+01
8.650000000000000000e+02 2.265092363729888092e+01
8.660000000000000000e+02 2.218319205339548006e+01
8.670000000000000000e+02 2.171287999958067161e+01
8.680000000000000000e+02 2.124240985772924972e+01
8.690000000000000000e+02 2.077423177630655715e+01
8.700000000000000000e+02 2.031081532308955317e+01
8.710000000000000000e+02 1.985464008877479003e+01
8.720000000000000000e+02 1.940818520782474010e+01
8.730000000000000000e+02 1.897391778607805790e+01
8.740000000000000000e+02 1.855428025054046515e+01
8.750000000000000000e+02 1.815167666515029765e+01
8.760000000000000000e+02 1.776845808683664885e+01
8.770000000000000000e+02 1.740690706826885048e+01
8.780000000000000000e+02 1.706922144669641028e+01
8.790000000000000000e+02 1.675749759131316807e+01
8.800000000000000000e+02 1.647371331366301916e+01
8.810000000000000000e+02 1.621971067560554758e+01
8.820000000000000000e+02 1.599717895608225859e+01
8.830000000000000000e+02 1.580763806013522910e+01
8.840000000000000000e+02 1.565242267004220977e+01
8.850000000000000000e+02 1.553266744799646837e+01
8.860000000000000000e+02 1.544929360137615149e+01
8.870000000000000000e+02 1.540299711462378163e+01
8.880000000000000000e+02 1.539423893557344591e+01
8.890000000000000000e+02 1.542323737856083099e+01
8.900000000000000000e+02 1.548996297210872264e+01
8.910000000000000000e+02 1.559413593601936299e+01
8.920000000000000000e+02 1.573522642238497937e+01
8.930000000000000000e+02 1.591245759875142340e+01
8.940000000000000000e+02 1.612481159125702845e+01
8.950000000000000000e+02 1.637103824293581766e+01
8.960000000000000000e+02 1.664966657977462461e+01
8.970000000000000000e+02 1.695901881669288258e+01
8.980000000000000000e+02 1.729722667958454352e+01
8.990000000000000000e+02 1.766224976985958861e+01
9.000000000000000000e+02 1.805189565628582216e+01
9.010000000000000000e+02 1.846384134668837618e+01
9.020000000000000000e+02 1.889565577014554165e+01
9.030000000000000000e+02 1.934482288918686166e+01
9.040000000000000000e+02 1.980876506114803703e+01
9.050000000000000000e+02 2.028486627781871832e+01
9.060000000000000000e+02 2.077049493198623864e+01
9.070000000000000000e+02 2.126302578723465686e+01
9.080000000000000000e+02 2.175986086196898484e+01
9.090000000000000000e+02 2.225844897849237825e+01
9.100000000000000000e+02 2.275630377135751559e+01
9.110000000000000000e+02 2.325101999450321699e+01
9.120000000000000000e+02 2.374028801224322649e+01
9.130000000000000000e+02 2.422190640356782154e+01
9.140000000000000000e+02 2.469379265121310851e+01
9.150000000000000000e+02 2.515399192550468044e+01
9.160000000000000000e+02 2.560068400734958516e+01
9.170000000000000000e+02 2.603218842437357949e+01
9.180000000000000000e+02 2.644696789883616006e+01
9.190000000000000000e+02 2.684363022545709754e+01
9.200000000000000000e+02 2.722092871184588248e+01
9.210000000000000000e+02 2.757776132402197788e+01
9.220000000000000000e+02 2.791316868498982373e+01
9.230000000000000000e+02 2.822633107590633017e+01
9.240000000000000000e+02 2.851656458758722223e+01
9.250000000000000000e+02 2.878331656549539375e+01
9.260000000000000000e+02 2.902616048442266816e+01
9.270000000000000000e+02 2.924479038042265699e+01
9.280000000000000000e+02 2.943901495755931563e+01
9.290000000000000000e+02 2.960875147624192394e+01
9.300000000000000000e+02 2.975401951862520633e+01
9.310000000000000000e+02 2.987493471515145060e+01
9.320000000000000000e+02 2.997170250505179467e+01
9.330000000000000000e+02 3.004461199271719707e+01
9.340000000000000000e+02 3.009402995150101034e+01
9.350000000000000000e+02 3.012039501681731224e+01
9.360000000000000000e+02 3.012421210144619721e+01
9.370000000000000000e+02 3.010604705781274504e+01
9.380000000000000000e+02 3.006652160468220458e+01
9.390000000000000000e+02 3.000630852918196823e+01
9.400000000000000000e+02 2.992612716937179229e+01
9.410000000000000000e+02 2.982673917759301929e+01
9.420000000000000000e+02 2.970894456061384759e+01
9.430000000000000000e+02 2.957357798897867340e+01
9.440000000000000000e+02 2.942150536500898284e+01
9.450000000000000000e+02 2.925362063646510435e+01
9.460000000000000000e+02 2.907084284094056414e+01
9.470000000000000000e+02 2.887411336454004385e+01
9.480000000000000000e+02 2.866439339730281688e+01
9.490000000000000000e+02 2.844266156699865178e+01
9.500000000000000000e+02 2.820991173246156691e+01
9.510000000000000000e+02 2.796715091736765402e+01
9.520000000000000000e+02 2.771539736530093023e+01
9.530000000000000000e+02 2.745567869715818077e+01
9.540000000000000000e+02 2.718903015221628650e+01
9.550000000000000000e+02 2.691649289463587991e+01
9.560000000000000000e+02 2.663911236778947611e+01
9.570000000000000000e+02 2.635793667944243879e+01
9.580000000000000000e+02 2.607401500161356012e+01
9.590000000000000000e+02 2.578839596983414495e+01
9.600000000000000000e+02 2.550212606744749522e+01
9.610000000000000000e+02 2.521624798168155124e+01
9.620000000000000000e+02 2.493179891931231751e+01
9.630000000000000000e+02 2.464980887098811024e+01
9.640000000000000000e+02 2.437129881455099323e+01
9.650000000000000000e+02 2.409727884911870888e+01
9.660000000000000000e+02 2.382874625312217987e+01
9.670000000000000000e+02 2.356668346108636669e+01
9.680000000000000000e+02 2.331205595559600496e+01
9.690000000000000000e+02 2.306581007262961691e+01
9.700000000000000000e+02 2.282887072027537201e+01
9.710000000000000000e+02 2.260213901274997284e+01
9.720000000000000000e+02 2.238648982365645779e+01
9.730000000000000000e+02 2.218276926441356522e+01
9.740000000000000000e+02 2.199179209595942197e+01
9.750000000000000000e+02 2.181433908389357867e+01
9.760000000000000000e+02 2.165115430941588315e+01
9.770000000000000000e+02 2.150294245054832842e+01
9.780000000000000000e+02 2.137036605019495994e+01
9.790000000000000000e+02 2.125404278965124405e+01
9.800000000000000000e+02 2.115454278809034960e+01
9.810000000000000000e+02 2.107238595033242134e+01
9.820000000000000000e+02 2.100803938681379179e+01
9.830000000000000000e+02 2.096191493107925297e+01
9.840000000000000000e+02 2.093436678122730399e+01
9.850000000000000000e+02 2.092568929261127053e+01
9.860000000000000000e+02 2.093611494956718033e+01
9.870000000000000000e+02 2.096581254410992656e+01
9.880000000000000000e+02 2.101488558924249617e+01
9.890000000000000000e+02 2.108337099385124702e+01
9.900000000000000000e+02 2.117123802500750074e+01
9.910000000000000000e+02 2.127838758190922519e+01
9.920000000000000000e+02 2.140465180361228548e+01
9.930000000000000000e+02 2.154979403022571560e+01
9.940000000000000000e+02 2.171350913424721085e+01
9.950000000000000000e+02 2.189542423536854443e+01
9.960000000000000000e+02 2.209509980834463860e+01
9.970000000000000000e+02 2.231203118944210573e+01
9.980000000000000000e+02 2.254565048264523952e+01
9.990000000000000000e+02 2.279532886227483957e+01
1.000000000000000000e+03 2.306037926401192806e+01
1.001000000000000000e+03 2.334005945160759055e+01
1.002000000000000000e+03 2.363357544191211801e+01
1.003000000000000000e+03 2.394008526632131861e+01
1.004000000000000000e+03 2.425870304241702513e+01
1.005000000000000000e+03 2.458850332558969853e+01
1.006000000000000000e+03 2.492852570677655422e+01
1.007000000000000000e+03 2.527777961930565098e+01
1.008000000000000000e+03 2.563524931516181127e+01
1.009000000000000000e+03 2.599989896892859065e+01
1.010000000000000000e+03 2.637067786618566601e+01
1.011000000000000000e+03 2.674652563231519764e+01
1.012000000000000000e+03 2.712637745750477336e+01
1.013000000000000000e+03 2.750916927419050495e+01
1.014000000000000000e+03 2.789384284430669325e+01
1.015000000000000000e+03 2.827935071540209577e+01
1.016000000000000000e+03 2.866466100694596975e+01
1.017000000000000000e+03 2.904876199092381128e+01
1.018000000000000000e+03 2.943066643400867832e+01
1.019000000000000000e+03 2.980941567218210508e+01
1.020000000000000000e+03 3.018408339253015882e+01
1.021000000000000000e+03 3.055377910101901406e+01
1.022000000000000000e+03 3.091765125925739000e+01
1.023000000000000000e+03 3.127489007750359207e+01
1.024000000000000000e+03 3.162472995541766352e+01
1.025000000000000000e+03 3.196645156617669059e+01
1.026000000000000000e+03 3.229938358356086070e+01
1.027000000000000000e+03 3.262290405536242588e+01
1.028000000000000000e+03 3.293644142996502211e+01
1.029000000000000000e+03 3.323947524611920556e+01
1.030000000000000000e+03 3.353153649878025533e+01
1.031000000000000000e+03 3.381220769636806978e+01
1.032000000000000000e+03 3.408112262690794125e+01
1.033000000000000000e+03 3.433796585225925924e+01
1.034000000000000000e+03 3.458247195098483218e+01
1.035000000000000000e+03 3.481442453142827276e+01
1.036000000000000000e+03 3.503365503720805663e+01
1.037000000000000000e+03 3.524004136765437067e+01
1.038000000000000000e+03 3.543350633576019248e+01
1.039000000000000000e+03 3.561401598594320461e+01
1.040000000000000000e+03 3.578157779343192146e+01
1.041000000000000000e+03 3.593623876639512105e+01
1.042000000000000000e+03 3.607808347101778423e+01
1.043000000000000000e+03 3.620723199872684717e+01
1.044000000000000000e+03 3.632383789358705428e+01
1.045000000000000000e+03 3.642808605664657762e+01
1.046000000000000000e+03 3.652019064272706572e+01
1.047000000000000000e+03 3.660039296376197626e+01
1.048000000000000000e+03 3.666895941146604798e+01
1.049000000000000000e+03 3.672617941072554260e+01
1.050000000000000000e+03 3.677236341378625895e+01
1.051000000000000000e+03 3.680784094398306650e+01
1.052000000000000000e+03 3.683295869652747001e+01
1.053000000000000000e+03 3.684807870265277785e+01
1.054000000000000000e+03 3.685357656229864887e+01
1.055000000000000000e+03 3.684983974944116625e+01
1.056000000000000000e+03 3.683726599321267514e+01
1.057000000000000000e+03 3.681626173702277782e+01
1.058000000000000000e+03 3.678724067710786017e+01
1.059000000000000000e+03 3.675062238112466417e+01
1.060000000000000000e+03 3.670683098681099210e+01
1.061000000000000000e+03 3.665629398007956752e+01
1.062000000000000000e+03 3.659944105141060788e+01
1.063000000000000000e+03 3.653670302896920674e+01
1.064000000000000000e+03 3.646851088646192807e+01
1.065000000000000000e+03 3.639529482341818323e+01
1.066000000000000000e+03 3.631748341533809565e+01
1.067000000000000000e+03 3.623550283088221136e+01
1.068000000000000000e+03 3.614977611313686623e+01
1.069000000000000000e+03 3.606072252186371685e+01
1.070000000000000000e+03 3.596875693349060299e+01
1.071000000000000000e+03 3.587428929563660063e+01
1.072000000000000000e+03 3.577772413282391284e+01
1.073000000000000000e+03 3.567946010014418334e+01
1.074000000000000000e+03 3.557988958155053894e+01
1.075000000000000000e+03 3.547939836180229634e+01
1.076000000000000000e+03 3.537836546001468463e+01
1.077000000000000000e+03 3.527716273039084172e+01
1.078000000000000000e+03 3.517615453878384102e+01
1.079000000000000000e+03 3.507569753146634639e+01
1.080000000000000000e+03 3.497614043053793154e+01
1.081000000000000000e+03 3.487782385317535017e+01
1.082000000000000000e+03 3.478108015214270665e+01
1.083000000000000000e+03 3.468623327510626808e+01
1.084000000000000000e+03 3.459359864037379140e+01
1.085000000000000000e+03 3.450348302684977853e+01
1.086000000000000000e+03 3.441618447610005660e+01
1.087000000000000000e+03 3.433199220452915768e+01
1.088000000000000000e+03 3.425118652381126338e+01
1.089000000000000000e+03 3.417403876786278261e+01
1.090000000000000000e+03 3.410081122470296577e+01
1.091000000000000000e+03 3.403175707175714848e+01
1.092000000000000000e+03 3.396712031320364389e+01
1.093000000000000000e+03 3.390713571813507343e+01
1.094000000000000000e+03 3.385202875841057590e+01
1.095000000000000000e+03 3.380201554518922080e+01
1.096000000000000000e+03 3.375730276327987411e+01
1.097000000000000000e+03 3.371808760253204440e+01
1.098000000000000000e+03 3.368455768563143948e+01
1.099000000000000000e+03 3.365689099181038557e+01
1.100000000000000000e+03 3.363525577602328553e+01
