3.000000000000000000e+02 2.873946608731922225e+01
3.010000000000000000e+02 3.254568655364938934e+01
3.020000000000000000e+02 6.592830868614623796e+01
3.030000000000000000e+02 8.004884501784216866e+01
3.040000000000000000e+02 8.313882492940165037e+01
3.050000000000000000e+02 7.875054487708585782e+01
3.060000000000000000e+02 6.402969786305386890e+01
3.070000000000000000e+02 3.379803074236718174e+01
3.080000000000000000e+02 1.728345158532279413e+01
3.090000000000000000e+02 4.376955204403424204e+01
3.100000000000000000e+02 6.587232345731951000e+01
3.110000000000000000e+02 7.520579807436035935e+01
3.120000000000000000e+02 7.669196787723518582e+01
3.130000000000000000e+02 7.176644376270384384e+01
3.140000000000000000e+02 5.863408647328092371e+01
3.150000000000000000e+02 3.537198006882814383e+01
3.160000000000000000e+02 1.605144094892185436e+01
3.170000000000000000e+02 2.702651450794014565e+01
3.180000000000000000e+02 4.949338948403128313e+01
3.190000000000000000e+02 6.406006312420483084e+01
3.200000000000000000e+02 7.060072497170723693e+01
3.210000000000000000e+02 7.137607812394340101e+01
3.220000000000000000e+02 6.698200818867438500e+01
3.230000000000000000e+02 5.648010214329991641e+01
3.240000000000000000e+02 3.900627063027547337e+01
3.250000000000000000e+02 2.049164475039220434e+01
3.260000000000000000e+02 1.820821583830794665e+01
3.270000000000000000e+02 3.406145378453005890e+01
3.280000000000000000e+02 5.118044700476993825e+01
3.290000000000000000e+02 6.217647504682748405e+01
3.300000000000000000e+02 6.740218481663599448e+01
3.310000000000000000e+02 6.802693222840561305e+01
3.320000000000000000e+02 6.434414704576730060e+01
3.330000000000000000e+02 5.577203209521830729e+01
3.340000000000000000e+02 4.172985476491918178e+01
3.350000000000000000e+02 2.512283375877788671e+01
3.360000000000000000e+02 1.694340644393792061e+01
3.370000000000000000e+02 2.539289686291764525e+01
3.380000000000000000e+02 4.145601232150869464e+01
3.390000000000000000e+02 5.478647727105379062e+01
3.400000000000000000e+02 6.288956116229599047e+01
3.410000000000000000e+02 6.639507996435597192e+01
3.420000000000000000e+02 6.596256165343260136e+01
3.430000000000000000e+02 6.159093845021853753e+01
3.440000000000000000e+02 5.270525147391354182e+01
3.450000000000000000e+02 3.909379272366230396e+01
3.460000000000000000e+02 2.399953273011211863e+01
3.470000000000000000e+02 1.706807943754176904e+01
3.480000000000000000e+02 2.482944811407191210e+01
3.490000000000000000e+02 3.990371560123078609e+01
3.500000000000000000e+02 5.313566935155442650e+01
3.510000000000000000e+02 6.174812974957507805e+01
3.520000000000000000e+02 6.609405130592847399e+01
3.530000000000000000e+02 6.682146075695546017e+01
3.540000000000000000e+02 6.407399323821721282e+01
3.550000000000000000e+02 5.743597795956022622e+01
3.560000000000000000e+02 4.629220223863054429e+01
3.570000000000000000e+02 3.142489375339864210e+01
3.580000000000000000e+02 1.869621056325298625e+01
3.590000000000000000e+02 1.815067739521662560e+01
3.600000000000000000e+02 3.045962771191760154e+01
3.610000000000000000e+02 4.576377406403194925e+01
3.620000000000000000e+02 5.755712699171162683e+01
3.630000000000000000e+02 6.479906960260677806e+01
3.640000000000000000e+02 6.817828054959814210e+01
3.650000000000000000e+02 6.827104994922798653e+01
3.660000000000000000e+02 6.514594558800556001e+01
3.670000000000000000e+02 5.841028627835914477e+01
3.680000000000000000e+02 4.755651520556701684e+01
3.690000000000000000e+02 3.326831541430760097e+01
3.700000000000000000e+02 2.020192169996345655e+01
3.710000000000000000e+02 1.676633052523888523e+01
3.720000000000000000e+02 2.545551900672563050e+01
3.730000000000000000e+02 3.911986282017334560e+01
3.740000000000000000e+02 5.109352498225051420e+01
3.750000000000000000e+02 5.937178151323843167e+01
3.760000000000000000e+02 6.417708504432370376e+01
3.770000000000000000e+02 6.607607324606404120e+01
3.780000000000000000e+02 6.541534552401448366e+01
3.790000000000000000e+02 6.224031575477044953e+01
3.800000000000000000e+02 5.635998521800300409e+01
3.810000000000000000e+02 4.759167255044867062e+01
3.820000000000000000e+02 3.639520908450927550e+01
3.830000000000000000e+02 2.502809059163975292e+01
3.840000000000000000e+02 1.799001566831323018e+01
3.850000000000000000e+02 1.905971555873340151e+01
3.860000000000000000e+02 2.717378740734873688e+01
3.870000000000000000e+02 3.787310086027536471e+01
3.880000000000000000e+02 4.759247883723426753e+01
3.890000000000000000e+02 5.493268307904527603e+01
3.900000000000000000e+02 5.976946596997002814e+01
3.910000000000000000e+02 6.236445690229636085e+01
3.920000000000000000e+02 6.295628568325572871e+01
3.930000000000000000e+02 6.164855825081687613e+01
3.940000000000000000e+02 5.841266681448883702e+01
3.950000000000000000e+02 5.314985625024934990e+01
3.960000000000000000e+02 4.584806537813014415e+01
3.970000000000000000e+02 3.691729578973422576e+01
3.980000000000000000e+02 2.768263925142603199e+01
3.990000000000000000e+02 2.060028723800701300e+01
4.000000000000000000e+02 1.833062678236243670e+01
4.010000000000000000e+02 2.174799891616421377e+01
4.020000000000000000e+02 2.914854509218055512e+01
4.030000000000000000e+02 3.781960752981746765e+01
4.040000000000000000e+02 4.577484863229916101e+01
4.050000000000000000e+02 5.211744466729377478e+01
4.060000000000000000e+02 5.664633054949701574e+01
4.070000000000000000e+02 5.945566856248228760e+01
4.080000000000000000e+02 6.069406636761723917e+01
4.090000000000000000e+02 6.045977946363139210e+01
4.100000000000000000e+02 5.877572784363146496e+01
4.110000000000000000e+02 5.561059443444532491e+01
4.120000000000000000e+02 5.092736662527007496e+01
4.130000000000000000e+02 4.478122065870798707e+01
4.140000000000000000e+02 3.749170890509645204e+01
4.150000000000000000e+02 2.986690864482330809e+01
4.160000000000000000e+02 2.332171349583275699e+01
4.170000000000000000e+02 1.956438720907960516e+01
4.180000000000000000e+02 1.974005307212978622e+01
4.190000000000000000e+02 2.366899956988539699e+01
4.200000000000000000e+02 3.000548431437403707e+01
4.210000000000000000e+02 3.711461831156569247e+01
4.220000000000000000e+02 4.378020040662124046e+01
4.230000000000000000e+02 4.936199801622325367e+01
4.240000000000000000e+02 5.363468861039706326e+01
4.250000000000000000e+02 5.658854241643113170e+01
4.260000000000000000e+02 5.829385204514365881e+01
4.270000000000000000e+02 5.882586123213212659e+01
4.280000000000000000e+02 5.822948339188543798e+01
4.290000000000000000e+02 5.651201056466563699e+01
4.300000000000000000e+02 5.365660670774634866e+01
4.310000000000000000e+02 4.965561055406191571e+01
4.320000000000000000e+02 4.457264860840604825e+01
4.330000000000000000e+02 3.863275372271463937e+01
4.340000000000000000e+02 3.232244388192670925e+01
4.350000000000000000e+02 2.644143096849521513e+01
4.360000000000000000e+02 2.202629832885370575e+01
4.370000000000000000e+02 2.005816962400549031e+01
4.380000000000000000e+02 2.101295473645624767e+01
4.390000000000000000e+02 2.457422112557097194e+01
4.400000000000000000e+02 2.981473057378944347e+01
4.410000000000000000e+02 3.567958469683316736e+01
4.420000000000000000e+02 4.135628653014656919e+01
4.430000000000000000e+02 4.635523480782229910e+01
4.440000000000000000e+02 5.043788694199214717e+01
4.450000000000000000e+02 5.351677765788933527e+01
4.460000000000000000e+02 5.559265304270829233e+01
4.470000000000000000e+02 5.670424880065075968e+01
4.480000000000000000e+02 5.689531222887861617e+01
4.490000000000000000e+02 5.618708870079056794e+01
4.500000000000000000e+02 5.457557399782394469e+01
4.510000000000000000e+02 5.205146836954003220e+01
4.520000000000000000e+02 4.862928279769289475e+01
4.530000000000000000e+02 4.438038879475512033e+01
4.540000000000000000e+02 3.946819672181131011e+01
4.550000000000000000e+02 3.419352653130347619e+01
4.560000000000000000e+02 2.904248823952389102e+01
4.570000000000000000e+02 2.467497429531735520e+01
4.580000000000000000e+02 2.180339416428329002e+01
4.590000000000000000e+02 2.095826009352096264e+01
4.600000000000000000e+02 2.227098068261186370e+01
4.610000000000000000e+02 2.542061804411835979e+01
4.620000000000000000e+02 2.978198338135526058e+01
4.630000000000000000e+02 3.466337919312982763e+01
4.640000000000000000e+02 3.949450334530811801e+01
4.650000000000000000e+02 4.389639188448183660e+01
4.660000000000000000e+02 4.765563692567834408e+01
4.670000000000000000e+02 5.067095558244407982e+01
4.680000000000000000e+02 5.289966845516549654e+01
4.690000000000000000e+02 5.433873732818864966e+01
4.700000000000000000e+02 5.500712573520068105e+01
4.710000000000000000e+02 5.493269725529786029e+01
4.720000000000000000e+02 5.413434580801747842e+01
4.730000000000000000e+02 5.261278844330637128e+01
4.740000000000000000e+02 5.035824900626030143e+01
4.750000000000000000e+02 4.738381662643408276e+01
4.760000000000000000e+02 4.375641899612563179e+01
4.770000000000000000e+02 3.962080487688165675e+01
4.780000000000000000e+02 3.521249260524096059e+01
4.790000000000000000e+02 3.084173655728884000e+01
4.800000000000000000e+02 2.690587609980155293e+01
4.810000000000000000e+02 2.385759263392555596e+01
4.820000000000000000e+02 2.212615886184855540e+01
4.830000000000000000e+02 2.198090551341896770e+01
4.840000000000000000e+02 2.341774351429371492e+01
4.850000000000000000e+02 2.616362173046595885e+01
4.860000000000000000e+02 2.978720198680789721e+01
4.870000000000000000e+02 3.383255981752058261e+01
4.880000000000000000e+02 3.790883745076424560e+01
4.890000000000000000e+02 4.172890874612264867e+01
4.900000000000000000e+02 4.510696174469512698e+01
4.910000000000000000e+02 4.793902765420967427e+01
4.920000000000000000e+02 5.017754489505053073e+01
4.930000000000000000e+02 5.180838503658644356e+01
4.940000000000000000e+02 5.283429235119062639e+01
4.950000000000000000e+02 5.326569428685906615e+01
4.960000000000000000e+02 5.311509868519893729e+01
4.970000000000000000e+02 5.239451473697180006e+01
4.980000000000000000e+02 5.111393010238221990e+01
4.990000000000000000e+02 4.928384363551725755e+01
5.000000000000000000e+02 4.692198272219270194e+01
5.010000000000000000e+02 4.406546132091713019e+01
5.020000000000000000e+02 4.079045176368960313e+01
5.030000000000000000e+02 3.722451939931846709e+01
5.040000000000000000e+02 3.355561323203900059e+01
5.050000000000000000e+02 3.002814246060527736e+01
5.060000000000000000e+02 2.691806148763840056e+01
5.070000000000000000e+02 2.450985702178755687e+01
5.080000000000000000e+02 2.305373702979585815e+01
5.090000000000000000e+02 2.271441057856887724e+01
5.100000000000000000e+02 2.352503371483094696e+01
5.110000000000000000e+02 2.536627529345068055e+01
5.120000000000000000e+02 2.799892950342531961e+01
5.130000000000000000e+02 3.112693968816958545e+01
5.140000000000000000e+02 3.446729009171176017e+01
5.150000000000000000e+02 3.778807160298423184e+01
5.160000000000000000e+02 4.091650524262594502e+01
5.170000000000000000e+02 4.373491452012127922e+01
5.180000000000000000e+02 4.616738774209959928e+01
5.190000000000000000e+02 4.816866057728940120e+01
5.200000000000000000e+02 4.971760028827213773e+01
5.210000000000000000e+02 5.080862512052090096e+01
5.220000000000000000e+02 5.144541249483305023e+01
5.230000000000000000e+02 5.163590586226084156e+01
5.240000000000000000e+02 5.138792915124920313e+01
5.250000000000000000e+02 5.070829600229875922e+01
5.260000000000000000e+02 4.960370433676969526e+01
5.270000000000000000e+02 4.808463953558261750e+01
5.280000000000000000e+02 4.617078934679800284e+01
5.290000000000000000e+02 4.389562262648857427e+01
5.300000000000000000e+02 4.131190984643219366e+01
5.310000000000000000e+02 3.849604610788527026e+01
5.320000000000000000e+02 3.554901306643131420e+01
5.330000000000000000e+02 3.259972781228901795e+01
5.340000000000000000e+02 2.980304591978949347e+01
5.350000000000000000e+02 2.733073984910204146e+01
5.360000000000000000e+02 2.535578924556602232e+01
5.370000000000000000e+02 2.402976534851887180e+01
5.380000000000000000e+02 2.345794672239517453e+01
5.390000000000000000e+02 2.368032772002598563e+01
5.400000000000000000e+02 2.466410791840698735e+01
5.410000000000000000e+02 2.630877487694015571e+01
5.420000000000000000e+02 2.846511534085287565e+01
5.430000000000000000e+02 3.096165574299462619e+01
5.440000000000000000e+02 3.362922981953132506e+01
5.450000000000000000e+02 3.632033146430326553e+01
5.460000000000000000e+02 3.891990308532336940e+01
5.470000000000000000e+02 4.134245561832589999e+01
5.480000000000000000e+02 4.352776239907463207e+01
5.490000000000000000e+02 4.543551234612828438e+01
5.500000000000000000e+02 4.703793546881427545e+01
5.510000000000000000e+02 4.831680649385161530e+01
5.520000000000000000e+02 4.926412040945783133e+01
5.530000000000000000e+02 4.987949700993166147e+01
5.540000000000000000e+02 5.016813401576272469e+01
5.550000000000000000e+02 5.013918318426421195e+01
5.560000000000000000e+02 4.980197961094475545e+01
5.570000000000000000e+02 4.916423700981737710e+01
5.580000000000000000e+02 4.823250741482705450e+01
5.590000000000000000e+02 4.701334413686763014e+01
5.600000000000000000e+02 4.551763098439056421e+01
5.610000000000000000e+02 4.376522281679348225e+01
5.620000000000000000e+02 4.178617727070339782e+01
5.630000000000000000e+02 3.962283667170333956e+01
5.640000000000000000e+02 3.733141365243751864e+01
5.650000000000000000e+02 3.498000610577648217e+01
5.660000000000000000e+02 3.264638245424171714e+01
5.670000000000000000e+02 3.041878996997675699e+01
5.680000000000000000e+02 2.839255708182503213e+01
5.690000000000000000e+02 2.666428442526378007e+01
5.700000000000000000e+02 2.532492227317732869e+01
5.710000000000000000e+02 2.445023138662822504e+01
5.720000000000000000e+02 2.408926499003391442e+01
5.730000000000000000e+02 2.425758800257056080e+01
5.740000000000000000e+02 2.493532696876738086e+01
5.750000000000000000e+02 2.607035509691492692e+01
5.760000000000000000e+02 2.758606854658957630e+01
5.770000000000000000e+02 2.939168269786192056e+01
5.780000000000000000e+02 3.139215352332026399e+01
5.790000000000000000e+02 3.349641932425383573e+01
5.800000000000000000e+02 3.562319702623739914e+01
5.810000000000000000e+02 3.770457600013118338e+01
5.820000000000000000e+02 3.968653530733905654e+01
5.830000000000000000e+02 4.152769703835146231e+01
5.840000000000000000e+02 4.319769680897794473e+01
5.850000000000000000e+02 4.467522070784528410e+01
5.860000000000000000e+02 4.594594709644024277e+01
5.870000000000000000e+02 4.700085509839640707e+01
5.880000000000000000e+02 4.783510101368354839e+01
5.890000000000000000e+02 4.844683258965598327e+01
5.900000000000000000e+02 4.883625044598321807e+01
5.910000000000000000e+02 4.900493442547648471e+01
5.920000000000000000e+02 4.895529534118714565e+01
5.930000000000000000e+02 4.869044253704947067e+01
5.940000000000000000e+02 4.821433005458600007e+01
5.950000000000000000e+02 4.753197278803730086e+01
5.960000000000000000e+02 4.664982788424816107e+01
5.970000000000000000e+02 4.557634968358185290e+01
5.980000000000000000e+02 4.432270329031553757e+01
5.990000000000000000e+02 4.290337825657205428e+01
6.000000000000000000e+02 4.133695415578798560e+01
6.010000000000000000e+02 3.964690871456020460e+01
6.020000000000000000e+02 3.786232311321505506e+01
6.030000000000000000e+02 3.601828312717741909e+01
6.040000000000000000e+02 3.415590763024533771e+01
6.050000000000000000e+02 3.232222846612108214e+01
6.060000000000000000e+02 3.056915783961436972e+01
6.070000000000000000e+02 2.895158768525425330e+01
6.080000000000000000e+02 2.752466899344676676e+01
6.090000000000000000e+02 2.634036979986225546e+01
6.100000000000000000e+02 2.544354935987484367e+01
6.110000000000000000e+02 2.486833748759727669e+01
6.120000000000000000e+02 2.463528585797700288e+01
6.130000000000000000e+02 2.474968347418561976e+01
6.140000000000000000e+02 2.520131999200328465e+01
6.150000000000000000e+02 2.596575813441504010e+01
6.160000000000000000e+02 2.700669655177815898e+01
6.170000000000000000e+02 2.827900343620829915e+01
6.180000000000000000e+02 2.973232906801879238e+01
6.190000000000000000e+02 3.131463385777903952e+01
6.200000000000000000e+02 3.297522458405622103e+01
6.210000000000000000e+02 3.466724308589576253e+01
6.220000000000000000e+02 3.634961941369789429e+01
6.230000000000000000e+02 3.798749156217526490e+01
6.240000000000000000e+02 3.955216332988255346e+01
6.250000000000000000e+02 4.102072556377914481e+01
6.260000000000000000e+02 4.237542682102129987e+01
6.270000000000000000e+02 4.360284108605363684e+01
6.280000000000000000e+02 4.469260197377226973e+01
6.290000000000000000e+02 4.563711831665238350e+01
6.300000000000000000e+02 4.643127100256595696e+01
6.310000000000000000e+02 4.707190157832839361e+01
6.320000000000000000e+02 4.755738467978070361e+01
6.330000000000000000e+02 4.788729509163638198e+01
6.340000000000000000e+02 4.806231958049348663e+01
6.350000000000000000e+02 4.808402033743469417e+01
6.360000000000000000e+02 4.795443484049265237e+01
6.370000000000000000e+02 4.767602047525605258e+01
6.380000000000000000e+02 4.725168700945479117e+01
6.390000000000000000e+02 4.668489314217115549e+01
6.400000000000000000e+02 4.597980359589738697e+01
6.410000000000000000e+02 4.514153370773644980e+01
6.420000000000000000e+02 4.417646888298477847e+01
6.430000000000000000e+02 4.309257794855214740e+01
6.440000000000000000e+02 4.189974413419200516e+01
6.450000000000000000e+02 4.061010449053634375e+01
6.460000000000000000e+02 3.923837252339606607e+01
6.470000000000000000e+02 3.780212038237963412e+01
6.480000000000000000e+02 3.632196930476654728e+01
6.490000000000000000e+02 3.482160698508142360e+01
6.500000000000000000e+02 3.332763221766698081e+01
6.510000000000000000e+02 3.186916721571382993e+01
6.520000000000000000e+02 3.047720068415510397e+01
6.530000000000000000e+02 2.918364895992488073e+01
6.540000000000000000e+02 2.802013094966594409e+01
6.550000000000000000e+02 2.701663292879636913e+01
6.560000000000000000e+02 2.620009907861581411e+01
6.570000000000000000e+02 2.559294191518724659e+01
6.580000000000000000e+02 2.521172134987891411e+01
6.590000000000000000e+02 2.506613157305158168e+01
6.600000000000000000e+02 2.515841092610222773e+01
6.610000000000000000e+02 2.548317748570133645e+01
6.620000000000000000e+02 2.602780135802613160e+01
6.630000000000000000e+02 2.677335292541221889e+01
6.640000000000000000e+02 2.769587154620308311e+01
6.650000000000000000e+02 2.876783356344348874e+01
6.660000000000000000e+02 2.995966859316063235e+01
6.670000000000000000e+02 3.124118921708850394e+01
6.680000000000000000e+02 3.258286880015890574e+01
6.690000000000000000e+02 3.395683772039541282e+01
6.700000000000000000e+02 3.533753345481049735e+01
6.710000000000000000e+02 3.670212868408434304e+01
6.720000000000000000e+02 3.803073264913627582e+01
6.730000000000000000e+02 3.930640591557229868e+01
6.740000000000000000e+02 4.051503549089206047e+01
6.750000000000000000e+02 4.164509366381683719e+01
6.760000000000000000e+02 4.268734117132294870e+01
6.770000000000000000e+02 4.363457805601706241e+01
6.780000000000000000e+02 4.448135338257721827e+01
6.790000000000000000e+02 4.522368165251236150e+01
6.800000000000000000e+02 4.585878389352264861e+01
6.810000000000000000e+02 4.638485992635216348e+01
6.820000000000000000e+02 4.680089261280259905e+01
6.830000000000000000e+02 4.710646728697819441e+01
6.840000000000000000e+02 4.730163941798230809e+01
6.850000000000000000e+02 4.738684932736215671e+01
6.860000000000000000e+02 4.736286503431173855e+01
6.870000000000000000e+02 4.723075426026809254e+01
6.880000000000000000e+02 4.699188379338458077e+01
6.890000000000000000e+02 4.664794470363828083e+01
6.900000000000000000e+02 4.620102664720131713e+01
6.910000000000000000e+02 4.565371758093021981e+01
6.920000000000000000e+02 4.500914153425825504e+01
6.930000000000000000e+02 4.427105704552813847e+01
6.940000000000000000e+02 4.344397935208827022e+01
6.950000000000000000e+02 4.253331491679571741e+01
6.960000000000000000e+02 4.154550333768342796e+01
6.970000000000000000e+02 4.048815934425719831e+01
6.980000000000000000e+02 3.937019886975257776e+01
6.990000000000000000e+02 3.820198726162951175e+01
7.000000000000000000e+02 3.699545738336738765e+01
7.010000000000000000e+02 3.576415272063680817e+01
7.020000000000000000e+02 3.452320496532232852e+01
7.030000000000000000e+02 3.328923065441816931e+01
7.040000000000000000e+02 3.208013235868310886e+01
7.050000000000000000e+02 3.091479323527400069e+01
7.060000000000000000e+02 2.981262858555188799e+01
7.070000000000000000e+02 2.879300260347638130e+01
7.080000000000000000e+02 2.787462618277335480e+01
7.090000000000000000e+02 2.707491967192891380e+01
7.100000000000000000e+02 2.640936728520195231e+01
7.110000000000000000e+02 2.589090790183070112e+01
7.120000000000000000e+02 2.552940853241526042e+01
7.130000000000000000e+02 2.533126615889280586e+01
7.140000000000000000e+02 2.529928770819321926e+01
7.150000000000000000e+02 2.543268546205801428e+01
7.160000000000000000e+02 2.572701707214998379e+01
7.170000000000000000e+02 2.617439684862125659e+01
7.180000000000000000e+02 2.676386740089283123e+01
7.190000000000000000e+02 2.748189054564778999e+01
7.200000000000000000e+02 2.831291780506976963e+01
7.210000000000000000e+02 2.923999748397461573e+01
7.220000000000000000e+02 3.024531102424614559e+01
7.230000000000000000e+02 3.131071010929422727e+01
7.240000000000000000e+02 3.241842625673855594e+01
7.250000000000000000e+02 3.355152881114290864e+01
7.260000000000000000e+02 3.469425189306465285e+01
7.270000000000000000e+02 3.583221778704276517e+01
7.280000000000000000e+02 3.695256609523538316e+01
7.290000000000000000e+02 3.804400218859681360e+01
7.300000000000000000e+02 3.909677915168983731e+01
7.310000000000000000e+02 4.010259340976671893e+01
7.320000000000000000e+02 4.105441451279455833e+01
7.330000000000000000e+02 4.194635827149541285e+01
7.340000000000000000e+02 4.277356656135090418e+01
7.350000000000000000e+02 4.353208537251872201e+01
7.360000000000000000e+02 4.421874627379561673e+01
7.370000000000000000e+02 4.483105504677796915e+01
7.380000000000000000e+02 4.536709004183866512e+01
7.390000000000000000e+02 4.582544366682477488e+01
7.400000000000000000e+02 4.620526185119986451e+01
7.410000000000000000e+02 4.650611660790362123e+01
7.420000000000000000e+02 4.672791583427144957e+01
7.430000000000000000e+02 4.687085123328505176e+01
7.440000000000000000e+02 4.693535818824269512e+01
7.450000000000000000e+02 4.692208696588087236e+01
7.460000000000000000e+02 4.683188454656296074e+01
7.470000000000000000e+02 4.666578632474458743e+01
7.480000000000000000e+02 4.642497962862470473e+01
7.490000000000000000e+02 4.611072766115712795e+01
7.500000000000000000e+02 4.572446409399692158e+01
7.510000000000000000e+02 4.526784365270599864e+01
7.520000000000000000e+02 4.474278160258593573e+01
7.530000000000000000e+02 4.415149994110226572e+01
7.540000000000000000e+02 4.349657950051553001e+01
7.550000000000000000e+02 4.278101693716314458e+01
7.560000000000000000e+02 4.200828527929513001e+01
7.570000000000000000e+02 4.118241815610367240e+01
7.580000000000000000e+02 4.030814307720295631e+01
7.590000000000000000e+02 3.939088105529139483e+01
7.600000000000000000e+02 3.843676971786461394e+01
7.610000000000000000e+02 3.745269447070712943e+01
7.620000000000000000e+02 3.644630341159301423e+01
7.630000000000000000e+02 3.542600151761691052e+01
7.640000000000000000e+02 3.440091966751829489e+01
7.650000000000000000e+02 3.338085442423861338e+01
7.660000000000000000e+02 3.237616848040295281e+01
7.670000000000000000e+02 3.139760706947062729e+01
7.680000000000000000e+02 3.045618996244962062e+01
7.690000000000000000e+02 2.956307395871353805e+01
7.700000000000000000e+02 2.872933943977349358e+01
7.710000000000000000e+02 2.796575081962519960e+01
7.720000000000000000e+02 2.728249949053767764e+01
7.730000000000000000e+02 2.668893960876904714e+01
7.740000000000000000e+02 2.619332888032767670e+01
7.750000000000000000e+02 2.580258754462124671e+01
7.760000000000000000e+02 2.552207324099136088e+01
7.770000000000000000e+02 2.535536038140879711e+01
7.780000000000000000e+02 2.530413839946109533e+01
7.790000000000000000e+02 2.536818142267228637e+01
7.800000000000000000e+02 2.554538087694263027e+01
7.810000000000000000e+02 2.583184277960305408e+01
7.820000000000000000e+02 2.622204295407625096e+01
7.830000000000000000e+02 2.670902998629102143e+01
7.840000000000000000e+02 2.728466336189664432e+01
7.850000000000000000e+02 2.793987366982625531e+01
7.860000000000000000e+02 2.866497727065823042e+01
7.870000000000000000e+02 2.944996169446841705e+01
7.880000000000000000e+02 3.028463946479071822e+01
7.890000000000000000e+02 3.115884889388530610e+01
7.900000000000000000e+02 3.206263671443107199e+01
7.910000000000000000e+02 3.298641105149552288e+01
7.920000000000000000e+02 3.392106345803962597e+01
7.930000000000000000e+02 3.485806046911672240e+01
7.940000000000000000e+02 3.578950649338143819e+01
7.950000000000000000e+02 3.670818080288903218e+01
7.960000000000000000e+02 3.760754828975571229e+01
7.970000000000000000e+02 3.848177053348781129e+01
7.980000000000000000e+02 3.932571662424673775e+01
7.990000000000000000e+02 4.013493300032435229e+01
8.000000000000000000e+02 4.090560082984707435e+01
8.010000000000000000e+02 4.163448731178841200e+01
8.020000000000000000e+02 4.231889363394574133e+01
8.030000000000000000e+02 4.295660182436118646e+01
8.040000000000000000e+02 4.354582225947152097e+01
8.050000000000000000e+02 4.408514316577119274e+01
8.060000000000000000e+02 4.457346803562954562e+01
8.070000000000000000e+02 4.500990197471106313e+01
8.080000000000000000e+02 4.539376062609989759e+01
8.090000000000000000e+02 4.572456498486947396e+01
8.100000000000000000e+02 4.600201449782259999e+01
8.110000000000000000e+02 4.622596411572708064e+01
8.120000000000000000e+02 4.639640525048338304e+01
8.130000000000000000e+02 4.651345052467266328e+01
8.140000000000000000e+02 4.657732217217115078e+01
8.150000000000000000e+02 4.658834393157923159e+01
8.160000000000000000e+02 4.654693660922444565e+01
8.170000000000000000e+02 4.645364069908092119e+01
8.180000000000000000e+02 4.630912348843727955e+01
8.190000000000000000e+02 4.611413328165553338e+01
8.200000000000000000e+02 4.586949941327686986e+01
8.210000000000000000e+02 4.557613951242939265e+01
8.220000000000000000e+02 4.523506916006843426e+01
8.230000000000000000e+02 4.484741374990262130e+01
8.240000000000000000e+02 4.441442235309790476e+01
8.250000000000000000e+02 4.393748336699526646e+01
8.260000000000000000e+02 4.341814169832235137e+01
8.270000000000000000e+02 4.285811736338157374e+01
8.280000000000000000e+02 4.225933279569497358e+01
8.290000000000000000e+02 4.162394195785014972e+01
8.300000000000000000e+02 4.095434539416784503e+01
8.310000000000000000e+02 4.025320824956373400e+01
8.320000000000000000e+02 3.952347718272258703e+01
8.330000000000000000e+02 3.876839492231184181e+01
8.340000000000000000e+02 3.799151160138742966e+01
8.350000000000000000e+02 3.719669193938430851e+01
8.360000000000000000e+02 3.638811729692731234e+01
8.370000000000000000e+02 3.557028161499752628e+01
8.380000000000000000e+02 3.474798027609362805e+01
8.390000000000000000e+02 3.392629100014817567e+01
8.400000000000000000e+02 3.311054602019761717e+01
8.410000000000000000e+02 3.230629497833582064e+01
8.420000000000000000e+02 3.151925824417129363e+01
8.430000000000000000e+02 3.075527068440310074e+01
8.440000000000000000e+02 3.002021629636069733e+01
8.450000000000000000e+02 2.931995454737235107e+01
8.460000000000000000e+02 2.866023971618255217e+01
8.470000000000000000e+02 2.804663498693964030e+01
8.480000000000000000e+02 2.748442346836785788e+01
8.490000000000000000e+02 2.697851862238858800e+01
8.500000000000000000e+02 2.653337698018765778e+01
8.510000000000000000e+02 2.615291613995885811e+01
8.520000000000000000e+02 2.584044086673224072e+01
8.530000000000000000e+02 2.559858008533070262e+01
8.540000000000000000e+02 2.542923719682426054e+01
8.550000000000000000e+02 2.533355564615247957e+01
8.560000000000000000e+02 2.531190107861237948e+01
8.570000000000000000e+02 2.536386163848894881e+01
8.580000000000000000e+02 2.548826507558767318e+01
8.590000000000000000e+02 2.568321175682134339e+01
8.600000000000000000e+02 2.594612257972386971e+01
8.610000000000000000e+02 2.627379979197464976e+01
8.620000000000000000e+02 2.666249828385923237e+01
8.630000000000000000e+02 2.710800464161365397e+01
8.640000000000000000e+02 2.760572112802770306e+01
8.650000000000000000e+02 2.815075178685538404e+01
8.660000000000000000e+02 2.873798803302889482e+01
8.670000000000000000e+02 2.936219136670440477e+01
8.680000000000000000e+02 3.001807120617674229e+01
8.690000000000000000e+02 3.070035624133181784e+01
8.700000000000000000e+02 3.140385813534648918e+01
8.710000000000000000e+02 3.212352682106774893e+01
8.720000000000000000e+02 3.285449702816222128e+01
8.730000000000000000e+02 3.359212602170168793e+01
8.740000000000000000e+02 3.433202282226965707e+01
8.750000000000000000e+02 3.507006940718972743e+01
8.760000000000000000e+02 3.580243456201057484e+01
8.770000000000000000e+02 3.652558116441898761e+01
8.780000000000000000e+02 3.723626774530660555e+01
8.790000000000000000e+02 3.793154519131655888e+01
8.800000000000000000e+02 3.860874943806479109e+01
8.810000000000000000e+02 3.926549096149749829e+01
8.820000000000000000e+02 3.989964181417715139e+01
8.830000000000000000e+02 4.050932088041145107e+01
8.840000000000000000e+02 4.109287794481645051e+01
8.850000000000000000e+02 4.164887708771660613e+01
8.860000000000000000e+02 4.217607984133033483e+01
8.870000000000000000e+02 4.267342846553867730e+01
8.880000000000000000e+02 4.314002963291976300e+01
8.890000000000000000e+02 4.357513875070524278e+01
8.900000000000000000e+02 4.397814509282969198e+01
8.910000000000000000e+02 4.434855786835798597e+01
8.920000000000000000e+02 4.468599331298893418e+01
8.930000000000000000e+02 4.499016285759036293e+01
8.940000000000000000e+02 4.526086240116274695e+01
8.950000000000000000e+02 4.549796269458763476e+01
8.960000000000000000e+02 4.570140082527173320e+01
8.970000000000000000e+02 4.587117278063023207e+01
8.980000000000000000e+02 4.600732705961912927e+01
8.990000000000000000e+02 4.610995929558050221e+01
9.000000000000000000e+02 4.617920784996600503e+01
9.010000000000000000e+02 4.621525033453129083e+01
9.020000000000000000e+02 4.621830101891538334e+01
9.030000000000000000e+02 4.618860908073470739e+01
9.040000000000000000e+02 4.612645765609654092e+01
9.050000000000000000e+02 4.603216364947180494e+01
9.060000000000000000e+02 4.590607826290633398e+01
9.070000000000000000e+02 4.574858820537055237e+01
9.080000000000000000e+02 4.556011754345234976e+01
9.090000000000000000e+02 4.534113015441963768e+01
9.100000000000000000e+02 4.509213274176880049e+01
9.110000000000000000e+02 4.481367837160652812e+01
9.120000000000000000e+02 4.450637048547455521e+01
9.130000000000000000e+02 4.417086734144025684e+01
9.140000000000000000e+02 4.380788683036301734e+01
9.150000000000000000e+02 4.341821160818516745e+01
9.160000000000000000e+02 4.300269447786057952e+01
9.170000000000000000e+02 4.256226394616605546e+01
9.180000000000000000e+02 4.209792987120013663e+01
9.190000000000000000e+02 4.161078910598781277e+01
9.200000000000000000e+02 4.110203103245753908e+01
9.210000000000000000e+02 4.057294286837792896e+01
9.220000000000000000e+02 4.002491461796177674e+01
9.230000000000000000e+02 3.945944352517278020e+01
9.240000000000000000e+02 3.887813787775717600e+01
9.250000000000000000e+02 3.828272000028528055e+01
9.260000000000000000e+02 3.767502826662531135e+01
9.270000000000000000e+02 3.705701795703057400e+01
9.280000000000000000e+02 3.643076078316857291e+01
9.290000000000000000e+02 3.579844290673050011e+01
9.300000000000000000e+02 3.516236128457192933e+01
9.310000000000000000e+02 3.452491818633197340e+01
9.320000000000000000e+02 3.388861374988550068e+01
9.330000000000000000e+02 3.325603646622354859e+01
9.340000000000000000e+02 3.262985151877633427e+01
9.350000000000000000e+02 3.201278694276014392e+01
9.360000000000000000e+02 3.140761761753724102e+01
9.370000000000000000e+02 3.081714715853404130e+01
9.380000000000000000e+02 3.024418783380210485e+01
9.390000000000000000e+02 2.969153869235030641e+01
9.400000000000000000e+02 2.916196215490121091e+01
9.410000000000000000e+02 2.865815938042547373e+01
9.420000000000000000e+02 2.818274478109710302e+01
9.430000000000000000e+02 2.773822011133330534e+01
9.440000000000000000e+02 2.732694860058491670e+01
9.450000000000000000e+02 2.695112963177942333e+01
9.460000000000000000e+02 2.661277448544124979e+01
9.470000000000000000e+02 2.631368367163793209e+01
9.480000000000000000e+02 2.605542635677210583e+01
9.490000000000000000e+02 2.583932235944235245e+01
9.500000000000000000e+02 2.566642713953720190e+01
9.510000000000000000e+02 2.553752013873663529e+01
9.520000000000000000e+02 2.545309675088459045e+01
9.530000000000000000e+02 2.541336411022011532e+01
9.540000000000000000e+02 2.541824078780395268e+01
9.550000000000000000e+02 2.546736038563819449e+01
9.560000000000000000e+02 2.556007891811549371e+01
9.570000000000000000e+02 2.569548577562656888e+01
9.580000000000000000e+02 2.587241797916322028e+01
9.590000000000000000e+02 2.608947736079596424e+01
9.600000000000000000e+02 2.634505024549287455e+01
9.610000000000000000e+02 2.663732916656715233e+01
9.620000000000000000e+02 2.696433612090611831e+01
9.630000000000000000e+02 2.732394686099363668e+01
9.640000000000000000e+02 2.771391572773513445e+01
9.650000000000000000e+02 2.813190054970788978e+01
9.660000000000000000e+02 2.857548716860466342e+01
9.670000000000000000e+02 2.904221319489815301e+01
9.680000000000000000e+02 2.952959064948821322e+01
9.690000000000000000e+02 3.003512720363224986e+01
9.700000000000000000e+02 3.055634578826389003e+01
9.710000000000000000e+02 3.109080240253518923e+01
9.720000000000000000e+02 3.163610200805915795e+01
9.730000000000000000e+02 3.218991244824071885e+01
9.740000000000000000e+02 3.274997638000523636e+01
9.750000000000000000e+02 3.331412124729011737e+01
9.760000000000000000e+02 3.388026736136134787e+01
9.770000000000000000e+02 3.444643418218140596e+01
9.780000000000000000e+02 3.501074491777047371e+01
9.790000000000000000e+02 3.557142957511137382e+01
9.800000000000000000e+02 3.612682660713564076e+01
9.810000000000000000e+02 3.667538330628931220e+01
9.820000000000000000e+02 3.721565509679231809e+01
9.830000000000000000e+02 3.774630387567492562e+01
9.840000000000000000e+02 3.826609554767384935e+01
9.850000000000000000e+02 3.877389689177558552e+01
9.860000000000000000e+02 3.926867188819115029e+01
9.870000000000000000e+02 3.974947762438809917e+01
9.880000000000000000e+02 4.021545988795926263e+01
9.890000000000000000e+02 4.066584854296360163e+01
9.900000000000000000e+02 4.109995277527391977e+01
9.910000000000000000e+02 4.151715628165092653e+01
9.920000000000000000e+02 4.191691246694676209e+01
9.930000000000000000e+02 4.229873970415657425e+01
9.940000000000000000e+02 4.266221670308530634e+01
9.950000000000000000e+02 4.300697802523863800e+01
9.960000000000000000e+02 4.333270977519713085e+01
9.970000000000000000e+02 4.363914549220113770e+01
9.980000000000000000e+02 4.392606225992763314e+01
9.990000000000000000e+02 4.419327704745435881e+01
1.000000000000000000e+03 4.444064329011989400e+01
1.001000000000000000e+03 4.466804771536176588e+01
1.002000000000000000e+03 4.487540741557317858e+01
1.003000000000000000e+03 4.506266716751991197e+01
1.004000000000000000e+03 4.522979699582897695e+01
1.005000000000000000e+03 4.537678997644805179e+01
1.006000000000000000e+03 4.550366027472468033e+01
1.007000000000000000e+03 4.561044141181487532e+01
1.008000000000000000e+03 4.569718475244671652e+01
1.009000000000000000e+03 4.576395820660572866e+01
1.010000000000000000e+03 4.581084513742040087e+01
1.011000000000000000e+03 4.583794346738001479e+01
1.012000000000000000e+03 4.584536497497917651e+01
1.013000000000000000e+03 4.583323477392104905e+01
1.014000000000000000e+03 4.580169096710301346e+01
1.015000000000000000e+03 4.575088446772597450e+01
1.016000000000000000e+03 4.568097897999573576e+01
1.017000000000000000e+03 4.559215113199923763e+01
1.018000000000000000e+03 4.548459075342562130e+01
1.019000000000000000e+03 4.535850129084955995e+01
1.020000000000000000e+03 4.521410035328175070e+01
1.021000000000000000e+03 4.505162038062097452e+01
1.022000000000000000e+03 4.487130942748682827e+01
1.023000000000000000e+03 4.467343205468138478e+01
1.024000000000000000e+03 4.445827032019732172e+01
1.025000000000000000e+03 4.422612486127275133e+01
1.026000000000000000e+03 4.397731605846273339e+01
1.027000000000000000e+03 4.371218527207676630e+01
1.028000000000000000e+03 4.343109614059369505e+01
1.029000000000000000e+03 4.313443592983433916e+01
1.030000000000000000e+03 4.282261692073640091e+01
1.031000000000000000e+03 4.249607782254760480e+01
1.032000000000000000e+03 4.215528519713663513e+01
1.033000000000000000e+03 4.180073487893439932e+01
1.034000000000000000e+03 4.143295337377189469e+01
1.035000000000000000e+03 4.105249921858452922e+01
1.036000000000000000e+03 4.065996428265413698e+01
1.037000000000000000e+03 4.025597498975179889e+01
1.038000000000000000e+03 3.984119343928527002e+01
1.039000000000000000e+03 3.941631840336599879e+01
1.040000000000000000e+03 3.898208617562949030e+01
1.041000000000000000e+03 3.853927124672239302e+01
1.042000000000000000e+03 3.808868678064401081e+01
1.043000000000000000e+03 3.763118486566530407e+01
1.044000000000000000e+03 3.716765651336786647e+01
1.045000000000000000e+03 3.669903137954532468e+01
1.046000000000000000e+03 3.622627718128982366e+01
1.047000000000000000e+03 3.575039878565239349e+01
1.048000000000000000e+03 3.527243694681821040e+01
1.049000000000000000e+03 3.479346667084757172e+01
1.050000000000000000e+03 3.431459518973325373e+01
1.051000000000000000e+03 3.383695952981328503e+01
1.052000000000000000e+03 3.336172366351377150e+01
1.053000000000000000e+03 3.289007523792225385e+01
1.054000000000000000e+03 3.242322187883918616e+01
1.055000000000000000e+03 3.196238707464360473e+01
1.056000000000000000e+03 3.150880565051765814e+01
1.057000000000000000e+03 3.106371885018734957e+01
1.058000000000000000e+03 3.062836904928098036e+01
1.059000000000000000e+03 3.020399413155223556e+01
1.060000000000000000e+03 2.979182156640321466e+01
1.061000000000000000e+03 2.939306223324336287e+01
1.062000000000000000e+03 2.900890404503737585e+01
1.063000000000000000e+03 2.864050542975527947e+01
1.064000000000000000e+03 2.828898873415903026e+01
1.065000000000000000e+03 2.795543361924616832e+01
1.066000000000000000e+03 2.764087052055439386e+01
1.067000000000000000e+03 2.734627424925765027e+01
1.068000000000000000e+03 2.707255781138879769e+01
1.069000000000000000e+03 2.682056652253995566e+01
1.070000000000000000e+03 2.659107249389610672e+01
1.071000000000000000e+03 2.638476956245659366e+01
1.072000000000000000e+03 2.620226873377711740e+01
1.073000000000000000e+03 2.604409419957651650e+01
1.074000000000000000e+03 2.591067998521369020e+01
1.075000000000000000e+03 2.580236730309489701e+01
1.076000000000000000e+03 2.571940268052443912e+01
1.077000000000000000e+03 2.566193651964183786e+01
1.078000000000000000e+03 2.563002254647427236e+01
1.079000000000000000e+03 2.562361810173997512e+01
1.080000000000000000e+03 2.564258518667342912e+01
1.081000000000000000e+03 2.568669224521518757e+01
1.082000000000000000e+03 2.575561665326522132e+01
1.083000000000000000e+03 2.584894787571502661e+01
1.084000000000000000e+03 2.596619124295261827e+01
1.085000000000000000e+03 2.610677229066456917e+01
1.086000000000000000e+03 2.627004160018719503e+01
1.087000000000000000e+03 2.645528007149034977e+01
1.088000000000000000e+03 2.666170455717626453e+01
1.089000000000000000e+03 2.688847378365469964e+01
1.090000000000000000e+03 2.713469448489340863e+01
1.091000000000000000e+03 2.739942767477392849e+01
1.092000000000000000e+03 2.768169498600672895e+01
1.093000000000000000e+03 2.798048500665529303e+01
1.094000000000000000e+03 2.829475954942885352e+01
1.095000000000000000e+03 2.862345979387166395e+01
1.096000000000000000e+03 2.896551224722351137e+01
1.097000000000000000e+03 2.931983447587875702e+01
1.098000000000000000e+03 2.968534056585059488e+01
1.099000000000000000e+03 3.006094627730138669e+01
1.100000000000000000e+03 3.044557386485397998e+01
