326	3260
327	3270
328	3280
329	3290
330	3300
331	3310
332	3320
333	3330
334	3340
335	3350
336	3360
337	3370
338	3380
339	3390
340	3400
341	3410
342	3420
343	3430
344	3440
345	3450
346	3460
347	3470
348	3480
349	3490
350	3500
351	3510
352	3520
353	3530
354	3540
355	3550
356	3560
357	3570
358	3580
359	3590
360	3600
361	3610
362	3620
363	3630
364	3640
365	3650
366	3660
367	3670
368	3680
369	3690
370	3700
371	3710
372	3720
373	3730
374	3740
375	3750
376	3760
377	3770
378	3780
379	3790
380	3800
381	3810
382	3820
383	3830
384	3840
385	3850
386	3860
387	3870
388	3880
389	3890
390	3900
391	3910
392	3920
393	3930
394	3940
395	3950
396	3960
397	3970
398	3980
399	3990
400	4000
401	4010
402	4020
403	4030
404	4040
405	4050
406	4060
407	4070
408	4080
409	4090
410	4100
411	4110
412	4120
413	4130
414	4140
415	4150
416	4160
417	4170
418	4180
419	4190
420	4200
421	4210
422	4220
423	4230
424	4240
425	4250
426	4260
427	4270
428	4280
429	4290
430	4300
431	4310
432	4320
433	4330
434	4340
435	4350
436	4360
437	4370
438	4380
439	4390
440	4400
441	4410
442	4420
443	4430
444	4440
445	4450
446	4460
447	4470
448	4480
449	4490
450	4500
451	4510
452	4520
453	4530
454	4540
455	4550
456	4560
457	4570
458	4580
459	4590
460	4600
461	4610
462	4620
463	4630
464	4640
465	4650
466	4660
467	4670
468	4680
469	4690
470	4700
471	4710
472	4720
473	4730
474	4740
475	4750
476	4760
477	4770
478	4780
479	4790
480	4800
481	4810
482	4820
483	4830
484	4840
485	4850
486	4860
487	4870
488	4880
489	4890
490	4900
491	4910
492	4920
493	4930
494	4940
495	4950
496	4960
497	4970
498	4980
499	4990
500	5000
501	5010
502	5020
503	5030
504	5040
505	5050
506	5060
507	5070
508	5080
509	5090
510	5100
511	5110
512	5120
513	5130
514	5140
515	5150
516	5160
517	5170
518	5180
519	5190
520	5200
521	5210
522	5220
523	5230
524	5240
525	5250
526	5260
527	5270
528	5280
529	5290
530	5300
531	5310
532	5320
533	5330
534	5340
535	5350
536	5360
537	5370
538	5380
539	5390
540	5400
541	5410
542	5420
543	5430
544	5440
545	5450
546	5460
547	5470
548	5480
549	5490
550	5500
551	5510
552	5520
553	5530
554	5540
555	5550
556	5560
557	5570
558	5580
559	5590
560	5600
561	5610
562	5620
563	5630
564	5640
565	5650
566	5660
567	5670
568	5680
569	5690
570	5700
571	5710
572	5720
573	5730
574	5740
575	5750
576	5760
577	5770
578	5780
579	5790
580	5800
581	5810
582	5820
583	5830
584	5840
585	5850
586	5860
587	5870
588	5880
589	5890
590	5900
591	5910
592	5920
593	5930
594	5940
595	5950
596	5960
597	5970
598	5980
599	5990
600	6000
