1100.000000	20.497000 
1098.000000	20.010000 
1096.000000	19.321000 
1094.000000	18.899000 
1092.000000	18.410000 
1090.000000	17.642000 
1088.000000	16.874000 
1086.000000	16.131000 
1084.000000	15.342000 
1082.000000	14.759000 
1080.000000	13.833000 
1078.000000	13.026000 
1076.000000	12.316000 
1074.000000	11.579000 
1072.000000	10.863000 
1070.000000	10.163000 
1068.000000	9.750000  
1066.000000	9.170000  
1064.000000	8.724000  
1062.000000	8.369999  
1060.000000	8.118000  
1058.000000	7.931000  
1056.000000	7.864000  
1054.000000	7.980000  
1052.000000	8.268000  
1050.000000	8.554000  
1048.000000	9.049999  
1046.000000	9.634000  
1044.000000	10.225000 
1042.000000	10.989000 
1040.000000	11.778000 
1038.000000	12.621000 
1036.000000	13.473000 
1034.000000	14.333000 
1032.000000	15.157000 
1030.000000	16.101000 
1028.000000	16.990000 
1026.000000	17.752000 
1024.000000	18.568000 
1022.000000	19.243000 
1020.000000	19.902000 
1018.000000	20.508000 
1016.000000	21.006000 
1014.000000	21.388000 
1012.000000	21.735000 
1010.000000	21.991000 
1008.000000	22.149000 
1006.000000	22.192000 
1004.000000	22.130000 
1002.000000	22.011000 
1000.000000	21.802000 
998.000000	 21.482000 
996.000000	 21.087000 
994.000000	 20.593000 
992.000000	 20.006000 
990.000000	 19.335000 
988.000000	 18.610000 
986.000000	 17.760000 
984.000000	 16.901000 
982.000000	 15.949000 
980.000000	 15.005000 
978.000000	 14.017000 
976.000000	 13.038000 
974.000000	 12.007000 
972.000000	 11.013000 
970.000000	 10.099000 
968.000000	 9.225000  
966.000000	 8.458000  
964.000000	 7.820000  
962.000000	 7.342000  
960.000000	 7.002999  
958.000000	 6.875000  
956.000000	 6.920999  
954.000000	 7.141999  
952.000000	 7.495000  
950.000000	 8.051000  
948.000000	 8.705000  
946.000000	 9.528000  
944.000000	 10.413000 
942.000000	 11.372000 
940.000000	 12.370000 
938.000000	 13.391000 
936.000000	 14.407000 
934.000000	 15.343000 
932.000000	 16.260000 
930.000000	 17.117000 
928.000000	 17.884000 
926.000000	 18.549000 
924.000000	 19.135000 
922.000000	 19.616000 
920.000000	 20.006000 
918.000000	 20.278000 
916.000000	 20.426000 
914.000000	 20.434000 
912.000000	 20.215000 
910.000000	 19.926000 
908.000000	 19.478000 
906.000000	 18.734000 
904.000000	 17.892000 
902.000000	 16.921000 
900.000000	 15.888000 
898.000000	 14.702000 
896.000000	 13.471000 
894.000000	 12.213000 
892.000000	 10.933000 
890.000000	 9.679000  
888.000000	 8.461000  
886.000000	 7.356000  
884.000000	 6.380000  
882.000000	 5.585000  
880.000000	 5.070000  
878.000000	 4.798000  
876.000000	 4.824000  
874.000000	 5.113000  
872.000000	 5.648000  
870.000000	 6.446000  
868.000000	 7.430000  
866.000000	 8.579000  
864.000000	 9.815000  
862.000000	 11.131000 
860.000000	 12.450000 
858.000000	 13.697000 
856.000000	 14.894000 
854.000000	 15.960000 
852.000000	 16.918000 
850.000000	 17.689000 
848.000000	 18.252000 
846.000000	 18.618000 
844.000000	 18.773000 
842.000000	 18.705000 
840.000000	 18.413000 
838.000000	 17.887000 
836.000000	 17.171000 
834.000000	 16.253000 
832.000000	 15.145000 
830.000000	 13.883000 
828.000000	 12.476000 
826.000000	 10.997000 
824.000000	 9.507000  
822.000000	 8.060000  
820.000000	 6.731000  
818.000000	 5.605000  
816.000000	 4.766000  
814.000000	 4.260000  
812.000000	 4.147000  
810.000000	 4.362000  
808.000000	 4.971000  
806.000000	 5.949000  
804.000000	 7.187000  
802.000000	 8.730000  
800.000000	 10.408000 
798.000000	 12.122000 
796.000000	 13.820000 
794.000000	 15.437000 
792.000000	 16.851000 
790.000000	 18.091000 
788.000000	 19.037000 
786.000000	 19.752000 
784.000000	 20.211000 
782.000000	 20.373000 
780.000000	 20.214000 
778.000000	 19.802000 
776.000000	 19.068000 
774.000000	 18.065000 
772.000000	 16.796000 
770.000000	 15.317000 
768.000000	 13.667000 
766.000000	 11.945000 
764.000000	 10.220000 
762.000000	 8.677999  
760.000000	 7.392000  
758.000000	 6.483999  
756.000000	 6.062000  
754.000000	 6.215000  
752.000000	 6.969000  
750.000000	 8.196000  
748.000000	 9.872999  
746.000000	 11.840000 
744.000000	 14.005000 
742.000000	 16.158000 
740.000000	 18.243000 
738.000000	 20.134000 
736.000000	 21.727000 
734.000000	 22.991000 
732.000000	 23.897000 
730.000000	 24.384000 
728.000000	 24.467000 
726.000000	 24.141000 
724.000000	 23.395000 
722.000000	 22.228000 
720.000000	 20.702000 
718.000000	 18.855000 
716.000000	 16.747000 
714.000000	 14.524000 
712.000000	 12.353000 
710.000000	 10.403000 
708.000000	 8.851000  
706.000000	 7.920000  
704.000000	 7.743000  
702.000000	 8.372999  
700.000000	 9.756000  
698.000000	 11.733000 
696.000000	 14.101000 
694.000000	 16.608000 
692.000000	 18.986000 
690.000000	 21.165000 
688.000000	 22.921000 
686.000000	 24.233000 
684.000000	 25.037000 
682.000000	 25.280000 
680.000000	 24.980000 
678.000000	 24.085000 
676.000000	 22.675000 
674.000000	 20.702000 
672.000000	 18.327000 
670.000000	 15.580000 
668.000000	 12.751000 
666.000000	 10.072000 
664.000000	 7.946000  
662.000000	 6.607000  
660.000000	 6.300000  
658.000000	 7.041000  
656.000000	 8.696000  
654.000000	 10.984000 
652.000000	 13.611000 
650.000000	 16.236000 
648.000000	 18.539000 
646.000000	 20.351000 
644.000000	 21.546000 
642.000000	 22.009000 
640.000000	 21.728000 
638.000000	 20.654000 
636.000000	 18.842000 
634.000000	 16.381000 
632.000000	 13.446000 
630.000000	 10.327000 
628.000000	 7.442000  
626.000000	 5.242999  
624.000000	 4.080000  
622.000000	 4.247000  
620.000000	 5.712000  
618.000000	 8.173000  
616.000000	 11.113000 
614.000000	 14.209000 
612.000000	 16.873000 
610.000000	 18.890000 
608.000000	 19.986000 
606.000000	 20.110000 
604.000000	 19.228000 
602.000000	 17.379000 
600.000000	 14.741000 
598.000000	 11.601000 
596.000000	 8.407999  
594.000000	 5.755000  
592.000000	 4.367000  
590.000000	 4.658000  
588.000000	 6.706000  
586.000000	 10.080000 
584.000000	 14.085000 
582.000000	 18.003000 
580.000000	 21.132000 
578.000000	 23.225000 
576.000000	 24.068000 
574.000000	 23.557000 
572.000000	 21.814000 
570.000000	 18.842000 
568.000000	 15.131000 
566.000000	 11.227000 
564.000000	 8.045000  
562.000000	 6.673999  
560.000000	 7.666000  
558.000000	 10.892000 
556.000000	 15.603000 
554.000000	 20.413000 
552.000000	 24.502000 
550.000000	 27.218000 
548.000000	 28.286000 
546.000000	 27.678000 
544.000000	 25.377000 
542.000000	 21.494000 
540.000000	 16.612000 
538.000000	 11.711000 
536.000000	 8.228000  
534.000000	 7.608000  
532.000000	 10.197000 
530.000000	 14.904000 
528.000000	 20.205000 
526.000000	 24.593000 
524.000000	 27.280000 
522.000000	 27.819000 
520.000000	 26.148000 
518.000000	 22.278000 
516.000000	 16.755000 
514.000000	 10.729000 
512.000000	 6.374000  
510.000000	 5.609000  
508.000000	 8.802000  
506.000000	 14.283000 
504.000000	 19.662000 
502.000000	 23.353000 
500.000000	 24.572000 
498.000000	 23.075000 
496.000000	 18.903000 
494.000000	 12.797000 
492.000000	 6.823000  
490.000000	 3.994000  
488.000000	 6.220000  
486.000000	 12.215000 
484.000000	 18.739000 
482.000000	 23.303000 
480.000000	 24.782000 
478.000000	 22.834000 
476.000000	 17.780000 
474.000000	 11.084000 
472.000000	 5.694000  
470.000000	 5.825000  
468.000000	 11.863000 
466.000000	 20.014000 
464.000000	 26.373000 
462.000000	 28.971000 
460.000000	 27.208000 
458.000000	 21.312000 
456.000000	 12.941000 
454.000000	 7.002999  
452.000000	 8.574000  
450.000000	 16.785000 
448.000000	 25.306000 
446.000000	 30.050000 
444.000000	 29.766000 
442.000000	 24.362000 
440.000000	 14.983000 
438.000000	 6.805999  
436.000000	 6.946000  
434.000000	 15.343000 
432.000000	 23.930000 
430.000000	 27.189000 
428.000000	 23.893000 
426.000000	 14.912000 
424.000000	 5.616000  
422.000000	 5.171000  
420.000000	 13.943000 
418.000000	 22.563000 
416.000000	 24.636000 
414.000000	 19.042000 
412.000000	 8.770999  
410.000000	 4.352000  
408.000000	 12.846000 
406.000000	 24.503000 
404.000000	 28.381000 
402.000000	 22.281000 
400.000000	 10.916000 
398.000000	 8.704000  
396.000000	 20.595000 
394.000000	 30.486000 
392.000000	 28.556000 
390.000000	 18.059000 
388.000000	 12.659000 
386.000000	 18.745000 
384.000000	 24.923000 
382.000000	 23.489000 
380.000000	 19.836000 
378.000000	 16.995000 
376.000000	 17.752000 
374.000000	 19.950000 
372.000000	 20.593000 
370.000000	 19.287000 
368.000000	 17.821000 
366.000000	 17.732000 
364.000000	 18.664000 
362.000000	 18.901000 
360.000000	 18.192000 
358.000000	 17.591000 
356.000000	 17.577000 
354.000000	 17.614000 
352.000000	 17.793000 
350.000000	 17.398000 
348.000000	 17.161000 
346.000000	 17.085000 
344.000000	 17.105000 
342.000000	 17.025000 
340.000000	 16.877000 
338.000000	 16.614000 
336.000000	 16.573000 
334.000000	 16.859000 
332.000000	 16.662000 
330.000000	 16.681000 
328.000000	 16.195000 
326.000000	 17.425000 
324.000000	 17.354000 
322.000000	 17.217000 
320.000000	 17.183000 
318.000000	 17.125000 
316.000000	 17.131000 
314.000000	 16.996000 
312.000000	 16.937000 
310.000000	 16.929000 
308.000000	 16.869000 
306.000000	 16.845000 
304.000000	 16.781000 
302.000000	 16.727000 
300.000000	 16.719000 
298.000000	 16.605000 
296.000000	 16.573000 
294.000000	 16.573000 
292.000000	 16.512000 
290.000000	 16.469000 
288.000000	 16.399000 
286.000000	 16.394000 
284.000000	 16.366000 
282.000000	 16.403000 
280.000000	 16.332000 
278.000000	 16.290000 
276.000000	 16.271000 
274.000000	 16.216000 
272.000000	 16.209000 
270.000000	 16.117000 
268.000000	 16.135000 
266.000000	 16.079000 
264.000000	 16.021000 
262.000000	 15.967000 
260.000000	 15.962000 
258.000000	 15.909000 
256.000000	 15.897000 
254.000000	 15.876000 
252.000000	 15.882000 
250.000000	 15.869000 
248.000000	 15.851000 
246.000000	 15.850000 
244.000000	 15.830000 
242.000000	 15.811000 
240.000000	 15.808000 
238.000000	 15.804000 
236.000000	 15.826000 
234.000000	 15.780000 
232.000000	 15.780000 
230.000000	 15.767000 
228.000000	 15.764000 
226.000000	 15.794000 
224.000000	 15.811000 
222.000000	 15.904000 
220.000000	 15.972000 
218.000000	 16.055000 
216.000000	 16.104000 
214.000000	 16.207000 
212.000000	 16.295000 
210.000000	 16.399000 
208.000000	 16.500000 
206.000000	 16.632000 
204.000000	 16.737000 
202.000000	 16.876000 
200.000000	 16.979000 

