1100.000000	29.607000 
1098.000000	30.090000 
1096.000000	30.316000 
1094.000000	30.617000 
1092.000000	30.879000 
1090.000000	31.094000 
1088.000000	31.276000 
1086.000000	31.433000 
1084.000000	31.785000 
1082.000000	31.779000 
1080.000000	31.623000 
1078.000000	31.531000 
1076.000000	31.406000 
1074.000000	31.192000 
1072.000000	30.754000 
1070.000000	30.521000 
1068.000000	30.044000 
1066.000000	29.578000 
1064.000000	28.981000 
1062.000000	28.355000 
1060.000000	27.449000 
1058.000000	26.553000 
1056.000000	25.615000 
1054.000000	24.646000 
1052.000000	23.663000 
1050.000000	22.595000 
1048.000000	21.582000 
1046.000000	20.494000 
1044.000000	19.515000 
1042.000000	18.418000 
1040.000000	17.388000 
1038.000000	16.362000 
1036.000000	15.454000 
1034.000000	14.537000 
1032.000000	13.703000 
1030.000000	12.986000 
1028.000000	12.349000 
1026.000000	11.838000 
1024.000000	11.457000 
1022.000000	11.237000 
1020.000000	11.180000 
1018.000000	11.260000 
1016.000000	11.504000 
1014.000000	11.930000 
1012.000000	12.507000 
1010.000000	13.207000 
1008.000000	14.102000 
1006.000000	15.058000 
1004.000000	16.186000 
1002.000000	17.380000 
1000.000000	18.658000 
998.000000	 19.967000 
996.000000	 21.340000 
994.000000	 22.720000 
992.000000	 24.074000 
990.000000	 25.427000 
988.000000	 26.723000 
986.000000	 27.935000 
984.000000	 29.066000 
982.000000	 30.114000 
980.000000	 31.054000 
978.000000	 31.751000 
976.000000	 32.512000 
974.000000	 33.033000 
972.000000	 33.403000 
970.000000	 33.681000 
968.000000	 33.766000 
966.000000	 33.712000 
964.000000	 33.507000 
962.000000	 33.125000 
960.000000	 32.533000 
958.000000	 31.889000 
956.000000	 31.075000 
954.000000	 30.097000 
952.000000	 28.983000 
950.000000	 27.783000 
948.000000	 26.483000 
946.000000	 25.093000 
944.000000	 23.604000 
942.000000	 22.147000 
940.000000	 20.655000 
938.000000	 19.226000 
936.000000	 17.807000 
934.000000	 16.521000 
932.000000	 15.394000 
930.000000	 14.437000 
928.000000	 13.692000 
926.000000	 13.229000 
924.000000	 13.063000 
922.000000	 13.207000 
920.000000	 13.700000 
918.000000	 14.586000 
916.000000	 15.777000 
914.000000	 17.277000 
912.000000	 18.949000 
910.000000	 20.826000 
908.000000	 22.646000 
906.000000	 24.435000 
904.000000	 26.132000 
902.000000	 27.713000 
900.000000	 29.278000 
898.000000	 30.707000 
896.000000	 31.963000 
894.000000	 33.139000 
892.000000	 34.136000 
890.000000	 34.979000 
888.000000	 35.657000 
886.000000	 36.043000 
884.000000	 35.779000 
882.000000	 35.305000 
880.000000	 35.054000 
878.000000	 34.958000 
876.000000	 34.613000 
874.000000	 33.902000 
872.000000	 32.937000 
870.000000	 31.714000 
868.000000	 30.295000 
866.000000	 28.737000 
864.000000	 27.022000 
862.000000	 25.199000 
860.000000	 23.339000 
858.000000	 21.451000 
856.000000	 19.620000 
854.000000	 17.925000 
852.000000	 16.412000 
850.000000	 15.100000 
848.000000	 14.118000 
846.000000	 13.485000 
844.000000	 13.246000 
842.000000	 13.359000 
840.000000	 13.903000 
838.000000	 14.795000 
836.000000	 15.999000 
834.000000	 17.507000 
832.000000	 19.222000 
830.000000	 21.086000 
828.000000	 23.050000 
826.000000	 24.980000 
824.000000	 26.798000 
822.000000	 28.514000 
820.000000	 30.013000 
818.000000	 31.239000 
816.000000	 32.154000 
814.000000	 32.760000 
812.000000	 33.031000 
810.000000	 32.944000 
808.000000	 32.543000 
806.000000	 31.800000 
804.000000	 30.692000 
802.000000	 29.229000 
800.000000	 27.478000 
798.000000	 25.559000 
796.000000	 23.631000 
794.000000	 21.272000 
792.000000	 19.074000 
790.000000	 17.006000 
788.000000	 15.099000 
786.000000	 13.471000 
784.000000	 12.166000 
782.000000	 11.264000 
780.000000	 10.825000 
778.000000	 10.972000 
776.000000	 11.557000 
774.000000	 12.569000 
772.000000	 14.023000 
770.000000	 15.806000 
768.000000	 17.813000 
766.000000	 19.906000 
764.000000	 22.101000 
762.000000	 24.157000 
760.000000	 25.945000 
758.000000	 27.531000 
756.000000	 28.738000 
754.000000	 29.528000 
752.000000	 29.826000 
750.000000	 29.700000 
748.000000	 29.100000 
746.000000	 28.053000 
744.000000	 26.577000 
742.000000	 24.759000 
740.000000	 22.693000 
738.000000	 20.449000 
736.000000	 18.190000 
734.000000	 16.006000 
732.000000	 14.123000 
730.000000	 12.607000 
728.000000	 11.632000 
726.000000	 11.269000 
724.000000	 11.601000 
722.000000	 12.592000 
720.000000	 14.165000 
718.000000	 16.342000 
716.000000	 18.839000 
714.000000	 21.555000 
712.000000	 24.246000 
710.000000	 26.898000 
708.000000	 29.212000 
706.000000	 31.164000 
704.000000	 32.587000 
702.000000	 33.378000 
700.000000	 33.593000 
698.000000	 33.098000 
696.000000	 31.956000 
694.000000	 30.240000 
692.000000	 27.990000 
690.000000	 25.417000 
688.000000	 22.657000 
686.000000	 19.957000 
684.000000	 17.581000 
682.000000	 15.779000 
680.000000	 14.589000 
678.000000	 14.339000 
676.000000	 15.038000 
674.000000	 16.677000 
672.000000	 19.130000 
670.000000	 22.185000 
668.000000	 25.641000 
666.000000	 29.090000 
664.000000	 32.298000 
662.000000	 35.038000 
660.000000	 37.108999 
658.000000	 38.393000 
656.000000	 38.817000 
654.000000	 38.351000 
652.000000	 36.999000 
650.000000	 34.822000 
648.000000	 31.952000 
646.000000	 28.627000 
644.000000	 25.063000 
642.000000	 21.674000 
640.000000	 18.801000 
638.000000	 16.880000 
636.000000	 16.197000 
634.000000	 16.824000 
632.000000	 18.773000 
630.000000	 21.765000 
628.000000	 25.398000 
626.000000	 29.174000 
624.000000	 32.746000 
622.000000	 35.698000 
620.000000	 37.730000 
618.000000	 38.650000 
616.000000	 38.448000 
614.000000	 37.033000 
612.000000	 34.501000 
610.000000	 31.082000 
608.000000	 27.153000 
606.000000	 23.018000 
604.000000	 19.330000 
602.000000	 16.532000 
600.000000	 15.104000 
598.000000	 15.273000 
596.000000	 17.004000 
594.000000	 20.027000 
592.000000	 23.822000 
590.000000	 27.669000 
588.000000	 30.998000 
586.000000	 33.292000 
584.000000	 34.196000 
582.000000	 33.606000 
580.000000	 31.580000 
578.000000	 28.420000 
576.000000	 24.618000 
574.000000	 20.626000 
572.000000	 17.147000 
570.000000	 14.704000 
568.000000	 13.708000 
566.000000	 14.416000 
564.000000	 16.762000 
562.000000	 20.313000 
560.000000	 24.335000 
558.000000	 27.839000 
556.000000	 30.575000 
554.000000	 31.668000 
552.000000	 30.980000 
550.000000	 28.613000 
548.000000	 24.924000 
546.000000	 20.880000 
544.000000	 17.319000 
542.000000	 14.888000 
540.000000	 14.435000 
538.000000	 16.155000 
536.000000	 19.849000 
534.000000	 24.739000 
532.000000	 29.639000 
530.000000	 33.555000 
528.000000	 35.612000 
526.000000	 35.357000 
524.000000	 32.821000 
522.000000	 28.447000 
520.000000	 23.452000 
518.000000	 19.085000 
516.000000	 16.754000 
514.000000	 17.366000 
512.000000	 20.909000 
510.000000	 26.596000 
508.000000	 32.674000 
506.000000	 37.509000 
504.000000	 39.857000 
502.000000	 39.265000 
500.000000	 35.858000 
498.000000	 30.488000 
496.000000	 24.454000 
494.000000	 19.836000 
492.000000	 18.165000 
490.000000	 20.342000 
488.000000	 25.716000 
486.000000	 32.043000 
484.000000	 37.077000 
482.000000	 39.000000 
480.000000	 37.403000 
478.000000	 32.906000 
476.000000	 27.011000 
474.000000	 21.454000 
472.000000	 18.183000 
470.000000	 18.661000 
468.000000	 22.930000 
466.000000	 28.943000 
464.000000	 33.485000 
462.000000	 34.404000 
460.000000	 31.519000 
458.000000	 26.281000 
456.000000	 20.780000 
454.000000	 17.244000 
452.000000	 17.596000 
450.000000	 21.864000 
448.000000	 27.428000 
446.000000	 30.684000 
444.000000	 29.612000 
442.000000	 24.999000 
440.000000	 19.317000 
438.000000	 15.627000 
436.000000	 16.059000 
434.000000	 20.695000 
432.000000	 26.614000 
430.000000	 29.252000 
428.000000	 26.911000 
426.000000	 21.174000 
424.000000	 16.040000 
422.000000	 14.859000 
420.000000	 18.862000 
418.000000	 25.659000 
416.000000	 29.758000 
414.000000	 28.645000 
412.000000	 23.796000 
410.000000	 19.461000 
408.000000	 19.289000 
406.000000	 24.594000 
404.000000	 31.272000 
402.000000	 33.539000 
400.000000	 30.721000 
398.000000	 26.771000 
396.000000	 26.424000 
394.000000	 30.626000 
392.000000	 35.365000 
390.000000	 36.087000 
388.000000	 33.432000 
386.000000	 31.271000 
384.000000	 31.746000 
382.000000	 33.002000 
380.000000	 33.621000 
378.000000	 32.572000 
376.000000	 30.779000 
374.000000	 29.628000 
372.000000	 29.775000 
370.000000	 30.014000 
368.000000	 29.755000 
366.000000	 28.881000 
364.000000	 28.214000 
362.000000	 28.155000 
360.000000	 28.276000 
358.000000	 28.329000 
356.000000	 27.824000 
354.000000	 27.276000 
352.000000	 27.209000 
350.000000	 27.269000 
348.000000	 27.518000 
346.000000	 27.210000 
344.000000	 26.868000 
342.000000	 26.551000 
340.000000	 26.645000 
338.000000	 26.506000 
336.000000	 26.297000 
334.000000	 25.966000 
332.000000	 25.891000 
330.000000	 25.744000 
328.000000	 25.451000 
326.000000	 30.894000 
324.000000	 30.652000 
322.000000	 30.418000 
320.000000	 30.423000 
318.000000	 30.249000 
316.000000	 30.006000 
314.000000	 29.869000 
312.000000	 29.800000 
310.000000	 29.609000 
308.000000	 29.334000 
306.000000	 29.202000 
304.000000	 29.123000 
302.000000	 28.978000 
300.000000	 28.790000 
298.000000	 28.671000 
296.000000	 28.510000 
294.000000	 28.283000 
292.000000	 28.075000 
290.000000	 28.040000 
288.000000	 27.884000 
286.000000	 27.782000 
284.000000	 27.774000 
282.000000	 27.676000 
280.000000	 27.554000 
278.000000	 27.422000 
276.000000	 27.301000 
274.000000	 27.231000 
272.000000	 27.064000 
270.000000	 26.976000 
268.000000	 26.873000 
266.000000	 26.691000 
264.000000	 26.606000 
262.000000	 26.426000 
260.000000	 26.333000 
258.000000	 26.169000 
256.000000	 26.040000 
254.000000	 25.948000 
252.000000	 25.896000 
250.000000	 25.889000 
248.000000	 25.755000 
246.000000	 25.737000 
244.000000	 25.649000 
242.000000	 25.573000 
240.000000	 25.487000 
238.000000	 25.441000 
236.000000	 25.369000 
234.000000	 25.246000 
232.000000	 25.118000 
230.000000	 25.051000 
228.000000	 24.994000 
226.000000	 24.995000 
224.000000	 25.071000 
222.000000	 25.245000 
220.000000	 25.362000 
218.000000	 25.540000 
216.000000	 25.686000 
214.000000	 25.818000 
212.000000	 25.961000 
210.000000	 26.111000 
208.000000	 26.294000 
206.000000	 26.559000 
204.000000	 26.619000 
202.000000	 26.847000 
200.000000	 26.921000 

